100
100
100
100
100
100
100
100
100
100
100
100
79
62.7
59.5
58
64.8
78.5
93.9
100
100
100
100
100
100
100
100
100
100
100
100
100
100
100
100
100
100
98.8
90.9
89.5
91.5
95.6
100
100
100
100
100
100
100
100
100
100
100
100
100
100
100
88.5
89.4
66.8
41.8
37.7
36.5
37.2
39.5
44.8
42.6
41
40.7
52.4
66.4
74.9
86.2
89.7
85.7
88.4
92.8
93.5
92.1
88
90.1
91.1
81.3
57.2
45.5
44.5
43.4
46.3
54.3
70.5
82.6
83.5
87
87.6
87
81.5
84.9
92.2
96.2
99.6
100
100
100
100
100
94.9
84.8
75.1
69.1
66.1
62.5
62.9
65.4
68.3
71.5
78.4
83.2
83.2
83.8
83.7
81.2
81
81.3
80.6
78.5
79.3
82.8
82.1
81.2
85.3
80.9
76.4
74.7
80.1
85.9
89.7
96.6
99.5
100
100
100
100
100
100
100
100
100
100
100
100
100
100
100
100
100
100
100
100
100
100
100
100
100
100
100
100
100
100
100
100
100
100
100
100
100
100
100
100
100
100
100
100
100
100
100
100
100
100
100
100
100
100
100
100
100
100
100
100
100
100
100
100
100
100
100
100
100
100
100
100
100
100
100
100
100
100
100
100
100
100
100
100
100
100
100
100
100
100
100
100
100
100
100
100
100
100
100
100
100
100
100
100
100
100
100
100
100
100
100
100
100
100
100
100
98.8
97.9
87.4
99.5
99.1
100
100
100
100
100
100
100
100
100
100
100
100
100
100
100
100
100
100
100
99.8
92.2
91.2
99.7
100
100
100
100
100
100
100
100
100
100
100
100
100
100
100
100
100
100
100
100
99.8
93.6
93.5
100
100
100
100
100
100
100
100
100
100
100
100
100
100
100
100
100
100
100
100
100
100
100
100
100
100
100
100
100
100
100
100
100
100
100
100
100
100
100
100
100
100
100
100
100
100
100
100
100
100
100
100
100
100
100
100
100
100
100
100
100
100
100
100
100
100
100
99.6
88.5
83.2
77.5
83.3
98.3
100
100
100
100
100
100
100
100
100
100
100
100
100
100
100
100
100
100
100
86.2
79
78.3
83.8
98.1
100
100
100
100
100
100
100
100
100
100
100
100
100
100
100
100
100
100
100
89.8
77.2
77
81.7
98.2
100
100
100
100
100
100
100
100
100
100
100
100
100
100
100
100
100
100
100
100
100
100
100
100
100
100
100
100
100
100
100
100
100
100
100
100
100
100
100
100
96.2
91.1
85
75.1
74.5
72.8
74.3
82.5
92.8
97.8
100
99.8
98
90.9
81
90.3
96
100
100
100
100
100
100
99.1
87.9
71.1
47.4
41.5
43.2
40.3
43.7
52.4
62.9
69.4
79.7
79.7
72.8
63
70.9
70.1
59.8
61.8
73.8
84
81.6
82.3
94.2
89.1
56
47.8
44
41.7
41.4
42.7
43.9
48.5
55.2
58.9
59.1
64.6
60.3
61.7
81.2
91.7
93.8
99.1
100
100
100
100
100
99.6
70.4
58.4
48.1
40
38
38.8
41.1
48.8
55.6
56.7
59.4
76.3
77.2
86.2
92.7
94
92.1
98.8
100
100
100
100
100
99.1
68
46.6
42.1
40.3
34.8
31.7
39.1
52.2
60.4
56.2
51.6
51.2
56.8
73.1
86.1
84.4
52.9
50.5
51.5
56.4
75.3
86.1
92.6
82.8
59.2
53.5
42.9
41.1
47.1
41.6
43.5
49.3
61.7
65.1
70
73
72.6
69.6
77.5
85.2
91.2
98.3
100
100
100
100
100
100
88.6
73.1
69.7
59.3
53.8
50.4
47.3
61.6
73.1
64
58.7
53
59.3
66.7
77.1
82.3
82.3
87.2
94.7
95.4
92.8
88.6
90.1
86.9
82.2
73.7
63.5
53.1
48
46
48.4
60.5
82
92.2
95.2
94.3
89.8
90.1
87.1
86.7
91
90.9
92.2
89.1
87.8
88.8
92.5
90.8
79.7
65.3
56
54.4
58
52.2
51.8
54.3
67.3
78
77.9
79.7
80.2
78
77.5
80
83.2
63
49.4
49.5
47.6
49.9
59
62.8
51.6
44.3
42.1
41
42.8
47.7
49.1
51.7
56.8
64.8
69.6
70.7
77.4
77.1
74.3
73.8
71.4
70.7
74.7
72.7
73.2
79.2
83
80.3
74.5
67.6
71
73.2
78.6
76.4
77.6
83
86.8
89.2
89.5
90.7
92.5
90.8
93.8
97.2
98.2
98.5
100
100
100
100
100
100
100
88.2
65.3
51.6
45.8
51.7
52.1
61.1
82.2
98.2
99.9
100
100
100
100
100
100
100
100
100
100
100
100
100
92.8
71.3
73
71.5
68.7
73.5
72.3
80.6
98.4
100
100
100
100
100
100
100
100
100
100
100
100
100
100
100
100
94.9
73.3
69.7
54.9
47.1
44.6
49.6
71.8
78.5
89.5
100
100
100
100
100
100
100
100
100
100
100
100
100
100
82.6
65.1
53.4
35.6
28.4
28.6
33.2
42.4
49.7
52.1
62.8
70
71.7
84.3
91.3
99.4
100
100
100
100
100
100
93.8
73.2
61.8
42.2
34.1
33.3
32.5
35
42
54.6
64.3
74.4
82.7
79.8
83.8
83.3
86.7
90.1
91.2
92.2
92.1
93
91.9
93.6
82
66.9
53.3
38.5
35.4
33.4
32.5
35.2
43.4
65.4
78.3
87.6
93.9
99.6
100
100
100
100
100
100
100
100
100
100
98.7
75.5
50.3
45.4
42.8
38.6
37.1
37.5
41.4
63.7
88.1
97.2
100
100
100
99.9
100
100
100
100
100
100
100
100
94.7
59
48.1
44.4
40.5
32.5
33.1
35
40.4
62.7
83.3
96.6
99.8
100
100
100
100
100
100
100
100
100
100
98
84.8
58.7
53.2
50.9
48.3
44.1
41.6
42.6
48.1
64.4
86.4
86.2
87.2
86.9
92.5
100
100
100
100
100
100
100
100
100
100
96.8
63.7
51.1
45.1
42.7
38.5
38.3
41.7
54.1
64.5
73.8
84
89.6
94.5
99
100
100
100
100
100
100
100
100
100
76.1
51.5
47.8
39.7
38.3
39.6
40.9
46.5
64.6
84.2
95.6
100
100
100
100
90.1
70.2
76.2
67.2
64.3
62.5
62.3
63.1
58.1
53.2
51.5
50
46.1
43.6
42.4
44.4
49.5
60
64.4
60.1
62.3
62.7
61.5
62.5
62.5
62.3
62.1
60.3
60.6
60.5
58.1
57.4
82.3
79.6
68.9
59.1
48.9
42.6
42.4
42.9
46.8
59.1
69.9
65.3
60.5
57.7
56.8
58
60.2
58.3
60
66.8
69.5
73.8
72.1
69.4
74.6
79
81.1
79
73.2
83
88.7
90.5
91.6
97.4
100
100
100
100
100
100
100
100
100
100
100
100
100
100
100
95.7
89.1
86.5
81.2
84.8
81.2
83.7
85.6
93.1
99.5
100
99.6
100
100
100
100
100
100
100
100
100
100
100
99.9
84.8
80.5
81.4
80.4
72.6
76.2
84
86.8
96
94.6
85.3
88.4
87.7
87
89.5
100
100
99.7
94.3
94.7
92.7
88.5
87.2
85.8
84.7
83.3
84.7
86.5
90.5
91.9
94.5
93.5
91.8
80.9
90.2
100
100
100
100
100
100
100
100
100
99.5
100
100
100
100
96.4
83.2
82.7
82.3
80.3
82.8
78.5
75.9
84.3
93.3
99.9
100
100
100
100
100
100
100
100
100
100
100
100
84.2
74.3
57.5
52.1
51.9
49.1
47.2
51.1
61.2
68.6
84
99.1
100
100
100
100
100
100
100
100
84.7
66.3
80.8
58.7
47.7
43.8
44.5
39.7
38
32.4
36
44.3
53.8
71.4
80.6
86.3
91.5
78.8
67.5
65.4
64.2
64.6
65.3
64.5
72.5
81.9
84
64.2
55.3
57.3
60.8
62.4
63.4
70.8
75.4
78.8
82
79.5
76.9
71.6
69.7
69.7
77.8
71.5
73.8
87.3
90.1
92.1
85.8
82.2
80.7
77.2
75.2
68.9
68.5
70.6
70.7
68.1
70.4
71.5
75.3
81.3
80.8
76.5
65.1
61.1
68.4
77.1
73
68
66.3
68.6
72.1
70.4
58.8
54.3
57
60.8
59.2
57
50.7
46.9
50.9
54.5
58.1
63.3
59.1
56.9
57
64.7
67.2
77.8
84.5
86.8
89.5
75.6
74.7
79.3
80.5
70.4
59.6
48.6
46.6
44.8
41.5
39.4
38.1
39.4
48.6
59
68.9
72.6
67
59.3
55.5
58
71.5
70.8
78
79.8
83.8
88.1
83.6
51.6
44.9
41.7
42.4
39.5
37.8
38.3
38.5
41
47.4
55.2
59.8
67.4
68.8
72.8
82.6
86.9
88.2
87
89.6
95.1
95.6
97.7
94.1
67
57.7
48.7
32.9
29.7
28.2
28
29.7
31.3
35.5
36.7
37.1
39.7
39.9
39.2
51.6
60.3
64.1
65.3
71.2
72.5
82.3
87.7
89.1
56.4
42.9
42
40.6
38.3
34.6
32.2
31.8
34.6
41.3
47.1
51.6
57.8
56.9
57.3
57.4
56.4
56.6
56
73.6
91.1
96.5
99.9
100
100
100
100
100
100
98.7
96.9
99.4
100
100
100
100
100
100
100
100
100
100
100
100
100
100
100
100
100
100
99
90.7
84.1
76.9
70
79.8
93.1
98.6
100
100
100
100
100
100
100
100
100
100
98.7
100
100
100
98.5
79.3
65.7
67.4
71
73.9
70.3
68.3
66.8
65.7
64.7
62.8
64.5
60.9
55
54.1
58.7
58.5
60.9
63.1
65.3
64.1
63.4
63.5
55.9
53.5
41.9
38.4
35.5
40.9
46.8
40.5
51.9
65.6
66
58
59.2
72.3
80
86.8
95.8
99.8
100
96.4
78.8
80.5
84.1
84.2
81.9
84.4
88.6
79.8
77.5
80.8
84.8
87.9
92.8
97.6
100
100
100
100
100
100
100
100
100
100
100
100
100
100
96.1
69.2
69.2
65.3
64.8
66.3
66.9
67.6
70.4
75.6
79.8
87.4
97.9
99.6
98.7
100
100
100
94.2
85
84.2
91.8
93.6
74.2
66.6
58.3
68.5
59.5
60
58.3
59.4
62.2
66.5
70.9
79
91.2
89.2
98.1
100
100
100
100
100
100
100
100
100
100
91.6
51.5
43.9
43.9
41.9
35.4
32.3
34.9
37.7
47.8
66.5
64.5
51
47.5
46.3
43.1
45.3
45.8
40.4
37.9
37.5
37.4
38.4
39.5
40.1
36.8
33.5
30.8
30.3
30.6
31.3
30.9
32
35.7
49
56.8
64.1
65.6
66.6
61.6
62.8
63
64.6
64.3
66.9
43.6
43.8
44.1
38.6
34.9
34.6
34.2
33
32.4
31.9
32.6
33.8
39.4
49.3
58.6
64.5
71.7
80.4
85.7
87.9
92
92.1
95.5
96.2
98
99.9
92.6
53
44
41.8
40.4
39
36.8
36.3
36.2
37.2
42.5
49
53.8
66.8
74.9
80.4
83.7
84.4
88.1
91.3
94.4
98.3
99.8
100
92
64.8
49.3
45.4
42.2
40.5
38.4
37.4
38
38.7
40.7
50.7
59.4
66
71.4
73.7
81.8
88.3
90.2
93.6
97.9
100
100
100
93.5
69
63.4
59.9
59.3
53.7
50.7
48.4
50.1
50.7
55.7
59.6
61.7
67
71.9
70.2
64.8
62
61.2
60.1
59.2
57
55
54
57
67.2
64.2
56.3
46.4
44.5
43.8
43.9
45.6
49.1
50.3
50.4
48.5
49
56
62.3
61.3
62.1
62.5
69
85.8
86.1
81.1
74.1
54.6
55
50.2
57.5
59.3
63.8
66.5
63.1
57.1
53.7
65.3
84.9
87.8
80.2
73.6
77.2
98.6
100
100
100
100
100
100
100
100
100
99.9
86.3
75
71.5
69.7
62.7
66.7
70.6
75
81.5
92.1
97.5
100
95.6
97.8
100
100
100
100
100
100
100
100
94.9
79.3
77.2
75.5
67.6
62.5
63.9
70.3
83.8
93.2
94.3
84.3
77.7
87.8
90.2
84.1
91.4
96.6
91.5
81.2
73.6
81
82.4
82.4
78.5
80.8
87
88.7
88
77
60.4
54.3
64.6
71.9
93
100
100
100
100
100
100
100
100
100
100
99.5
96.3
79.7
81.7
99.9
100
89.1
79
72.6
71.1
73.6
79.8
90.9
99.6
100
100
100
100
100
100
100
100
100
100
100
100
100
100
90.4
88.4
77.3
66.5
61.1
53.5
50
55
62.2
68.5
68.8
79.6
99
100
100
100
100
100
100
100
98.1
93.3
86.7
74.7
52.8
44.1
40.6
40.2
40.3
48.8
69.4
84.3
66.9
77
85.5
86.6
80.9
75.8
74.9
79.5
75.1
67.5
70.5
80.2
72.5
62.2
51.1
42
40.8
41.3
39.2
39.7
37.1
35.1
36
36.7
40.2
44.9
47.1
45
40.2
34.4
27.9
28.1
38.5
38.4
41.2
39.9
41.4
41.8
39
35.1
35.7
35.5
34.5
33.1
30.6
30
30.3
28.9
30.6
38.6
50.5
53.8
49.5
59
64.9
72.5
68.5
77.9
82.8
87.8
89.1
89.5
72.7
40.1
36.3
35.6
37.1
36.2
34.7
33.2
31.5
31.5
35.7
42
50.1
54
64
76
85
86.1
86.3
91.9
96.3
98.1
99.9
100
81.7
44.6
37.9
37
34.5
27.9
25.4
23.4
23.3
24
28.1
39.6
50.1
55.6
59.3
65.2
70.7
73.4
79.3
85
88.9
92.3
95.7
95.2
73.4
48.8
37.6
35.2
32.9
32.8
32.5
30.2
28.8
27.2
29
41.9
50.1
57
64.9
70.5
78.1
82.4
84.6
86.5
90.7
95.4
97.1
94.5
74.5
46.8
40.8
35.6
32.6
24.6
23.4
23.5
23.3
23.3
29.7
37.4
35.3
31.1
34
39
44.8
46
47.4
50.6
53.9
55.8
57.2
57.7
54.8
50.7
47.8
46.6
45.3
44.2
42.8
39.8
40.5
42
44.2
50.3
54.8
57.6
57.9
58.6
56.6
54.8
55.3
55.9
57.4
58.9
64.3
72.5
73.8
63.2
52.9
49.6
51.2
48.9
52
54
50.8
55.8
56.4
57.3
61
77.3
99.7
100
100
100
100
100
100
100
100
100
97.1
88.8
82.8
71.6
61.6
55.8
51.7
63
66
69.8
71.5
83.4
93.6
94.2
89.4
90.1
87.5
92.8
99.7
99.8
100
100
100
100
99.4
77.3
70.9
64.6
49.9
43.6
42.4
77.5
75.1
49.5
43.1
62.5
84.6
92.5
98.2
100
100
100
100
100
100
100
100
100
81.5
56
46
40.4
34.6
33
31
29.8
29.5
31
36.7
46.8
53.5
55.9
60.4
63.6
71.6
89.8
95.8
99.5
100
100
100
100
82.1
56
45
47.1
44.6
42.5
38
36.5
34.3
34.5
37
41.6
47.8
55.1
54.4
51.9
70.7
78.2
84
83.3
89
93.3
93.3
96.3
73.3
43.1
37.8
38
37
36.1
33
28.5
25
23.8
27
42.3
51.9
59.6
65.3
71.8
74.2
52.9
47.8
48.9
52
62.9
71.4
76.8
60.1
47.1
36.8
36.4
35.2
35.6
33.6
31.5
31.3
30.9
36.1
47.9
59.1
64.9
77.3
83.8
89
90.6
92.7
97
98.6
100
100
100
79.4
56.5
47.7
42.6
40.9
38.9
36
33.7
30.6
27.7
32.7
41.5
48
56.7
65.7
72
75.8
82.8
86.1
92.4
91.3
93.3
96.6
94.7
74.2
50.1
45.9
46.4
45.7
43
40.6
41.6
40.8
42.8
45
49
46.9
57
67.5
67
62.6
59.6
53.1
44.6
62.8
70.3
82.8
90.5
56.9
47.6
45.4
44
40.8
35.6
30
26.3
24.9
24.6
30.4
42.9
52.4
51
49
56.7
64.5
67.9
69.5
68.3
67.1
65.8
66.8
66.1
49.8
42.8
37.6
33
27.9
25.6
23.9
23.7
23.7
23.7
24.8
37
48.4
54
58.5
61.5
65.8
66.6
66.8
73.4
81.1
85.5
91.1
84.5
56.2
41.3
36.1
34.2
31.9
29.9
25.6
24.4
24.8
24.2
24
28.7
28.9
30.4
33.1
42.2
50.9
59.3
62.1
66.8
74.5
78.5
78.7
80.9
57.5
41.9
30.9
28.2
25.4
23.8
19.2
21.1
20.8
22.4
23.9
35.9
45.6
48.9
57.6
63.6
66.8
74.4
75.2
83
83.5
85.2
84
74
48.5
32.6
24.8
22.6
16.6
18.4
18.3
19
19.5
12.7
10
12.3
20.4
14.8
18.4
27.2
32
35.9
38.7
35.3
17.7
19.8
22.7
23.8
24.3
23.3
23.3
23.7
23.7
23.7
23.6
22.9
21.6
22.1
23.3
33.3
46.9
52
51.6
39.3
34.6
34.6
23.4
27.7
39.6
46.5
53.8
54.4
37.1
24.1
22.8
23.1
23.4
23
23.4
23
22.6
23.2
23.7
32.6
44.6
49.3
55.5
58.4
59.9
59.2
62.6
65.8
68.8
74.7
77.7
76.3
51.8
39.5
35.2
32.1
30.3
28.4
27.9
24.6
24.3
23.3
23.7
33.4
41.8
34.5
25.8
36.7
36.8
59.4
65.8
82.1
86.5
79.6
76.3
81.1
72.1
58.8
50.9
53.5
46.6
35.1
23.7
22.2
17
12.4
16.6
22.9
20.4
16.1
13.8
21.2
24.3
29.8
37.1
42
43.2
45.3
47.8
44.2
33.5
28.3
24.4
21
22.1
23.7
23.2
29.9
29.4
30.5
34
44.9
53.1
56.6
61
61
59.8
60.2
61.1
66.5
73.8
81.6
83.1
78.9
67
49.7
41.4
28.9
28.9
25.8
24.7
25.2
37.3
41.8
46.5
49.9
50.5
57.5
61
63.9
65.3
67.4
71.2
79
83.1
82.3
84.4
74.8
53.3
31.7
28.2
27.6
29.4
27.9
27.6
26
26.7
27
29.8
32.7
34.1
32.8
30.4
33.9
35
32
33.4
34.4
37.6
44.3
48.5
50.5
32.1
25.9
26.9
26.6
25.7
24
23.4
23.4
23.4
23.3
23.5
31.8
42.2
41
35.5
37.3
48.5
50.8
49
56
61.8
66
69.9
63.8
39.6
30.8
28
24.5
24.1
23.5
23.3
23.4
23.3
23.5
26.3
32.9
44.4
50.4
52.6
57.2
53.5
60.7
69
80.3
81.8
81.4
78.5
68
40
30.6
27.8
24.3
23.4
23.6
23.6
23.7
23.7
23.3
24.3
32.9
45.9
53.3
36.5
30.4
40.4
52.6
58
62
64.6
59.3
60.5
56
39.1
33.9
30.7
24.3
23.6
23.7
23.7
23.7
23.7
23.7
23.5
29.3
39.6
46.5
52
55
59.8
63.2
66.5
73
81.5
84.8
84.4
75.3
46.8
38.5
32.5
29.2
25.5
23.9
23.7
23.6
22.1
16.6
19.6
26.2
28.9
30.8
37.1
43.4
42.8
46.7
58.4
67.8
80.7
84.7
90.3
75.7
51.2
44.3
40.5
34.6
30.7
30.1
26.1
23.8
23.7
23.7
23.9
29.1
32
37.6
40.5
43.4
45.3
50.1
59.4
62.5
62.3
65.3
64.5
61.8
63.8
64.5
60.1
61.6
58.1
46.7
37.9
39.2
37.7
40.8
44.5
51.8
71.5
74.2
78.3
88.6
89
81.8
90.2
97.1
100
100
100
95.3
65.4
56.7
54.9
52.9
51.7
44.3
36.7
33.8
34.6
35.7
39.4
47.1
48.2
48.9
51.5
56.6
60.5
62.9
65
78.1
91.3
97.9
99.2
83.2
63
58.9
49.3
45.4
45.9
44
42.8
44.7
43.4
42.2
43.2
49.4
58
64.7
59.3
50.6
53.7
63.1
77
88.2
81.8
74.2
80
77.3
53.3
43.6
42.1
40.5
39
35.9
36.1
33.1
42.8
82.7
89.7
62.4
52.5
51.3
52.8
55.9
72.8
88.9
73.4
87.6
96.3
100
100
98.5
85.3
81.8
69.7
56.4
40.9
36
32.8
37.3
37.8
32.3
31.6
42.1
41.4
43.3
49
49.5
52
53.3
62.7
81.1
92.7
85.8
84.6
84.1
65.3
49
49.5
48.8
45.7
42.3
42.7
41.5
43.7
43.4
42.1
50.2
61.4
64.3
58.2
55.3
72.8
66
56.4
62.6
69.4
80.8
86.6
79.7
64.7
59.1
52
69.4
51.5
46.8
43
39
37.2
46
52.9
55
54.8
56.4
61
92.7
95.3
100
100
100
100
100
100
99.9
85
57.6
47.4
45.5
45.4
42.9
41.1
36.4
39.6
39.6
48.2
54.3
53.5
57.5
76.6
85.3
89
91.5
94.5
96.4
96.1
99.6
100
82.3
52.4
46.3
45
43.3
41.5
39.6
36.6
36
34
51.1
53.8
63.1
72.7
83.7
88.7
93.8
95
96.7
74.3
54.3
67.3
81.6
90
73.1
61.6
49.6
40.5
39.7
39.2
37.2
35.9
35.3
37.3
41.1
43
53.9
68.9
57.6
54.7
50.9
47.2
48.8
73.4
85.4
93
93
92.3
68.3
55.9
58.5
53.1
47.6
47.8
45.8
44.5
41.8
40.6
41.2
43
46.3
55.6
66.1
68.1
56.6
48.9
56.1
58.8
57.8
67.8
80.3
79.2
69
63.2
55.3
45.8
43.4
39.9
37.9
38.6
40
45.4
42.2
44.2
50.3
55.5
62.6
65.8
64.2
61.6
53.4
37.4
40.4
44
48.3
45.6
41.3
NA
NA
NA
NA
NA
NA
NA
NA
NA
NA
36
37.2
43
47.8
49.5
49
48.7
46.7
47.5
50
52.2
48.2
60.7
69.8
68.3
48.7
30.7
27.8
26
26.5
25.5
24.5
23.8
23.5
23.7
27
41.8
52
58.7
61.3
67
71.7
75.5
81.3
84.3
86.3
87.7
82.8
55.8
42.8
39.8
37.5
35.2
32.3
30.2
30
28.3
25.2
26.3
30.7
41.2
42.3
42.7
43.3
53.2
62.5
68.8
74
77.7
79.8
83
78.8
56.2
45
42.2
36.7
35.3
33.3
32.2
30.3
29.3
28.3
28.8
30.8
37.5
53
54
51.2
52.8
56.2
54.2
51.3
48.8
56.3
53.3
51.7
49.8
48.3
45.7
36.7
33.2
32.3
30
28.5
27.5
27
28
33
48
55
54.5
56.3
60.8
62.5
67.5
71.8
75.5
74.5
77
67.5
48.5
37
29.8
28.2
27.2
27
26.5
26.5
26.3
27.2
28.7
30.3
39.5
44
47.2
54
61.5
68.2
69.2
71.5
73.8
77.3
77
71.2
48
41
36.5
33.2
32.8
32.5
32
31.7
30.8
29.2
30.7
33.2
42.2
48.8
54.3
64.3
65
67.3
71.5
74
76.2
77.5
78.7
77
65
47.7
45.5
38.5
32.2
29.5
29
25.7
25.3
27
29.3
32.3
38.8
43.5
49.7
52.5
57
62.3
68.5
69.8
52
45.2
52.2
50.2
48
46.3
40.7
34.3
31.5
30.5
30.3
29.7
30.7
31.8
32.3
33.5
38.5
38.2
37.2
38.5
38.2
40.2
39.7
41.2
52.7
59.8
63.5
62.2
51.2
47.7
47
43.8
44
44.7
40.8
41.7
38.2
37.3
39.3
42.5
52.8
83.3
87
88.7
87
70.2
66
73.7
77.3
83.2
89.8
89.7
79
77
86.8
83
74.5
66.7
63.7
66.2
84.8
77.3
79.2
77.2
82.7
89.5
89
91.7
92
86.2
79.8
80.8
88.5
92.8
94
88
63
54.3
48.5
44.8
39.3
39
38.5
38.3
40.8
39.5
38.5
44.8
55.8
65.2
69.2
46.5
47.8
41
34.8
39.7
54.2
71
68.7
35.3
33.8
33.5
32.2
33
33
31
32
31.2
31.3
32
35.3
45
49
57.2
57
43.3
50.3
49.7
53.5
64.7
69.3
71.3
74
70.5
59.2
43.7
36.8
35.7
35.8
35.3
33.2
33
32.3
32.8
35.2
39.8
52.3
51.8
48
57.7
64.8
70.7
74.3
74
77.5
79.5
83
75.5
54.2
44
40.8
39.3
37.5
33.7
30.8
28
28.2
26.7
27.2
35.2
49.7
55.8
62.7
67.2
69.5
72.5
74.3
76.3
80.7
82.7
84
73
51.8
42
37.7
35
32.8
29
28.3
25.7
25.7
24.7
27.5
41.8
48.2
52.7
57
63.3
64.8
67
69.2
72.3
75.5
80.3
81.8
72.8
54.7
42.5
37.7
35.7
36.3
33.8
37.2
39.3
37.5
38.2
40.5
42.2
55.3
61.7
63.2
66.8
54.5
42.7
41.7
55.8
64.5
70.8
75
66.3
51.8
44.8
38.8
38.2
36.7
34.2
34
32.3
31.5
31.5
37.2
42.3
48
53.7
55.2
58
64
68.3
68.8
71
74
75.2
75.8
66.2
48.3
35.3
35.5
31.5
28.5
29
29.2
27.2
27.8
28
27.5
34
41.8
45.3
49.2
50.5
56.3
60.8
63.5
62
65.5
64.2
45
48.5
46.5
39
38.5
36.5
34.7
34
33.5
32.2
32.2
34
39.8
43.8
44.8
54.8
62.4
67.5
70.5
71
75.3
77.7
75.7
64.8
50
52
48.2
43.5
40.2
35
30.7
27.5
26.2
38.2
38.3
35.8
43.2
45
55.5
55.5
59.8
64.5
67.3
70.5
49.3
47.8
52
50.5
49.8
46.5
45.5
45
40.7
39.5
37.3
33.2
33
33.8
32.5
31
31.5
35.3
46.2
53.2
49.7
47.5
51.7
53.3
54.7
54.8
53.3
52.2
50
48.8
50
50
51.8
57
59.7
69.8
79.7
60.3
50.5
52
61
67.5
66.8
69.7
79.8
68.3
55
63.2
66.8
77.5
82
86.7
90
73.8
55.8
46.7
44
45
44
41
39
36.2
35
33.3
32.5
35.7
49.7
61.7
69
67
58.3
58
58
58.7
55.3
48.2
46.5
43.8
42.2
39.2
36.5
37.7
37.7
38.3
37.5
37.3
36.2
37.3
37.3
39
49.7
57.5
64.8
71
75.7
78.5
82
84.3
86.3
88.7
87.3
72.8
51.7
42.5
38.7
35.2
33.8
33.2
33.8
32.2
30.7
31.2
32.3
37.3
47
58.2
57.3
45.5
39.2
49.7
65.3
70.2
73.2
74.7
73.2
65.2
54.7
50.8
45
38.7
35.2
34.7
33.3
33
32
36.5
52.2
50.2
49.5
52.8
54.7
59
65.7
67.8
68
66
72
84.8
92.3
93.2
86.2
79.8
77.3
69.5
54.7
47.8
48.3
50.3
50.2
48.5
55.8
64.5
69
77.2
79.5
79.8
82.2
87.7
87.8
80.8
82.5
83.7
81.2
75.7
66
65
66
55.7
53.5
62.2
61.5
51.5
47.8
43.8
43.3
46.7
62.5
70.8
76.2
80
79.7
78.2
88.8
91.7
94.8
97
98.3
95.3
78
60.5
52.2
50.8
47.7
48.5
48.2
46
47.2
55.3
66.7
76.7
79.5
78.8
81.7
86.5
82.8
86.2
87.8
76.7
72.5
73.8
81.5
78
73.5
67
62.7
58.7
54.3
55.7
56.3
49
58.3
68.3
78.3
83.7
83.7
90.2
93.7
95.3
95
95.2
97
97.5
97
97.7
98.2
84.7
67.8
64.5
56
55
54.2
52.3
59.5
65.7
92
96.3
86.5
78.8
86.3
87.2
84.3
94.7
95
93.3
96.5
97.7
98
98.7
99.3
94
76.8
67.7
68
74.5
86.2
75
63.2
62.8
55.2
52.8
54.2
60.3
61.2
67.7
68.5
68.7
74.7
88.5
92.8
95.2
95
93
91.7
81.8
75.3
63.2
62.5
72.8
80
85
88.7
92.8
90.7
89.2
91
93.8
95.5
97.3
98
99
99
99
99.5
100
99.8
99
99.7
99.3
85.3
74.2
73.3
66.3
60.5
61.8
59.2
49.5
52.5
47.7
55.7
63.3
74.3
89.2
94.5
96.2
97.3
98
98
98
98.8
99.2
99.2
99.2
95.8
87.3
83.7
72.2
65
62.3
62.7
56.3
51
51.2
48.5
58.5
66.2
76
80
82.3
80.8
77
75.7
83.5
86.8
89
88.5
83.7
75.5
71.7
70
61.8
58
57.7
59.3
58.8
62.7
59.3
54.8
70.7
77
81
85
89.3
91.7
94
92.5
79.3
77
84.7
88.8
89
81.5
69.7
62.2
54.3
53
55.2
72.5
73
58.2
51.5
54
62.2
72.3
83.3
86.8
88.3
91.8
94.2
94.2
94.3
94.5
96.5
97
83.2
66.2
62
59.3
50.5
46.5
47.2
48.8
63.8
68
63.7
56.3
59.8
78.3
81.7
82.2
85.5
89.7
91.5
92.3
92.8
91.7
90.8
89.5
85.8
84.5
83.3
84.3
82.2
84
79.2
71.3
65.8
58.7
56.8
59.5
82.3
87.8
89.7
93.3
96
97.3
97.8
98.7
99
99.8
100
100
99
72.3
64.2
58.5
51.7
46.8
45.3
47
46.3
48.8
45.7
43.8
46.5
60
73.5
76.7
79.2
81.8
84.7
86.2
89
91.7
94.2
96.8
83.5
63.8
54.7
51.2
50.2
48.3
45.3
43.3
41
40.5
40
40.2
42.5
57
70.5
76.5
79.3
80.8
83.5
84.2
81.3
85.8
88
88.8
75.3
57
45.3
40.3
39.3
40.3
42.2
42.2
40
39.3
34.8
40
46.2
60.4
64.7
75.6
83.7
86.8
84.7
85.3
84
82.7
86.7
90.2
82.7
72.2
64.8
60
58.5
57
55
52.8
54.3
52.8
53.2
58
59.3
60
61.3
59
55.5
54.2
52.2
52
53.3
52.7
53.2
52.5
51.2
49.8
48.5
50
50.3
49
47.8
46
45.8
46.5
51
71.3
69.5
65.3
69.5
77.2
71.7
70.8
66.5
71.8
78.5
82.8
87.3
86.2
71
60.2
59
60.3
55.8
51
47
42.3
32.3
27
23.3
27.7
52.8
56.3
58.2
57.8
56.3
55
53.5
61
74.5
83.3
84.8
84.8
74.8
62.5
52
47.8
44.3
44.8
47.5
43.3
40.8
39.2
38.3
39.5
41.8
50.7
64.8
73.5
76.3
79.5
78.8
81.3
75.7
64.3
77.2
84.3
75
59.3
53.8
50.8
48.3
47.5
45.3
43
42.3
41.5
40.8
43
45.5
53.8
67.7
75.3
77
75.8
68
67.5
74.3
82
86.2
88
74.7
61.5
56.3
51.5
52.5
51.2
53.2
51
51.3
50.2
47.8
52.5
57.5
60.8
69.8
75
75
77.2
75.7
82.3
85.2
86.7
87.5
87.5
80.3
67.7
65.3
62.8
61.8
62.5
56.2
58.8
61.5
62.2
62.3
55.8
59
63.2
74.7
83.8
86.7
91.5
94
96.2
97.3
98
98.8
98.2
83.7
72.2
59.8
53.2
53
47.8
46.5
45.2
45
43
53.7
55.2
56.8
58
57.7
56.7
55.5
55.8
58.2
59
62.3
72.8
80.2
76.8
63.7
49.8
37.8
33.8
34.2
33.5
35.2
34.7
33.3
33.8
34.5
35.8
37.3
46.2
60.2
64.8
68.7
65.3
52.3
42.8
37.8
35.5
33.5
34.8
33.5
32.5
31.3
32.2
32.2
34.3
34
35
36.2
36.8
37.7
NA
40.2
47.5
50
46.2
46.8
51
45.8
46.5
47
51.8
67.3
75.8
64.7
51.8
46.2
45.7
43.7
43
41.8
41.7
41.2
40.7
40.8
41.3
43.5
51.5
65.8
72.5
75.8
76.5
64
62.7
74.2
81
85.5
86.5
73.7
56.5
49.3
48.7
48.2
48.2
47.7
46.8
46
46.5
46
46.8
49
57.2
69.3
75.5
75.8
64.3
59.5
56.2
55.3
56
58
59
60.7
63.8
59
54.3
50
46.3
44.8
44.8
43.7
44.3
45.2
49.2
55
61.8
69.2
88
93.8
83.3
89.8
94.5
93.8
94.7
96.3
94.2
85.5
74.5
74
62.2
56.7
51.8
46.8
46.7
47.5
48
52.3
58.7
57.2
59.7
66.3
76.2
82.3
82.2
71.2
42.2
43
49
38.8
56.3
63.3
42.7
41.5
36.8
38.8
36.8
42.7
39.8
39.3
42.8
46.5
47.7
49.8
53.8
55.8
49.8
49.2
53.8
45.3
36
36.3
35
40.5
51.5
49.2
41.3
32.2
31.2
30.5
30.3
31.2
30
29.7
30.3
30.5
31.2
32.7
38.2
40.3
40
40.3
39.2
39.5
43.5
60.5
64.7
68.2
72.8
58.8
42
34.3
30
31.2
34.2
35.3
36.2
34.8
34.3
36.3
38.3
40.3
45.7
50
52.5
64.3
69.7
73
77.5
79.3
83.5
86.7
85.8
70
54.5
51.2
49.2
48.2
46.3
47
45.7
44.2
46.3
48.7
49.3
53.7
57.8
62.3
63.8
66.2
75.7
89.3
93.5
95.5
95.5
93.7
93.2
89.5
71.2
58.5
58.7
60.3
61.7
59.8
59.2
53
49
49
50.5
53.5
62
75.8
79.5
79.8
68.2
72.5
71.3
70.7
75.2
80.8
82
75.3
67.8
62.5
59.3
56.8
55.2
54.3
51.7
50.8
49.2
47
49.8
49.8
62.3
67.8
75.2
79.7
73.3
73.3
58.5
56.3
60.3
70.2
77
83.7
75.5
68.3
61.3
63.3
62.8
58.5
53.5
52.5
51
52.7
54.2
56.3
59.2
70.7
67.3
50
49.7
65.5
73.7
82
84
85.5
84.2
74.8
62.5
58.2
53.8
49.5
48.2
43.5
42.7
40.5
37.2
41.5
41.8
48.7
48.3
50
51
53.2
53
50.2
58.3
72.2
82.2
87.5
90.5
78.7
62.7
57
50.7
46.2
44.2
44.3
43.5
44.5
44.5
44.3
44
44.3
53.3
66.5
74.8
75.7
77
78.8
81.8
83.7
85.2
87
86.7
74.8
60.2
53.7
50
46.7
43.2
46.7
43.7
41.8
40.7
40
39.3
41
54
62.3
59.8
75.7
78.2
82.8
87.8
85.2
90.8
94
94.2
83.5
62.8
56.8
53.8
53.2
48.5
44.5
44.2
44.3
43.5
41.7
44.5
48
59.3
75.3
82.2
85.2
87
87.2
87.3
86.7
79.3
65.7
73.7
71
63.7
58.7
55.3
52.7
48.7
47.8
45
44
43.8
42
46
52.3
57.5
66.3
71.5
69.8
72.2
76.3
78.2
60.5
60.2
56.7
53.7
63.2
57.5
56.2
53.5
52.7
50.5
55
64.2
58.8
54.2
44.5
44
42.8
66.2
91.8
92.7
97.7
99.7
100
100
100
100
100
100
92.8
83.3
77.7
66
59.8
56.8
51.3
54.5
52.7
51.3
48
47.8
50.5
61.7
72.3
79.7
84.8
88.5
89.2
89.3
92
92.2
86.8
69.3
72.3
67
58.2
52
51.7
50
46
49
48.3
45
45.3
45.2
46.8
54.2
63.5
61
60
57.7
66
63
64.5
79.7
85.3
87.8
79.2
69.3
58.7
55.8
54.5
53.8
53.7
50.8
49.2
46.8
44.7
44.7
45.7
53.8
62.2
64.3
72.2
79.3
84.2
87.5
87.7
88.5
91.8
89.2
79.2
66.8
58.8
58.7
54.7
56.2
56.2
58.2
49.5
41.5
38.8
42
44
47.3
77.8
89.7
77.3
59.5
54.7
54.3
56.7
60.7
69.7
80.5
78.5
61
55.3
48.8
43.7
43.7
47.5
44.2
39.2
37.7
34.5
34.5
37.7
47.5
56
52.3
56.7
54.3
71
79.5
76.3
79.7
67.7
55.7
54.2
50.8
50.7
48.7
46.8
45.7
44.3
44
46
58
57
67.7
87.8
82.3
69.2
74.8
81.2
85.3
91
95.2
96
96.8
97.7
98.5
95.7
74.7
79.2
74
59.7
52.5
47
40.3
34.5
31
28.2
26.7
28.5
35.2
51.8
64.5
70.2
73.8
81.3
83.2
87.3
87.8
87.2
88.2
78.3
52.3
45.3
39.7
46.3
41.5
37.5
37.3
35.3
37.5
41.5
38
39.8
49
63.8
71.5
79.7
83.2
86.5
88.7
89.8
89
86.7
86.8
75.8
56.2
48
46
44.3
40.8
41
42
37.8
35
37.7
38.5
44.7
55.7
62.8
70.7
71.8
75.3
72
73.2
76
76.8
92.5
87.3
94.2
96.3
96.3
87.8
74.3
64.3
59.3
56.2
53.2
50.3
52.2
54.3
57.8
60.7
67.7
64.8
70.5
73.2
68.3
86.3
84.8
92
93.5
96.2
93.5
87
80.5
78.7
74.8
62.5
52.7
54.5
51.3
43.8
46.2
58
58.8
62.8
62.5
61.3
58.7
72.8
79.5
85.8
88.5
90.2
91.7
91
84.8
74.7
61.8
51.7
48.5
40.5
43
42.3
41.3
36.8
41.7
41.8
44.2
52.2
63.2
62.8
60.2
53.8
60.7
59.3
58.5
56.2
63.7
76.3
72.8
58.7
50.8
47
48.7
46.5
41.8
42.5
41.5
39.7
40.5
40.7
42
55.5
66.3
62.8
61.3
62.5
60.8
61
61.5
59.2
53.3
52
54
58.5
56.3
52.8
49.5
47.7
48.8
52.3
50.5
51
54.2
57.3
58.5
61.2
67.2
65.2
70.2
74.5
76.8
85.5
86
87.2
93.7
97.2
90.8
65.8
60.8
58.5
58
54.5
50.3
49.5
49.8
47.7
46.7
49.8
54
65.2
72.2
77.2
81.5
79.8
79.7
80.5
85
87
88.8
87.8
82.3
76
65.8
61.5
55
53.3
47
42.2
38.7
43.2
44.3
34.5
42.3
53
62.7
60.3
71.5
79.7
83.5
84.5
88.2
90.5
90
92.5
85.8
63
53.7
53.3
52.3
50.7
48.3
48.8
46.5
45.8
43.7
42
45.2
56.2
71.3
79.7
70.2
80.5
85.2
84.2
79.3
87.8
91.2
95.7
94.2
75.5
65.5
60.8
59.7
56.3
50.8
47.8
45.2
42.2
42
42.3
48
59.7
61.5
59.5
59.3
67.3
72.2
72.7
72.7
82.5
88
91.2
86.7
68.7
66.2
58.5
53.8
50.3
52
59
50.7
50.2
52
53
60.2
64.2
64
62.5
60.7
64
63.3
60.7
56.8
66.3
78
85.7
82.7
69
67
59.7
55
54.2
52.5
50.5
50.5
48.7
48.5
49.3
53.8
65
75
80
82.7
75.8
65.2
60.8
74.3
80.8
84.8
84.3
80.8
68.2
51.8
50.2
50.2
49.7
50.5
49.2
50.2
46.3
42.8
42.5
42.2
59.3
67
71.2
74
77.5
83.2
83.5
89
88.3
92.8
95.2
90.7
66.5
57.5
54.3
51.8
50.5
47.5
46.7
46.7
46.3
45.7
44.7
49.7
64.8
75.2
80
69.2
57.8
65.3
66.7
68.8
64.5
57.8
51.3
55.8
65
62.2
55.3
51.7
46.8
50
47.7
45.8
47.2
44.2
44.8
49.3
55.5
54.5
61.7
82
70.5
90.5
99.7
100
100
100
100
100
100
97
84
68
56
55.7
55.2
54.3
50.2
52.5
54.8
66
72.5
74.5
77.7
82.5
88
88.3
74.7
81.2
78.3
86.5
89.3
82.3
76.8
75.3
69.2
63.2
56.3
56
56
57.8
67.3
74.5
81.2
88.5
81.8
82.2
83.7
80.5
84.2
93.3
97.5
97.7
99
99.7
100
98.7
85.7
68.2
66.2
61.7
61.7
58.2
55.7
54.3
53
50.5
49
56
51.2
51.2
63.5
77.5
80.5
67
82.2
88.3
86.8
82
84.3
84.3
64.5
45.7
38.3
33
38.8
40.5
43.2
41.3
45.5
46.8
45.5
48.7
66.7
75.8
77.3
59.8
62
79.7
86.3
86.8
87.5
89.7
90
85.2
64
52.8
46.3
43.2
42.7
37.5
35.8
34.8
32.7
33.8
34.3
39.7
55.8
70.3
75
69.2
46.2
42.2
40.5
44
44.3
66.5
71.5
63.7
47.3
38.3
37.7
39.3
39
36.7
35.8
35.5
33.7
32.2
33.2
38.5
53
66.3
73
78.5
82
72.7
66.8
77
84.5
89
89.7
86.5
66
51.5
49.8
50.5
49.3
45.5
42.3
41.5
40.8
38.5
41.2
49.3
60.2
73
78.2
80.5
84.7
87.5
91.5
92.3
91.7
93.8
95.3
92.3
70.8
60.7
51.8
50.3
48.8
47.3
45.3
44
42.5
41.5
43.2
53
67
75.3
80
83
85.3
85
70.3
75
87
92.3
95
92.8
69.8
56.7
50.2
48.8
48.3
47.2
46.2
44.7
42.7
38
43.5
49.8
59.3
65.7
73.5
77.5
81.3
89.3
95.7
90.5
92.8
94.8
96.2
94.8
83.7
77
65.3
60.5
56
52.5
47.2
44.3
45.5
48.5
46.8
52
71
78.5
83.2
86.5
89.7
91.2
91.8
91.8
94.5
96
97.7
95
72.3
62
50.2
47.8
48.7
46.3
46.5
45.3
44.2
42.7
44.5
51
68
75.5
76.7
79.7
60
59.8
58.7
62.5
76.5
82.2
85.3
84.2
67.2
54.5
50.7
44.3
44.3
44.2
43
42
41.5
41.3
42
48.3
64.3
71.2
77
81
84.8
78.7
60
71.7
84.3
87.2
90.3
88
68.3
54.8
46.8
45.7
44.5
42.5
41.7
40.5
40.3
40.7
42.2
48.2
60.5
73.2
77.5
79.7
84.2
84.2
84.8
88.2
91.2
93
95.2
92.2
70.8
57
52
51.2
46.7
42.8
38.5
32.2
35.7
36.3
38.2
43.7
51
52.5
56.7
55.5
67.8
71.7
69
82.7
88
89.2
93
89.7
68.8
53.3
46
45.2
44.8
43.7
43.7
42.3
41.2
40
40.5
48.7
66.5
74
78
82.7
86
85
85.8
84.5
89.2
92.2
92.5
90.8
69.8
57.3
50.7
44.7
42.2
40.7
40
40.7
35.5
38.5
40.2
50
65.7
73.5
77.2
80.8
83.5
83.8
82.2
84.5
88.7
93
94.7
93.7
72
57.3
50.8
47.2
44.8
41.3
38.8
38.8
37.8
36.3
36.2
46.2
62.2
69
71.5
75.3
74.5
80.2
82.7
83.2
85.3
87.8
89.3
88
65.5
51.8
44
36.8
35.7
35.3
34.5
32.8
30.5
27.5
27.7
41.5
55.5
61.3
68.2
72.2
74.8
78.5
74.8
79.5
82.3
83
83.8
82.2
64.5
46
39.2
36.7
36.5
36.2
34.7
35.3
29.3
21.5
24.2
29.5
38.3
49.7
56.2
61.8
66.2
64.2
70.2
74
75.5
78.5
80
80
59.7
43.7
37.8
35.7
34.8
32.3
30.2
29.7
27.2
25.3
26.5
35.5
51
56.5
62
57.5
43.3
49.2
50.7
66.3
72.2
78.5
82.2
81.3
62
47.3
40.2
38.3
40.2
38
37.2
32
28.2
27.8
32.3
39.5
44
35.8
41.5
73.8
65.5
51.2
46.7
45.5
64.2
75.7
66
54
51.8
49.8
48.3
38.5
36.3
27
23.2
13.8
15.5
17.7
20.3
29.2
37.7
42.2
48.7
59.3
60.3
67
68.7
73
78
79.2
81.2
81
58.2
37.5
33.8
30.8
31.3
30.8
31.3
30.5
29.2
28.3
31.3
39.2
51.2
60.8
65.8
70.3
64.3
54.3
62.3
73.5
83.8
88.3
93.3
89.8
71
54.5
46.8
44
42.5
39.7
34.8
32.2
30.5
29.8
30
39
46
55.3
64
66
69
74.8
71.7
70.7
74.5
80
83.7
80.7
61.2
48.3
41.8
40.3
40
38.7
38.3
37.7
36.8
37.5
39
44.5
57.7
67.7
72
76
78.7
75.3
67.8
62.3
68.5
68
76.2
80.2
67.3
58.2
50.5
46.2
44.2
42.2
41.3
43.2
41.2
41.2
43.7
47.7
56
63.2
67.7
77.2
82.5
84.3
84.2
84.8
87.8
89.7
88.8
81.2
70.3
80.7
85.8
65.7
57.2
49.8
50
49.3
47.8
47
47.7
53.7
63.3
72.2
84.5
88.7
90.7
92.7
93.8
95.2
95.5
95.8
98.5
99.5
82.7
63.5
58
56.7
56.3
52.3
51.5
52
51.5
49.5
50.3
60.8
76.2
80.2
79.8
78.2
81.2
86
89.3
80.3
65.7
65
63
64.7
67.2
62.2
53.7
50.8
48.7
46.5
45.8
43.8
43.7
46.5
52.7
58
61.2
75.8
74.7
66.2
67
72
79.5
82.5
81.2
86.7
86.5
87.7
84.7
73.3
68.8
72.7
74.7
79.7
87.7
98.5
95.5
86.2
73.2
77.3
83
89.8
93.7
98.7
100
100
100
100
100
100
100
100
100
100
99.2
89.2
75.8
66.8
60.8
56.2
56.2
60.5
68.7
70.2
72.8
76.2
82.3
97.8
96.7
99.8
100
100
100
100
100
100
100
96.2
82.5
69.7
53.5
52.2
54.5
55.3
52.5
53.7
54.3
69.8
82.5
89.7
95
98
99.7
100
100
100
100
100
100
100
100
88.5
64.5
62.8
60.5
56.7
54.3
53
53.2
57.5
62.7
67.5
71
74.8
85.5
91
95.5
98.2
100
100
100
100
100
100
100
89
74.8
67.8
63.3
61
57.7
53.8
54
53.8
55.2
70
84.2
90
94.2
97.7
98.7
99.5
100
100
100
100
100
100
99.5
76
70.7
69.3
63.7
60.5
58.2
55.5
54
55.2
59.8
63
63.7
64
66.2
76.5
78.3
80.5
89
96.8
99.7
100
100
100
97.5
75.5
67.8
62
57.7
55.8
53
52.5
50.7
50.3
52.8
67.5
79.5
85.2
88.8
91.8
93.8
95.2
97.8
98
99
100
100
100
100
79.7
69
63.5
59.8
56.2
51.3
49.2
46.8
48.3
52.2
69.7
78.3
79
76.3
63
61.8
73.7
75
87.7
93.8
92.3
84.7
90.3
78.2
65.3
60.3
54.8
53.8
51.5
51
50.5
49.7
49.8
52.8
65
74.2
82.7
89.8
92.8
95.8
97.7
97.5
98.5
100
100
100
100
93.7
70.7
61.5
58.2
52.5
47.8
45.8
45.3
43.8
44.3
48.2
60
71.2
82.8
87.5
90.8
93
94
95.3
97
99
100
100
100
94.5
69.2
59.8
51.7
48.5
46.3
44.7
42.3
39.7
39.8
42.2
56
69.7
77.3
81.2
83.8
86.3
88.2
87.7
91.5
94.2
97
98.7
96.3
86.5
66.7
57.7
59.5
56.2
53
50.3
46.3
43.7
44
50.7
69
78
83.7
87.5
90.5
93.7
90.5
86.3
91.7
94.3
95.3
98.5
100
90.7
73
69.2
62.2
55.8
52
53.2
51.7
49
50.8
55
67.2
80
84.2
87.7
90.7
94.5
96.7
98
99
100
99.8
100
100
96
77.3
71
63
55.3
51.2
47.3
45.5
43.3
42.2
56.5
64
67
64.5
69.3
71.7
64.8
67.5
78.5
80.8
85.7
90
90.5
78.5
80
74.3
69.5
69.7
73.8
80.2
76.3
80.2
84
79
76.3
75.7
76
76.7
76.2
78.2
77
77.8
77.3
77.8
87
91.2
96.2
98
88.2
74.5
65.5
61.8
62.5
57.8
55.2
52
52.3
59
71.3
80.7
84.8
85.7
83.2
88.7
93.5
91.8
86.5
81.3
83.3
86
82.5
86.7
78
57.2
38
36.2
35.5
32.8
31.5
29.3
29
30.5
35.7
44.2
43.2
45.5
61.3
72.5
81.3
85
86.7
87
88.5
90.8
91.2
94
84.5
55.5
47.5
44.8
42.5
41.7
39.7
37
35
36.5
46.8
55.8
57.8
68.7
78.2
81.7
82.5
84.8
88
90.5
93
91.8
93
95.8
90.8
60.5
52.3
47.3
43.7
40.5
38.5
35.7
32.5
32.3
42
61.5
68.8
75.5
82.2
87.2
91.3
92.8
93.8
96.5
96
93.3
92.5
97.5
88.2
75.5
66
58.7
52.7
49.5
46.8
46.2
48.3
52.7
61.7
70
77.8
82.7
86.3
88.2
90.3
89.8
92.3
95.8
98.2
96.3
96.2
99.2
98.5
74.8
61.2
58.5
54.8
51.8
50.7
47.3
45.8
47.8
55.5
59
60.3
62.8
72.3
79
74.2
84.7
88
91.5
92.5
94
95
95.5
89.5
76.3
64.7
54.7
47.8
45.7
43.7
43.8
43.5
45.3
54.8
69.8
76
82.5
87.3
91.7
94.5
96
97
98.8
99.5
100
100
100
100
74.8
59.7
56.5
53.7
48.3
45.7
42.3
39.3
41
54.5
70
76.5
83.5
88
90.8
93
94.7
96.7
95.5
97
98.3
99
97
92.7
68
56.8
47.3
45.5
43.5
42
41.3
39
39.7
55.7
68.7
75.7
80.5
85
88.8
91.2
88.5
88.5
90.7
89.3
88
88.3
89.5
86
63.5
52
44
41.2
38.3
38.8
38.7
39.5
41.2
53.7
68.5
76.3
82.8
79
77.7
84.7
88.7
91.7
90.3
93
95.3
96.2
98.3
90.5
65.8
58
51.3
47.8
46.2
45.7
45.2
42.3
45.3
61.3
74.2
77.8
82.3
86.8
87
89
91.7
95
97
98
97.2
99.7
100
93.8
70
53.5
46.7
43.5
41.3
40.7
39.2
38.7
41.3
49.8
59.8
69.7
78
82.7
85.3
89.3
91.7
92.8
95
96.5
97.2
98.2
99
95.8
67.2
52.7
50.7
44.8
41.3
39.7
37.5
38.2
39.2
51
67
74
81.5
86.5
90.2
92.5
94
95
96.7
97.7
98.8
99.8
100
99.7
72.3
56.8
52
48.2
44.8
42
37.8
36.8
38.7
48.5
65.3
73.7
80.2
84.8
87.3
87.5
88.5
87.3
88.2
89.7
92.8
95.7
98
94.7
66
58
51.5
49
43.7
40.3
39
37.5
39.3
51.7
67.5
76.2
81
82.7
86.8
89
91.7
93.8
93.5
95.5
97.7
99.5
100
100
73.8
61
55.5
50.3
47.5
44
43.3
43.7
44.8
57.8
75.3
81
86
90.8
93.2
95.2
96.8
96.5
98
98.7
99.3
100
100
100
84.8
66.2
59.8
54.7
50.5
47.7
45.8
44.8
48.3
63
76
82
87.3
90.8
94.7
97.3
97.7
93.8
95.3
98.7
100
100
100
100
94
72.8
65.7
58.2
53.3
50.7
54.5
54.8
55.5
62.5
70.2
76.3
82.8
72.3
68.7
72.5
67.7
73.7
80.5
76.5
66.5
65.7
57.2
58
83.2
79.7
66.5
58.7
46.5
27.8
19.8
22.3
57.5
66.3
69.8
70.5
77
85.8
86.7
78.5
64.7
75.5
84.5
85.2
88.5
90.3
87.5
84.7
78.3
44.3
38.5
36.3
32
30.8
27.2
25.7
24.8
22.8
31
37.7
48.2
54.3
46.7
51.8
65.3
73.8
72.3
75
69.2
69.3
74.5
66.2
47.7
38.8
32.8
31.2
28.3
28
26.5
24.2
24
33.3
33.3
45.5
58.5
64.2
67.2
62.2
35.8
28.8
32.5
42.7
59
65.8
68.7
63.7
45.8
39.7
34.7
29.8
27.2
27.5
27.8
30
32.7
37.3
47.3
57.7
63.3
67.8
71.2
75.5
78.2
79.5
81.2
83.3
81.8
82.5
86.5
88.8
65.5
50.3
45.5
41
38.3
38.7
37
35.5
38.8
57.7
70.7
77.3
82.3
86.5
89.2
93
95.7
96.7
97.2
98.8
99.7
100
100
96.2
72.2
56.8
48.8
42.7
38.2
38.5
37
36
40.7
61.7
70
58.8
60.8
64.5
76.7
83.8
89.8
94.8
97.8
99.5
100
100
100
100
90
61.7
54.5
49.7
43.2
41.5
43
42.8
47.8
58.8
65.7
68.3
60
57.2
59.3
58.8
59.7
55.7
59.3
61.2
60
59.2
56.2
53.7
49
48.3
50.3
45.5
40.8
40.7
40.2
39.7
42.5
53
56
50
44.2
44.5
46.8
49.8
52.8
55.2
53
52.7
51.3
51
51.5
54.2
51.5
45.7
40.7
39.2
38.3
38.2
37.2
37.2
40
48.7
57.5
63.2
73.8
79.2
83.3
88.8
91
92.5
93.5
95.3
96.8
97.8
98.2
99.8
73.7
56.5
48.5
44.3
40
38.7
40
41.2
44.8
50.3
53
52.8
52
53.2
54.5
63
78
83
87.3
88.8
89.7
93.5
95.2
93.7
65.5
47.7
39.7
38.8
38.5
39.2
39.8
39.3
42.5
56.2
70.2
76
82.5
87
89.3
90.8
92.8
94.3
95.7
97.2
98
98.7
99
100
94.3
60
55.3
52.8
47.2
44.8
44.2
45.7
50.7
54.2
59.2
64
68.3
67.7
63.8
71
76.7
78
78.7
78.3
80.5
92.5
97.7
99.2
100
100
99.5
95.2
92.8
92.5
93.8
92.3
95.7
98.3
99.8
100
100
100
100
100
100
100
100
100
100
100
100
100
100
92.3
82.5
71.7
64.5
70.7
78.2
82.2
84.3
83.8
80.5
80.3
88.8
95.7
98.5
98.7
99.8
100
98.7
93.7
97.8
100
100
100
91
60
56
54.7
53
50.7
53.7
56.5
57.5
72.8
79.2
78.7
83
86.3
61.3
53.8
57
70.8
76.5
81.7
75.3
74.7
77.3
82.3
80.3
56.7
52.5
50.7
46.3
46.5
46.7
45.2
49
67.2
80.7
87
90.8
94.8
96.8
98.2
99
95.7
86.2
93.8
96.7
98
99.2
100
99.3
71.7
60.8
56.8
52.8
51.8
49.5
48.5
53.8
72.8
85.3
91.7
94.2
95.5
97.2
98.8
100
100
100
100
100
100
100
100
100
90.5
63.3
55.7
56
56.7
59.8
66
82.8
95
97.3
99
100
100
100
100
99.7
99
99.7
100
100
100
100
94.8
88.3
97.8
99.3
99
99.5
100
100
100
100
99.5
97
100
100
100
100
100
100
100
100
100
100
100
100
100
100
100
100
99.7
92.7
82.8
84.3
85.7
88.3
93.8
97.5
100
100
100
100
100
100
100
100
100
100
100
100
100
100
99.2
81
75.7
68.8
65.3
66.3
63.7
73.8
88.3
97.2
99.7
100
100
100
100
100
100
100
100
100
100
100
100
100
100
96.3
77
70.7
71.7
65.5
64.8
76.7
88.2
97
99.2
100
100
100
100
100
100
100
100
100
100
100
100
100
100
99
76
68.3
68
65.8
67.7
82.8
94
98.7
99.8
100
100
100
100
100
100
100
100
100
100
100
100
100
100
100
100
85
80.2
78.7
81.7
84.5
90.3
94.3
96.8
98.3
100
100
100
100
100
100
100
100
100
100
100
100
100
91.7
75.8
68.2
67.5
67
67.7
73.5
88.8
96
99.7
100
100
100
100
100
100
100
100
100
100
100
100
100
100
100
82.3
68.4
69
73.7
74.5
79
84.8
89.7
91.3
93.8
94.2
94.3
96.5
99.7
99.8
96.7
87.8
92.3
94.5
95.2
96
95.8
90.3
85.2
81.5
81.7
81.3
80.5
77.2
78.5
90.7
94
91.8
93.3
95
94.7
91.7
92
92.8
92.2
93.5
92.8
94.3
93.3
93.8
91.7
86
74.2
70.5
70.5
69
69.3
72
74.5
76.3
75
76.7
75.5
74.7
77
83.3
80
78.3
79.3
81.5
79.8
79
84.8
89.8
82.8
84.5
88
79.2
77.2
79.2
76.3
75.7
78.5
79.3
79.2
74.3
70.3
68.8
69.5
69.2
73
72
70.3
71.7
75.5
78.3
81.8
81.2
76.5
77.7
73.5
69
89
98.8
100
100
93.2
84
84.3
86.2
90.8
89.2
85.2
80.8
84.7
86.2
89.2
89.2
94.2
86.2
83.3
78.5
72.5
72
82.2
87.5
82.8
85.8
87.2
90.2
88
94
90.3
87.8
90.5
93.5
96.3
94.3
96.3
99.8
96.7
92.3
89.2
80.5
83
83.8
81.7
82
85.2
86.5
81
84.7
90.8
97.7
99
93.3
81.7
88.2
88
81
78.7
81
71.8
74.8
82.3
85.8
76.8
76.3
73
70.2
65.8
63.3
62.8
62.2
62.8
63.2
60.7
59.7
63.2
64.2
72.5
75.8
87.8
94
95.8
94.3
97.7
99.3
100
100
100
100
100
100
100
85.5
70.2
64.8
62.3
63.3
62.3
62
69.7
78.8
84
90.5
86.8
90.8
96.7
99.5
100
100
100
100
100
100
100
100
100
100
90.7
72
68.2
66.8
70
74.5
81
94.2
98.7
100
100
100
100
100
100
100
100
100
100
100
100
100
100
100
100
82
70.5
71.7
73.7
72.3
72.8
76.8
74.5
76.5
81
80.2
81.7
81.7
76.8
74.8
67.2
67.2
76.2
83.8
74.3
82.8
80
62
57.3
54
52
50.2
50.8
52.3
62.3
80.3
86.7
92.8
96.2
97.3
98.8
99.7
100
100
100
100
100
100
100
100
100
100
76.8
63.3
55.7
50.2
50.5
52.5
67.7
86.2
93.2
96.5
98.5
99.2
100
100
100
100
100
100
100
100
100
100
100
100
70
57.3
52.2
53
56.5
63.7
74.3
90.2
96.5
98.5
99.3
100
100
100
100
100
100
100
100
100
100
100
100
100
100
89.5
75
71
69.8
70.7
82.7
92.8
97.8
100
100
100
100
100
100
100
100
100
100
100
100
100
100
100
97
78.8
71.2
65.7
57.5
55.3
70
87.7
94.8
97.3
98.5
99.2
100
100
99.8
100
100
100
100
100
100
100
100
100
99
77.7
72.3
66.3
66.7
71.2
80.3
92.5
97
98.7
99.7
100
100
100
99.8
100
100
100
100
100
100
100
100
100
100
85.5
80
76.8
75.2
76.7
86.3
95.8
98.7
99.8
100
100
100
100
100
100
100
100
100
100
100
100
100
100
100
87
71.8
69.7
70.5
74.3
85.5
94.7
98.5
99.8
100
100
100
100
100
100
100
100
100
100
100
100
100
100
100
100
100
99.5
88.3
87.8
94.2
99.2
100
100
100
100
100
100
100
100
100
100
100
100
100
100
100
100
100
100
95.8
91.7
94.2
93.2
95.2
96
95
91.7
88.8
82.8
91.7
97.5
99.2
100
100
100
100
100
100
100
100
100
100
91.3
70.2
65.2
66
69.3
78.5
92
96.8
99.3
99.8
100
100
100
100
100
100
100
100
100
100
100
100
100
99.3
71.3
62.2
57.5
55.7
58.3
75.7
88.8
95.2
98.3
99
100
100
100
100
100
100
100
100
100
100
100
100
100
100
62.5
55.3
55.2
54
54.7
68.5
86.3
93.2
95.3
97.5
99
99.3
99.8
100
100
100
100
100
100
100
100
100
100
93.7
59.5
59.3
57.2
59.5
61.3
76.7
92.3
96.7
99
99.5
100
100
100
100
100
100
100
100
100
100
100
100
100
100
89.3
63.8
58.5
59.2
62.2
74.2
87.8
93.7
96.3
98.2
99.2
99.5
100
100
100
100
100
100
100
100
100
100
100
99.5
67.7
60.7
62.8
64.2
69.8
83.5
94.5
98
99.7
100
100
100
100
100
100
100
100
100
100
100
100
100
100
94
55.7
53.8
49
47.5
55.8
71.8
86.5
93.2
94.2
96.5
97.8
99.2
99.7
100
100
100
100
100
100
100
100
100
100
89.8
63.5
61.8
61.5
64.2
67.5
80.8
90.5
95
97.2
98.2
98.7
99.5
100
100
100
100
100
100
100
100
100
100
100
100
72.3
61.5
60.7
62.8
67.3
80.2
92.7
97
98.5
99.5
100
100
100
100
100
100
100
100
100
100
100
100
100
100
91.3
75.8
79.7
80.2
80.2
89.5
95.3
97.8
99.5
99.5
97.5
98.3
100
100
99.5
96
91.5
89.3
96.5
98
98.3
96.3
93.7
93.5
91.5
81.7
83.7
90.8
93.8
94.5
95
97.5
99.3
100
100
100
100
100
100
100
100
100
100
100
100
100
100
100
100
100
100
100
100
100
100
100
100
100
100
100
100
100
100
100
100
100
100
100
100
100
100
99.8
90.3
88
92.8
97.8
99
99.2
100
100
100
100
100
100
100
100
100
100
100
100
100
100
100
100
100
99.8
92.8
87.2
85.8
90
90.5
91.5
95.2
98.8
100
100
100
100
100
100
100
100
100
100
100
100
100
100
100
99.7
67.5
60.7
61.5
61.5
65.2
74.8
85.3
93.3
93.3
95.2
98.3
99.8
98.8
99.7
100
100
100
100
100
100
100
100
100
98.8
72.7
68
67.8
69.2
69.3
79.3
92.2
97.2
95.8
97.7
99.3
100
100
100
100
100
65.8
61.5
54.2
78.3
88.3
92.2
74.3
62.7
54.3
54.7
60.8
56.5
48.5
58.7
68.8
77.3
83
88.5
91.2
95.3
97.7
98.8
99.2
99.2
98
97.8
98.5
93.5
83.7
82.2
75.2
75.5
79
79.7
74.7
72.3
74.5
83
87.7
92.3
91.7
91.3
93
92
87.5
90.7
93
95.5
96.2
96.8
96.2
95.7
93.3
91.8
89
92.3
83.2
78.5
73
73.5
74.5
81.5
88.3
92.3
93.2
93
93.3
94.5
94.7
96
95
93.3
95
95.8
94.3
92.7
91.8
91.2
89.5
83
75.7
76.5
71.8
75.3
75.7
82.2
89.5
92.7
93.3
96.7
99
96.8
93.2
93.8
95.5
94
94.2
95.5
96.3
95
95.3
97
99.3
99.5
100
100
100
100
100
100
100
100
100
100
100
100
100
100
100
100
100
100
100
100
100
100
100
100
100
97.5
83.5
79
84.5
92.2
97.7
99.5
100
100
100
100
100
100
100
100
100
87.8
86.7
97.7
99.8
100
100
100
100
100
100
100
100
100
100
100
100
100
100
100
100
100
100
100
100
100
100
100
100
100
100
100
99.2
93.2
97.5
97.8
98.8
98.5
98.3
98.3
100
100
100
99.7
99.8
100
100
100
100
100
100
100
100
100
100
97.2
91.7
93.7
88.8
78.5
81
91.3
92.3
97
98.3
98.2
99.8
99.7
98.3
93.5
90.3
88
93.3
96.7
97.5
99.3
79.7
56.7
61.5
65.3
63.7
61
57.7
52.3
53.5
67.5
81
86.8
82.7
83.5
77.3
79.7
83.8
86
82.7
86.3
89.8
89
87.8
87
87.5
84
74.5
62.5
53.8
49.8
53.8
52.3
60.8
72.7
77.5
77.7
82.7
85.5
87.8
90.8
92.7
90.3
93
94.8
95.3
94.8
94.5
94.2
92.2
93.2
83.3
67.5
45.2
38.2
48.2
38.7
41.5
59.8
71.8
74.3
79.8
84.3
86.8
87.2
87.7
85.3
86.5
88
87.5
89.5
91.5
93.3
92.7
92.5
85.3
55.5
56.7
54.7
47.2
44.7
48.2
59.2
67.8
73
78.7
79
80.2
84.2
87.2
87.8
87.3
87.8
85.7
88
91.2
91.2
91.3
91.5
77.7
67.8
54
52
56.2
60.2
61.7
74.5
81
87.3
91
92.2
93.3
92
93.2
93.8
94.7
95.7
96.2
96.3
96.7
96.8
97
98.7
91.5
59
51.2
48.8
46.2
45.5
52.2
62.7
75.8
80.7
84.5
84
85.2
84
85.2
89
91
91.3
90.5
88.3
91.3
93.7
94.7
96.5
94.7
69.5
60.7
59.3
57.7
57.5
60.7
71.8
82.3
88.8
93.3
94.7
95.8
97.3
97.7
98.7
99.2
99.7
99.2
100
98.7
94.5
91.8
90.5
91.5
90.8
81.2
79.8
76.3
75.2
76
81
86.2
89.3
93.7
95.3
96.8
97.3
98.7
99.3
99.3
99.7
100
99.8
97
90.7
86.2
85
76.8
49
36.3
34
34.2
34
34.3
47
65.2
70.8
75.7
77
79
82.3
82.2
85
86.2
88.8
88.5
87.8
91
92.7
93
94.8
81.7
53.3
43.3
40.3
39.3
38.7
45
56
69.3
68.2
72.8
76.5
78.3
81
60.2
66.7
74.5
82.3
86
85.7
84.2
86.3
84.5
82.5
73.2
50
45.3
51
51.2
47.5
48.8
57.8
71.8
80.8
85.8
90.7
92.5
93.2
95.2
96
97.3
97.5
98.7
98.5
99
99
99.5
99.8
100
81
57.8
53
51.5
49.2
52.2
65.2
82.8
90
94.2
96.2
97.7
98.5
99
99.5
99.2
99.5
100
100
100
92
86.2
95.2
97.3
88.7
83.2
81.5
87
88.2
87.7
88
90.2
94.8
97.3
98.3
98.8
98.8
99.5
99.7
100
100
100
100
100
100
100
100
100
89.8
83
77.8
67.2
65.8
68.3
74.5
84.5
49.5
25.7
17.7
22.7
25.3
21.8