93.9
93.9
91.6
91.8
86.3
94.5
97.5
97.6
97.6
97.7
97.9
98
98
98
98
98
98
98
98
98
98
98
98
98
98
98
98
98
98
98
98
98
98
98
94.4
56.5
35.9
29.7
26.7
25.1
24.6
27.9
38.8
46.6
50.9
53.4
56
53.4
56.9
55.7
45.4
52.6
51.6
40.6
36.9
34
34
34.4
33.4
33.3
32.5
28.3
29.2
29.2
30
36.3
40.4
55.4
55.9
60
62.1
51.4
58
57.6
54.3
56.6
52.9
54
57.5
57.8
59.1
58.9
57
54.5
52.7
53.5
51
53.1
61
71.6
87.3
96.3
97.4
97.5
97.5
97.5
97.3
95.1
97.1
97.4
97.5
97.6
97.6
97.6
97.6
94.5
74.6
65.2
61.5
60.9
58.4
59.1
60.2
73.4
86.8
83.1
81.2
85.5
84.3
84.8
81.6
82.9
83.9
83.3
83.9
88.2
89.2
90.6
93.1
85.7
71.5
58.8
55.5
56
56
56.9
61.7
74.1
87
89.3
84.5
80.9
84
84.1
82.7
82.8
83.9
81.8
83
80.2
84.6
84.7
86.5
85.4
80.8
76.7
67.4
68.2
69.4
69.9
76.2
91.4
97.5
97.5
97.5
97.4
97.4
97.1
97.4
97.5
97.5
97.6
97.7
97.7
97.8
97.8
97.8
97.8
97.8
97.6
97.5
97.2
95.2
93.3
93.5
96.1
97.4
97.4
97.5
97.5
97.5
97.6
97.6
97.7
97.8
97.9
97.9
97.8
97.7
97.8
97.7
97.8
96.7
77.9
64
63.8
69
72.1
73.4
91
97.6
97.7
97.8
97.8
97.9
97.8
97.9
98
98
97.8
97.7
97.7
97.6
97.5
97.6
96.5
92
89.3
88.6
94.3
96.3
97.5
97.5
97.5
97.5
97.6
97.7
97.9
97.9
98
98
98
98
98
98
98
98
98
98
98
95.4
82.1
69.2
64.9
63
61.1
66.5
72.7
76.8
80.3
87
89.5
90
97.2
97.6
97.6
97.1
97.5
97.5
96.9
92.2
93.9
67.3
72.2
70.1
58.9
59.8
58.9
62.5
63.1
60.8
73.3
88.3
93.7
80.3
76
78.5
68
59.9
71.3
76.8
83.6
94
96.7
96.7
82.8
97.4
95.5
78.3
78.2
74.1
64.9
60
68.5
89
96.4
97.8
97.9
98
98
98
98
98
98
98
98
97.9
97.7
97.5
97.5
94.4
97
86.2
73.7
71.5
72.6
82.5
95.3
97.5
97.7
97.9
98
98
98
97.9
98
98
98
98
98
98
98
98
98
98
98
94
71.8
65.6
59
62
63.1
69.7
83.6
96
97.5
97.6
90.2
85.9
96.6
92
91.8
72.4
82.9
92
95.9
97.5
97.6
97.6
97.6
97
77.1
78.2
75.9
81.2
96.1
97.7
97.8
97.8
97.7
97.7
97.8
97.8
97.8
97.7
97.7
97.8
97.9
97.9
97.8
97.8
97.8
97.9
97.8
97.6
97.5
97.4
95.4
86.4
86.3
97
97.5
97.5
97.6
97.6
97.7
97.8
97.7
97.7
97.7
97.8
98
98
98
98
97.9
97.6
97.5
95.8
89.4
87.3
80.1
78.2
76.5
75.3
81
91.3
87.2
80.9
84.3
84.7
89.7
94.7
97
97
97.2
93.1
94.9
96.3
95.7
86
75.9
65.5
58.2
54.7
48.9
47.5
42.2
35.5
33.2
35.5
38.1
40.8
38.5
38.9
39.1
40.9
44.3
40.2
53.1
65.6
77.1
97.5
97.6
97.8
97.6
85.3
77.1
70.1
68.6
68.1
68.3
71.4
86.4
96.4
97.5
97.7
97.7
97.6
97.6
97.7
97.6
97.6
97.5
97.5
97.5
97.5
97.6
97.6
97.4
92.3
83.9
78.6
75.7
69.3
77.5
80.4
91.5
97.3
97.8
97.9
97.9
97.6
96.4
97.6
98
98
98
98
98
98
98
97.8
97.7
97.7
97.6
97.7
98
98
97.8
97.8
97.8
98
98
98
98
98
98
98
98
98
98
98
98
97.9
92.3
81.6
80.3
79.6
76.7
82
97.6
98
98
98
98
98
97.2
97.7
98
97.8
97.8
90.9
78.7
78.9
72.8
73.7
64.1
60.4
63.8
68.9
75.8
81.6
77.5
72.2
73.2
71.2
75.5
71.5
72.2
81.8
80
78.1
77.5
87.7
85
71.6
55.9
55.6
57.6
54.4
59.2
63.8
63.5
66.4
63.1
65.8
64.1
71.2
77.5
84.8
90.2
97.4
97.6
97.8
98
98
98
98
98
98
98
98
98
98
98
98
98
98
98
98
97.9
94.4
90.6
85
70.9
75.5
81.5
91.1
97.2
95.5
89.8
93.1
96.1
97.5
97.5
94.8
97.4
96.2
95.7
95.8
93.7
96.1
79.8
65.8
57.6
57.1
60.2
58.7
58.1
60.8
70.4
77.3
87.5
81.9
76.4
71.4
58.4
70.7
65.9
61.9
63.2
58.5
60.2
61.7
63.7
63.8
63.6
51.5
48.4
43.9
47.2
49.3
50.7
48.4
49.7
56.3
60.7
66.5
71
77.8
77.6
79.4
91.5
90.4
85.8
87.3
87.8
86
87.1
83.7
78.9
73.5
61.6
49.8
45.2
44.6
46.1
54
59.1
70.3
79.7
82.2
78.5
82.3
71.6
78.6
93.7
97.1
97.1
97.5
97.6
97.7
97.7
97.6
93.3
75.1
64.7
62.3
65
64.5
62.4
62.8
70
88.2
96
97.5
97.6
93.5
96.1
97.6
97.7
97.8
97.7
97.8
97.8
97.8
97.9
97.9
97.6
85.1
77.7
70.8
66.2
65.9
72.1
79.7
89.9
97.6
97.7
97.8
97.8
97.7
97.6
97.6
97.5
97.6
97.6
97.7
97.7
97.7
97.7
97.5
91.7
76.2
67
69.8
66.8
67.1
70
72
75.7
96.1
97.9
97.1
92.8
97.4
97.5
97.5
97.5
97.5
97.6
97.6
97.7
97.7
97.8
97.8
97.4
85.2
74.8
71.7
74.9
75.3
74.5
75.5
83
97.6
97.7
97.9
97.9
98
97.8
97.7
97.8
97.8
97.7
97.7
97.6
97.6
97.6
97.5
89
72.8
62.2
55.3
57.9
57.9
60.5
64.7
71.3
83.6
95.8
97.4
97.5
97.8
97.2
97.4
97.2
70.9
60.3
58
59.7
68.6
81.3
80.3
69.2
59.5
60.7
70.6
76
74.6
72.5
68.2
69
82.1
93.4
96.8
97.1
92
85.4
95.6
96.6
96.2
97.5
95.5
95.4
96.9
97.4
95.9
79.5
61
56.9
53.3
54.2
52.7
51.5
55.6
61.3
68.3
74.1
79.7
82
82.6
75.5
73.3
69.2
73.4
73.6
73.2
76.6
75.5
68.1
70.3
91
97.6
97.5
97.5
97.5
97.6
97.6
97.6
97.6
97.6
97.6
97.6
97.7
97.7
97.7
97.6
97.7
97.7
97.8
98
98
98
98
98
98
98
97.8
92.7
87.7
85.1
89.4
93.6
96.4
97.5
97.5
97.6
97.7
97.8
98
98
98
98
98
98
98
98
98
98
97.8
97.6
97.5
96.8
97.5
97.6
97.5
97.5
97.5
97.6
97.9
98
98
98
98
98
98
98
98
98
98
98
98
98
98
92.1
86.4
76.9
73
75.7
74.3
69.7
75
91.3
94.3
97.6
97.5
97.5
97.5
97.5
96.7
93.7
92.5
85.9
76.4
80.9
77.5
69.1
73.3
69.9
62.1
67.2
72.1
67
67.7
68.6
72.4
82
95.8
97.5
92.8
93.3
95.2
96.9
97.6
97.7
97.7
97.8
97.6
97.6
88.4
94.6
75.8
72.3
72.6
72
61.7
55.4
52.6
49.9
52.6
66.9
71.8
76.1
81.9
75.7
84.5
91.1
92.2
87.8
73.4
80.2
87.7
85.1
88.2
88.7
73.5
69.3
69.4
67.3
68.4
71.7
78.8
86.9
97.8
98
98
98
98
98
98
98
98
98
98
98
98
98
98
94.9
74.7
55.4
45.5
39.8
36.8
34.5
32.6
31.2
30.1
31.2
32
35.4
33.1
41.8
44.7
41.5
42.4
40.4
45.8
45.8
49.6
58.8
59.9
58.3
52
41.9
42.1
43.5
40.2
42.1
46.6
47.1
48.9
54
58.5
62
62
60.8
65.3
69.1
71.6
71.8
70.5
69.7
69.3
66
70.7
74.5
69.7
66.4
55.9
51.8
53
50.5
48.3
46.7
49.9
65
70.8
68.5
72.5
79.8
80.8
83.9
88.6
95.9
97.5
97.5
97.5
97.3
97.5
95.6
75.2
65.9
67.3
62.2
61.1
63.3
65.6
68
73.5
82.7
83.3
88
68.8
64.8
68.3
70.6
67.1
65.9
70.6
70.8
72.4
77.1
77.5
78.7
64.6
64
59.6
58.1
59.3
59.3
57.5
56.9
59.9
67.9
72
83.6
87.9
87
79.1
81.1
80.2
84.2
86.6
89.5
91.4
79.7
82.2
88.2
79.6
67.3
61.7
58.3
56.8
57.3
56.5
57.5
62
69.9
72.5
79.1
92
97.5
97.4
97.5
97.6
97.7
97.7
97.8
97.8
97.8
97.8
97.7
86.7
69.9
66.1
63.1
60.9
61.1
58.5
58.1
59.4
70
83.2
88.2
82.6
94.1
96.7
97.5
97.5
94.4
77.5
90
95.8
97.2
97.3
89.8
62.1
57.9
51.6
48.8
47.1
44.7
46.8
46.3
45.3
56.8
63.3
62.3
70.1
73.3
71.9
70.2
60.9
65.8
67.6
70.4
69.8
69.9
70.8
70
64.3
58
50.7
47.5
49.7
50.8
55.9
64.5
72.4
75.9
79.4
81.6
84.4
84.3
87.4
86.6
84.8
89.9
89.5
95.3
92.2
85.3
92.1
91.4
83
70
62.9
59.2
53.3
55.2
56.6
52.7
53
60
70.2
79.1
84.3
90.3
95.5
97.4
97.5
97.5
97.5
97.5
97.5
92.8
79.6
82.5
88.4
84.1
75
65
65.2
63.9
65.3
64.5
66.1
72.9
81.2
88.5
93.6
92.2
94.5
95.3
95.8
97.1
97.5
97.5
97.3
96.7
97.2
88.9
91
81.8
78.2
75.5
74.6
79.3
86.9
96.2
92.6
90.6
89.6
96.4
96.7
97.5
97.6
95.4
94.6
97.6
97.6
96.6
96.8
97
96.5
88.4
81.6
77
76.3
75.1
80.1
94.2
97.6
97.9
98
98
98
98
98
98
98
98
98
98
98
98
98
98
98
98
94.1
71.4
64.9
70.7
61.8
58.7
61.6
70.1
71.9
73.4
64.3
58
65.4
66.4
67.8
60.9
42.3
43.4
46.6
38.5
38.6
41.2
45.9
42.4
38.7
37.3
32.1
28.5
26.3
25.9
25.7
25.3
30.1
37.1
40.9
41.5
48.4
51
51.7
53
52.3
48.6
52.9
56
58.7
58.9
63.1
60.8
50.8
50.2
50.6
56.8
53.6
52.6
53.6
55.8
59.8
67.1
79.2
84.9
91
96.5
97.5
97.7
97.6
97.7
97.6
95.3
97.7
97.8
97.7
97.5
93.7
78.8
71.6
68.9
65.7
65.8
70.2
67
64.9
73.2
85
93.6
96.1
95.1
94.5
93.6
92.4
93.7
91.7
95.3
95
96.9
97.5
91.2
70.8
62.3
60.5
56
53.1
50.6
48.2
28
38.7
28
36.3
29.2
34.4
41.5
42.8
41.5
45.1
50
48.1
49.5
53
51.9
55.1
58.1
55.5
47.6
50.9
55.8
57.8
56.8
52.7
51.3
52.6
59.5
66.1
72.1
53.1
41.6
37.8
30
29.7
28.4
29.2
32
34.6
37.2
36.4
40.5
39.6
35.8
32
32.6
32.2
35.1
35.9
35.7
38.7
41.9
43.3
44.8
44.8
51
46.8
53.2
61
62.2
64.2
66.2
63.4
65.3
64.8
59.9
51.6
48
44.3
43.6
41
39.4
39.1
39.6
39.8
42
49.3
55.3
64
66.9
66.1
64.3
64.3
61.7
59.1
61.1
57.3
65.1
65.3
77.6
97.6
95.3
87.6
86
78.2
75.8
72.8
75.3
75.3
81.4
80.6
75.5
78.7
81.9
91.7
98
98
98
98
98
98
98
98
98
98
98
98
97.2
93.7
98
98
97.9
98
98
98
98
97.6
97.2
97.5
97.6
97.6
97.8
97.9
97.8
97.7
97.1
97.8
97.7
88.8
75.4
67.9
63.2
60.3
58.5
55.6
55.8
57.7
65.2
70.9
78
91.3
97.3
97.5
97.6
97.6
91.8
93.6
95.4
86.4
77.8
81.9
74.5
60.7
52.9
50.7
49
51.4
49.8
49.2
48.4
50.8
53.5
61.7
63.7
66.2
68.5
75
77.1
81.7
83.4
88.4
94.4
93.1
91
84.4
83.3
65
57.5
55.2
53.3
53.3
52
48.8
48.8
53.2
57.3
65.1
78.1
82.5
80.5
81.7
72.6
67.1
61.5
62.3
61.8
60.5
58.7
56.4
53.4
47.7
50.7
50.7
42
37.5
34.9
33.5
33.6
34.2
38.2
49.2
53.1
53.1
60.2
58.3
60.9
65
66.1
68.4
65.9
67
70.3
67.8
61.3
50.4
42.2
39.8
40.1
40.2
41.3
41
41.9
43.6
47
57.1
56.4
62.7
61.2
65.4
69.5
75
74
75.3
74.9
75.5
75.4
76.1
69.1
55.6
45.3
43.1
42.2
42.1
39.1
37
37.6
38.2
41.4
51.7
56.2
58.5
62.4
64.5
66.7
67
68.2
67.9
67.7
68.3
67.5
67.8
62
49.6
41.2
38.2
37.5
37.6
37
38.6
37.1
38.1
42.6
52
58.4
61.9
65.9
68.7
68.5
70.9
73.2
74.7
74.9
73.3
75.8
75.7
67.6
55.2
48.8
47.3
46.8
47.1
47.3
46
44.4
44.7
47
55.5
63.4
68.5
69.1
72.3
77.8
80.8
83.3
88
90.8
90.3
93.8
93.3
84.6
69.1
57
52.3
51.9
49.9
49.4
48.5
48.9
50
53.8
61.6
68.8
76
80.6
84
86.7
88.3
92.2
95.2
97.3
97.5
97.5
95.8
90.4
69.2
60.6
53.8
51.3
50.6
47.9
44.5
44.5
45.8
47.8
53.7
57.6
61.3
65.4
66.3
69.3
75.9
82.5
86.4
88.2
93.4
95.4
95.1
80.2
63
59.5
60.8
59.6
61.8
59.7
55.8
54.6
55.7
60.6
66.9
68.8
67.9
68.4
69.4
71.1
71.1
69.9
74
73.9
73.2
71.1
71.8
77.4
72.5
84.4
97.9
78.2
61.4
55.3
58.1
67.1
71.1
97.6
97.7
82.5
62.9
62.9
66.9
96.9
88.9
97.7
97.7
97.7
97.6
93.9
93.2
95.8
92.8
85.5
87.3
85.6
81.5
75.5
73.9
70.9
70.6
76.2
80.1
89.8
93.9
96.7
96.2
97.4
97.4
96.2
82.8
78.9
57.8
44.2
55
52.9
41.4
38
34.9
34
35.1
34.7
32.6
32.5
35.9
37.2
38.4
46.6
65
76.1
81.7
83.7
88.3
81.7
76.5
71.4
55.5
58
59
45.7
44.3
46.2
43
41.9
40.1
39.9
40
39.3
40.4
42.5
46.4
56.1
59
65.7
68.4
66
63.6
67.3
68.5
67.1
62.7
69.6
70.1
68
63.9
56.9
51.2
51
48.2
45.4
43.3
41.3
40.7
42.9
50.2
56.6
62.9
64.6
68
62.9
67.5
67.2
63.9
57.8
51.2
56.5
58.5
49.7
44
39.1
38.1
37.7
40
47.8
50.7
51.4
52.6
54.1
53.9
55.8
60
65.1
74.1
76
82.6
79.4
76.5
81.4
85.8
89.2
94.4
88
77.9
73.8
79.9
82.1
73.6
77.1
80.4
90.6
97.4
97.7
97.8
97.9
97.9
97.9
97.9
97.9
97.9
98
98
98
98
98
98
98
98
89.7
77
71
64.6
58.9
51.8
50.7
56.9
71.4
73.1
79.4
87.7
98
97.9
94.3
97.7
97.7
97.8
97.7
97.7
97.7
97.5
86.9
70.4
61.9
56.6
50.7
50.7
62.5
75.4
73.5
73.2
78.6
82.5
80.2
81.5
85
95.7
96.3
94.7
96
96.3
95.3
92
92.9
88.7
79.5
69.6
59.1
51.5
50.5
51.2
51.4
52.8
52.8
55.6
56
59.4
65.8
66.4
67.7
68.6
76.3
77.9
86.7
84.4
72.1
80.8
81.9
91
72
57.3
48.7
52
51.3
48.8
48
48.9
48.8
51
52.5
55.3
62.5
68.2
69.7
75.4
83.2
92.1
88.9
97.3
97.5
97.5
90.3
83.7
82
73.2
67.7
64.1
69
76.6
90.3
97.1
97.5
96
97.5
97.4
97.2
97.6
92.1
86.5
96.6
97.2
96.7
96.5
97.2
97.4
97.5
97.5
97.4
87.6
72.8
69.8
67.9
71.7
66.4
63.1
63.2
60.5
66.1
69.5
74.7
80.2
77.6
88.8
97.5
97.6
97.6
97.6
97.6
97.6
97.6
97.7
84.1
86.4
79.1
73.6
62.5
54.4
55.6
58.1
60.3
65.6
70.4
81.9
91
96.8
97.5
97.5
97.3
96.8
97.5
97.2
97.4
92.2
97.5
95.2
76
68.7
65.4
62.2
56.7
53.6
52.5
53
54.1
56.5
58.1
63.8
76.6
89.4
96.6
96.8
97.6
97.6
97.6
97.7
97.7
97.7
97.2
97.5
80.8
65.7
63.5
59.4
55.6
55.2
53.3
57.9
59.6
73.5
98
98
98
98
98
97.2
98
98
97.6
97.7
97.9
98
98
98
97.8
78.8
67.7
62
55.8
56.8
55.9
54.6
50.9
53.1
58.6
69.4
76.3
78.8
85
87.3
86.4
92.4
92.5
93.5
96.7
97.3
97.6
97.7
92.9
78.1
57
53.8
55.4
55.9
54.8
55
55.2
56.6
58
61.4
67.1
75.4
87.5
93.2
96.6
97.4
97.6
97.6
97.7
97.7
97.7
97.7
84.4
67.6
58.8
57.1
55.3
53.9
53.5
55.3
55.8
56
56.8
67.7
74.2
83.1
86.9
94.5
96.1
97.3
97.5
97.5
97.5
97.6
97.6
97.7
86.4
67.8
57.1
51.1
48.9
47.1
45.9
46.5
46.6
45.8
47.5
53.7
61.3
69.6
74
71.8
75.5
75.2
76.4
76.9
75.2
80.3
79.9
79.1
76.7
87.3
71.2
63.9
56.7
54.2
50.6
48.2
48
47.9
50.7
54.9
63.4
69.9
69.6
77.8
82.1
85.6
87.6
90.8
90.5
95.6
97.4
88.5
72.5
59.8
54
51.9
51.8
49.8
48.4
46
44.7
44.4
44.8
50.8
57.9
62.6
65.9
73.9
78.5
86.2
89.1
94.8
96
96.7
95.8
83.5
66.7
60.1
58.8
56.9
56.1
52.6
51.1
48.3
47.1
48.8
50.4
57
66.7
74.4
77.2
82.9
88.5
92.7
93.7
96
97.5
94.3
95.4
84.9
70.6
58.5
53.4
50.9
47.4
43.7
41.9
41.3
40.6
41.5
44.1
51
59.5
66.2
70.8
71.3
68.8
70.1
75.8
79.9
84
85.9
88.5
85.2
67.6
53.6
48.8
49.5
50.3
49.1
48
47.1
46.4
48.9
51.6
57.4
62.2
66.6
71.9
80.7
87.1
73
75.8
79.9
86.5
80.7
91.4
84.2
68.1
58.5
51.6
50.4
47.5
44.3
42.7
43.1
43.7
45.1
46.8
52.1
60.3
62.1
69.9
71.1
69.5
76.7
82.6
66.2
78.4
82.4
85.7
75.6
57.4
53
49.2
43.8
40.9
43.8
43.3
42
41.8
42.7
45.9
54.3
63.3
64.6
66.1
69.5
67.4
66.6
63.1
67
68.5
71.4
76.3
71.4
56.9
47.7
40.9
38.7
40
39.5
39.4
39
38.2
38.5
40.2
44
48.9
56.2
59.3
61.6
67.1
66.4
69.6
71.1
70.7
63.5
74.9
65.8
52.2
42.7
38.6
38.7
38.8
38.7
38
37.9
37.7
38.1
40
42.3
47.4
47.6
54
55.8
50
55
57.6
63.2
66.7
68.4
67.3
64.8
53.7
45.5
43.4
41.5
40.3
41.5
41
39.9
39.8
40.6
42
44.3
49.4
57.4
63.9
65.6
67.7
69.1
70.9
73.5
76.5
77.7
76.3
72.3
59.8
52.1
47.4
46.2
45.3
43.1
42.4
41.1
39.6
39.1
40
44.8
49.6
60.6
63.7
65.1
67.3
76.5
80.9
84.6
84.3
87.2
90.3
80
76.8
68
57.8
53.1
46.9
45
45.1
45.8
46.3
47
49
51
57.3
62.4
70.6
71.9
80.6
87.5
94.9
97.4
97.5
97.5
97.6
93
72.3
61.2
56.4
53.4
51.3
49.8
48.9
47.9
46.9
47.4
50
52.3
58.5
62.6
69.6
75.5
79.3
86.1
89.5
95.2
97.3
97.5
97.6
95.5
79.5
71.6
69.5
66.5
67.8
68.4
63.5
59.9
56
54.9
56.4
61.4
68.3
75.1
80.6
88.4
93.7
96.8
90.4
97.2
96.4
93.6
93.1
92
77.8
72.8
66.8
63.9
60.8
57.5
53.7
52.6
51
50.5
52.5
57.2
63.4
73.9
76.5
75.9
72.6
74.8
73
78.2
91.9
97
87.1
80.9
76.2
67.4
59.3
56
53.2
50.7
48.8
47.4
45.3
44.5
49.6
53.2
58.4
67
72.8
77.4
82.1
82.1
86.5
91
96.6
95.3
96.7
83.4
62.9
57.4
54.9
52.8
51
47.8
43.4
42.3
42
40.3
41
44.7
49.2
53
49.9
52.3
61.2
64.4
70.1
75.7
83.7
85.7
88
77.8
71.1
63.9
53
49.2
47.8
46.8
47.5
47.9
48.3
47.3
48.8
49.5
50.4
50.4
52.5
55.6
58.5
63.9
73.4
68.7
61.1
62
64.2
64.7
63.2
58.4
54.8
53.6
45.7
44.3
41.9
42
42.9
43.6
47
54
58.1
55.1
61.1
68.5
70.7
65.9
71.6
76.4
71.6
64.1
73.9
68.6
62.6
55.4
46.8
43.9
43.1
41
41.4
39.5
42.1
42.6
44.6
49.7
53.9
54.2
53.1
57.7
65.5
64.4
67.7
68.7
67.1
75
77.6
70.2
58.1
49.2
44.1
42.2
39.1
36.1
35.4
35.1
35.2
35.4
37
39.7
45.2
51.2
55.9
59
61.4
64
65.8
68.7
72.4
72.6
76.2
64.9
56.8
45.9
43.2
43
40.1
37
36
35.3
33.7
32.9
34.8
39.7
41.7
49.2
52.7
57.8
64
69.1
71.2
70.1
68.6
70.9
61.5
62.2
53.3
52.1
53.9
49.2
45.4
46
45.9
57.3
71.2
79.6
76.2
70.7
71.9
72
74.9
75.1
74.1
78.2
74.2
72.5
77.9
79.4
86.1
84.3
74.7
63.7
60
61.5
55.1
55.9
77.8
97.9
69.3
57.5
63.9
72.8
76.9
78.8
74.4
72.8
97.5
96.4
82.1
76.9
78.5
75.4
78.4
74.3
71.9
71.8
77.5
98
98
98
98
98
98
77.2
72.5
77.8
79.4
88.4
97.9
98
98
98
98
98
98
98
98
98
97.1
77.1
67
64.2
60.3
62.8
63.1
62.9
59.6
60.7
63.6
68.4
69.8
71.1
79.8
89.9
88.4
90.5
97.5
97.1
97.6
97.5
97.7
97.7
94.7
88.5
97.9
98
98
98
98
98
98
88.5
82
75.7
90.4
91.6
96.7
97.3
97.9
98
98
98
98
98
97.6
97.6
95.5
79
71.2
66.8
67.1
86.4
98
98
96.4
75.5
82.7
97.6
97.7
97.7
97.8
98
98
98
98
98
98
98
98
92.2
83.2
73.7
69
64.9
64.1
63.2
59.3
60.6
56.1
58
61.8
65
81.3
97.4
97.7
97.9
92.9
97.5
94.7
89
87.3
86.6
82.6
64.8
55.8
48.3
48.6
45.4
45.2
41
39.4
38.4
38.4
38.2
39.1
44.4
50.4
62.9
69.6
73.1
74.6
76.4
76.5
76.6
81.2
77.8
80.6
80.4
64
55.5
46.7
46.5
45.8
42.8
41.5
39.1
39.7
39
38.6
42.1
48.9
53.2
55.3
56.9
60.9
61.2
63.4
64.3
59.5
66.8
63
57.8
50.4
46.6
43.1
37.9
33.8
29.8
26.6
25.6
27.4
26.9
27.1
31.9
32.7
26
24.2
23.2
21.4
58.5
77.5
90.6
97.1
97.6
97.6
83
58.4
55.4
57.8
57.8
55.1
50.6
44.4
41.1
37.1
32
37.6
41.7
50.1
59.1
64.5
64.6
67.3
71.4
70.1
75.9
78.5
80
83
72.9
57.9
59.1
56.9
54.4
54
53.9
52.3
50.4
51
51.2
53.7
58
65.8
70.5
76.7
80
83.2
89.1
97.5
97.7
97.8
97.9
97.9
93.8
75.5
67
64.7
65.4
61.7
57.5
53.4
49.9
47
46.7
46.8
49.9
59
67.4
69.5
70.3
79.8
78.8
78.3
82.5
77.5
86.5
94.3
89.7
77.4
69.2
67.8
60.8
54.5
50.5
48.2
45.8
45
47.3
46.5
54.5
60.5
66.4
66.4
70.7
79
82.9
85.6
84
80.9
77.9
79.7
70.1
60.9
57.8
53.8
53.7
53.4
50
50.6
51.8
52.9
56.8
58.3
57.9
58
60.7
60.6
58.4
58.8
62.8
65.3
67.2
66.6
66.8
69.1
62.6
54.2
52.5
58.4
63.1
58.3
56.7
59.5
49.1
42.5
42.4
43.7
47
49.8
51.2
54.3
55.2
59.7
61.5
65.6
62.1
63.8
66.9
64.3
50
47.1
43.8
43.8
41.4
39.8
39.1
37.9
36.2
35.4
35.9
38.4
42
49.3
53.9
59.1
59.6
60.8
59.4
54.3
55.7
54.6
59.6
62.7
67.6
64.8
59.3
54.9
51.1
47.7
44.1
41.3
39.5
38.8
39.7
42.1
44.4
48.7
56.5
58.9
58.8
59.7
63
63.4
63.1
69.9
85.1
81.1
64.9
55.7
46
42
38.3
38.9
41.2
40.5
40.5
40.4
40.8
42.8
45.6
47.9
54.7
59.6
62
50
57
64.7
58.1
59.2
63.1
66.6
60.1
48.1
35.7
35.5
36.4
35.3
35.1
35.1
35.4
35.7
36.5
38.7
40.4
45
49.2
54.4
61.1
57.6
62.7
71.4
75.8
78.4
78.9
74.7
59.2
50.5
44.7
38.9
37.1
37.6
36.8
36.4
34.7
34.6
34.5
36.2
37.9
45.1
53.9
60.5
62.6
64.7
70.3
67.8
72
72.3
74.3
73
60
50.2
44.8
42
40.3
39.2
37.6
36.4
35.2
35.5
34.9
35.5
39.1
46.7
53.8
59.5
62.8
66.3
67.4
70.7
73.2
75.1
78.8
74.4
62.2
51.6
46.3
41.4
41.4
38.3
36.5
36.3
36.9
34.4
35.8
38
43.1
54.7
60.3
57
63.3
68.9
66.6
72.2
71.2
64.5
65.4
66.8
59.4
47.7
44.7
41.5
38.5
34.8
34.7
35.1
33.9
34.8
36
43.5
52.3
48.8
55.8
62.5
65.7
54.1
52.9
62.9
61.3
64.6
73.9
70.7
65.1
57
51.5
46.5
42.4
41.3
40.6
39.7
38.9
39.8
42.7
48.7
53.3
55.8
57
60.2
64.8
63.5
70.4
77.9
77.2
77.3
79.3
73.2
65.4
62.1
57.6
54.7
49.7
41.1
40.3
37.4
35.6
35.6
35.6
39.7
44.9
53.5
54.4
59
70.8
61.1
52
52.4
77.5
69.8
60.8
56.6
59.8
60.8
90.7
98
86.8
55.6
54
56.1
55.2
58
58.8
65.3
71.2
96.6
97.8
84.5
76.8
77.9
78.5
91.3
96.8
97.8
96.4
96.1
83.8
71.3
66.8
63.5
63.1
56.5
48
50.2
53.6
61.2
55.9
62.2
82.5
98
97.9
98
98
97.4
87
83.6
80.2
80.2
80.2
78.2
80.7
81.6
79.2
78.6
86.3
98
98
98
98
98
98
98
98
98
98
98
98
98
98
98
98
98
98
98
98
97.2
96.7
96.9
96
80.5
75.4
78.3
82.5
91.3
92.9
96.9
96.9
97.7
97.7
97.6
97.6
88.9
80.1
66.7
74.9
84.4
85.8
73.4
61.2
55.1
45.7
43.6
43.4
42.5
43.4
42.1
40.1
38.9
41.7
41.2
45.6
59.2
67.4
72.6
70.3
67.5
83
95.5
97.5
97.5
97.6
91.5
66
55.7
52.1
51.2
50.3
50.3
50.3
50.6
49.2
48.2
50.2
49.8
54.4
61
76.7
74.1
85.6
87.6
94
85.2
83.7
79.5
80.8
97.8
98
98
98
98
98
98
94.8
74.7
72.4
81
96.6
98
98
98
98
98
98
98
98
98
97.9
98
98
98
96.6
96.2
89.6
75.4
74.4
72.9
75.7
77.8
91.3
77.4
93.6
98
98
98
98
98
98
98
98
98
98
98
98
98
97.8
79.2
65.3
63.4
61.9
55.5
51.3
52.2
50.6
52.2
56.1
67.3
82
90.9
93.6
96.8
97.8
97.9
97.9
97.8
97.8
97.9
97.8
97.7
96.3
78.1
59
55.6
51.9
51.7
51.5
57.5
94.1
98
91.2
77.2
82.6
80.6
77.2
76.5
97.6
97.7
94.6
93
97.5
97.6
97.3
97.5
82.6
65.6
64.1
64.2
60.4
56.7
54.3
57.6
67.5
91.8
70.8
72.7
97.7
98
98
98
98
98
97.6
97.7
97.8
93.3
97.6
98
97.9
94.5
83.4
72.2
61.7
62.2
66.7
72.4
88
98
98
98
98
97.9
98
98
98
98
97.8
97.8
98
98
98
98
97.9
98
98
87.9
69.5
68.4
81.7
97.5
98
98
98
97.8
97.6
97.8
97.9
97.9
97.8
97.9
97.9
97.9
97.8
97.9
98
96.7
82.5
68.2
66
65.6
60.7
57.9
58.2
54.2
53.9
67.2
66
62.9
66.1
77.7
81
82.7
92.2
88.9
97.5
97.4
96.3
91.9
90.2
92.9
80.6
63.6
55.5
55.1
54.1
52.8
52.1
52
59
70.4
73.7
70.5
77.6
74.9
69.5
69
72.1
70
75.7
75.3
73
84.7
96.6
97.6
90.3
74.1
59.2
55.6
55.9
53.8
52
49.7
49.2
51.2
51.4
52.5
64.4
78.5
97.9
98
98
98
98
98
98
98
97.6
91.7
90.8
97.2
93.2
72.3
66
67.2
61.9
60.9
59.7
60.5
59.5
81.2
98
98
98
98
98
98
98
98
98
97.9
97.9
98
97.7
77.2
69
67.4
67.9
65.1
63
59.4
59
57.5
61.2
67.6
92.6
98
94
88.5
94.6
97.6
97.8
97.6
97.5
97.7
97.7
97.6
97.4
97.4
93.6
73.2
71.6
68.1
65.3
60.4
57.8
56.7
60.5
60.4
67.8
97.9
98
98
98
98
98
98
98
92.2
92.9
93.8
77.5
68.8
62.6
56.7
53.9
52.2
53.1
54.1
53.4
52.9
52.4
52.8
61.7
75.1
74.9
83.2
90.4
96.3
91.2
85.5
78
73.2
71.6
77.7
76.8
73.9
71.4
62.5
59.6
61.3
59.8
57.1
73.9
98
97.6
91.9
91.2
81.7
98
98
98
98
98
98
98
98
97.5
97.6
81.1
68.7
64.4
63.7
58.9
54.9
51.7
50.1
48.9
50.1
47.5
46.7
51.8
65.9
71.8
76.3
92.4
93.9
96.5
97.5
97.5
97.2
97.5
93.7
71.3
62.1
58.2
56.3
53.8
53.6
52
49.3
48.3
49.4
49.4
52.7
55.2
57.9
84.7
97.8
97.6
96.7
97.7
97.7
97.7
97.5
97.5
96.8
91.7
70.3
65
61.8
62
58.9
57.5
56.2
57.2
57.3
57.9
57.9
60.3
65.7
79.2
91.4
97.4
97.6
97.2
90.8
82.9
86.3
85.7
83.3
73.2
63.5
60.4
58.7
55.1
53.2
51.6
51
50.3
50.3
48.9
50.3
58.5
63.5
68.9
76.2
80.1
74.2
74.3
79.4
75
80.9
81.9
83.6
71.3
62.7
57.3
54.1
51.2
48.6
46.7
47.9
50.3
49.6
51.6
52.3
53.7
61.5
71.6
85.4
87.9
80.3
73.4
73.2
66.9
71.1
72.5
75.6
75.3
67.5
63.3
60.2
53.8
49.8
52.7
49.2
50
49.8
49.2
51.5
55.3
61.2
66.2
70.7
77.7
83.4
89.6
92.9
91.9
96
91.6
82.4
68.5
60.8
53.8
54
50.3
47.9
47.1
46.8
46.4
45.4
46.1
46.4
49.1
51.5
54.9
54.5
56
62.3
65.3
69.2
73.1
74
74.3
72.5
62.7
56.9
55.6
53.7
52.8
53.5
52.5
49.7
47.8
43.6
40.8
40.7
39.4
45.5
52.2
55.1
61.2
71.2
73.7
80.6
79.2
67
76.2
65.9
60.3
55.1
55.9
54.2
48.9
49.1
47.4
47.7
47.3
47.1
47
48
53.1
61.3
65.2
60.8
67.2
59.4
62
67.1
75
72.9
76.1
80
65.6
56.5
52.7
51.1
49.4
48
45.5
44.8
44.2
43.8
44.2
47.3
49.9
52.9
54.1
52.3
52.2
54.5
61.9
66.2
69
71.8
94
97.5
81.9
67
61.4
55.9
42.4
34.3
34.7
32.5
32.5
31.5
30.6
30.9
37.6
44.5
52.1
57
59
63.4
71.7
68.9
62.3
65.5
66.3
72.9
66
55.3
50.4
49.7
50.1
46.9
46.3
46.1
44.1
47.3
51.6
47.6
47.4
52.5
54.4
57.8
60.7
65.1
75.3
84.9
83.8
91.5
96.9
86.5
66.7
57.2
50.8
50.2
48.9
47.5
46.6
45.9
47.3
45.2
44.7
45.9
48
57
61.1
69.7
69.4
73.3
74.2
85.5
90.2
79.9
76.4
78.2
68.1
60.7
56.3
53.1
50.1
47.6
47.2
45.4
44.2
44.3
43.3
45.3
49.4
57.1
61
68.1
74
76.2
81.8
83.5
82.8
87.5
73.9
67.3
65.8
69
71.1
67
61.1
56.9
52.6
50
47.5
48.1
48.2
49.4
51.4
59.7
66.8
77.6
81.5
77.5
74.9
89.1
73.4
83.4
78.4
85.8
75.5
63.3
53.6
52
50
48.8
49.3
47.7
46
46.1
44.6
46.6
49
71.3
98
97.9
97.8
97.2
96.5
87.4
97
97.7
93.9
95.6
95.7
78.1
70.2
64
65.3
76.4
78.7
98
98
98
98
91.7
79.3
77.9
86.6
90.5
96.2
96.2
93.8
94.8
97.7
97.6
97.7
97.6
85.4
67.9
64.8
63.9
60
56.4
53.4
52.4
52.6
54
53.9
55.1
58.2
63.1
69.2
75.7
78.3
86.4
73.5
82.1
85.6
92.2
95.7
92.3
73.8
61.8
64.8
62.7
56.5
52.9
48.5
41.5
33.4
29
27.8
28.2
29.3
32.7
38.6
45.5
59.1
69.1
84.8
93.7
97.4
97.6
97.5
91.3
62
49
44.8
40.7
35.7
31.3
32.6
31.1
31.3
31
30.7
30.6
31.5
37.1
40.8
30.5
28.2
34.8
38.6
35
37.8
44.1
42.2
51.1
45.4
41.2
35.3
35.3
36
35.1
34.3
33.8
35.8
34.2
33.7
35.9
37.5
42.9
47.5
53.9
60.1
67.5
72.3
72.7
73.2
75
69.1
64
55.4
50.3
46.6
45.7
43.8
42.1
41.9
41.3
40.1
40.3
41.1
42.9
46.4
55.8
62.6
63.6
74
83.2
86
92.3
93.1
91.4
97
89.1
66
57.7
50
50.2
48.1
46.6
46.3
45.4
43.8
43.1
48.2
53.9
58.9
61.5
64.4
68.7
73.5
65
69.2
72.1
79.6
83.4
86.9
86
81.7
71.9
68.2
66.4
60.5
58.5
54
53.6
59
60
58
59.5
62.4
68.4
74.2
56.5
62.6
63.3
62.7
90.2
50.6
43.4
48.2
51.2
46.2
42.6
37.9
36.2
33.3
32.6
33.5
31.4
33
33.9
34.6
34.3
39.3
47.2
40.9
44.8
47.9
48
49.6
51.3
57.8
71.1
70.2
69.8
61
58
54
52.1
48.2
46.7
44.6
43.4
41.5
45.4
59.8
53.9
54.2
62.6
62.2
65.7
68.7
68.6
73.5
83.4
87
89.7
92.2
86.2
64.7
53.6
50
48.3
46
43.9
41.9
39.2
37.1
35.4
35.3
36.9
37.6
41.8
46.9
55.4
61.7
63.3
67.6
72.4
76.6
74.6
78.1
77
60.8
52.5
49.3
47.2
45.2
44.2
42.8
40.8
39.3
38.5
37.5
38.2
40.3
47.1
53.6
59.4
64.1
67.7
69.9
73.3
76.3
76.4
72.4
80.4
62.9
54.5
49.5
46.8
43.5
40
38
36.9
36.2
35.3
34.7
34.1
38.9
49.4
57.2
64.8
66.3
71.9
72.4
77.5
80.8
77.8
82.5
84.2
62.4
51.4
46.3
43
37.7
32.7
34.4
36.7
35.8
33.1
31.8
30.3
36.9
46.4
52.1
56.9
57.3
57.2
58.2
60.4
60.2
62.8
64.4
64.2
53
47.3
42.7
35
33.9
33.9
34.6
33.7
32.4
30.1
25.6
28.7
35.3
45
55.2
54.4
58.3
48.2
51.6
54.6
62.8
66.4
68.9
67.6
56.4
48.3
43.3
40.5
37.9
35
30
26.3
27.3
26
23.4
25.7
33.5
43.8
45.6
49.9
53.6
56.3
58.8
60.1
60.6
61.4
60.8
60.4
52.8
45
39.1
33.8
31.9
30.4
28.9
28.8
28.5
27.8
27.9
27.9
33.2
45.5
51.6
56.7
59.7
57.4
56.2
59.3
51.4
55.7
61.5
62.9
54
45.3
37.4
34
35.1
34.7
34.3
33.4
31.9
30.3
30.1
30.5
36.5
44.5
50.6
56
57.4
54.7
57.3
55.8
61.8
66.7
68
66.3
56.5
47.8
41.6
41.1
36.2
33.2
31.4
28.8
26.9
23.8
24.2
26.5
31.8
38.6
43.1
50.4
54.3
56.5
56.4
59.6
60.8
63.1
62.3
60.5
51.4
44.4
37.7
35.4
31.4
29.8
29.4
28.6
28.8
27.3
24.8
24.8
31.1
40.4
46.8
51.2
50.5
54.7
59.6
63.7
67.8
75.8
82
75.4
71.3
64.5
61.1
59
53.9
51.9
49.2
45.3
40
38.3
38.4
34.8
36.7
43.4
53.3
54.6
54.6
58.4
63.3
68.4
70.8
72.3
68.3
65.9
60.3
49
43.7
38.7
37.5
37.3
36.1
33.8
34.1
35.4
34.2
33
36.4
40.4
40.6
38.4
38.4
43.9
51.2
57.5
64.2
65.8
64.2
67.1
60.4
59
61
55.3
50.8
49.6
45.1
41.6
34.7
33.8
33.7
34.1
35
41.3
39.8
31.1
32.6
36.4
39
41.4
42
43.9
51.6
56.6
49.5
44.5
38.8
35.3
32.4
32.5
31.9
31.1
30.2
28.8
28.4
29.9
32.1
36.7
45.4
52.7
56.2
50.4
58.9
65.8
66.5
67.8
70.3
69
57.3
48.4
39.6
33.5
33.2
34.2
34.3
33.7
33.2
33.8
33.3
34.5
37.5
45.3
51.1
57.9
59.9
59.6
61.8
64.9
69
72.5
73.4
69.6
55.5
49.8
42.3
39.4
37.7
37.2
36.9
36.6
35.3
34
34.5
36.4
37.9
43.7
49.4
54.2
53.5
55.5
52.6
57.3
64.3
67.5
75.3
77.7
62.5
54.1
46.8
39.4
38.1
37.7
36.8
36.2
35.5
34.8
35.4
38.2
41.2
43.1
50.9
52.6
51.8
51.2
49
53.4
55.3
57.4
59.7
61.4
56.1
46.8
44.6
42.7
41.6
42
40.2
40.1
39.6
39.1
39.1
42.1
45
49
55.3
64.5
68.1
68.5
68.8
65.8
71.8
68.3
75.9
76.3
60
41.8
31.6
22.8
20.1
20
20
20
20
20
20
20
21
57.9
55.8
59.1
59.5
61.1
56.6
52
53.1
48.8
51.3
53.5
49.1
45.6
40.1
34.8
33.2
32.4
32.4
33.4
32.4
32.1
34.3
36
37.6
39.4
44.5
48.2
49
48.4
42.3
53.6
57.2
58.1
55.7
56.7
51
47.5
39.7
36.7
34.5
33.5
32.9
32.9
32.6
32.4
33.3
35.4
37.8
42
49
55.6
59.1
60.9
56.8
64
56.8
63.4
69.5
73.9
59.6
50.7
43.6
39.2
38
37
36.4
36.4
40.5
46.3
45.5
52.7
69.3
72.8
64.2
70.1
74.7
73.9
87.4
96.1
98
98
98
98
95.3
80
65.5
57.2
50.2
49.1
48
48.3
47.9
52.8
49.7
47.5
52.6
60.1
73.3
73.8
85.5
95.3
96.9
97.5
97.5
96.4
97.6
97.6
89.8
74.6
58.8
41.1
39.8
39.2
38.6
39
38.4
38.4
39
41.8
44.3
51.2
58.8
66.7
70
72.9
67.5
67.8
78.2
77.4
93.4
89.1
68.4
62
49
45.7
41.9
39.4
37.7
37
36.9
37.3
38.6
41.3
43.6
46.8
49.4
54.6
55.1
51.6
46.9
56.3
58.7
55.5
60.9
60.5
53.1
46.3
36.1
32.1
30.8
30.9
32.3
32.6
33.5
34.1
35.1
37.5
40.1
46
53.9
56.7
51.8
56.2
51.7
61.1
61.7
73.2
74.9
76.3
62.8
50.4
45.4
41.5
42.9
52.2
40.7
36.7
35.5
35.1
37.9
38.9
43.2
54.2
68.8
73
89.3
97.9
98
98
98
98
98
97.7
98
98
98
97.9
97.9
97.9
98
86.7
68.3
66.9
66
98
97.8
83.6
76.6
76.4
76.2
80.6
87.3
98
98
98
98
98
98
98
98
94.6
71.8
54.2
45.5
46.3
49.6
75
98
98
97.8
97.6
97.7
97.4
97.4
92.6
97.6
97.7
94.1
97.7
97.7
97.7
92.1
70
59.1
51.6
49.4
44.2
43.3
44.6
42.3
41.1
39.4
40.8
45.5
52.3
59.4
67.2
81.9
77.1
71
82.5
93
97.6
97.7
97.7
92
69.8
59
53.7
50.7
48.5
48.4
45.4
45.3
43.4
44.1
46.2
53.1
64.6
71.6
64.4
71.5
79.4
86.6
85.6
85.9
92.1
91.6
94.2
72.5
59.5
51.5
46.5
46
46
43.8
43.6
42.3
42.8
43.9
46.9
50.3
60.1
62.5
67.2
73
75.9
84.8
95.7
97.6
97.6
97.7
97.7
89.9
77.3
63.3
63.7
61.5
54.6
52.5
50.8
47.8
47.8
51.3
54.2
56.8
69
69.9
70.6
81.1
82.1
94.8
87.4
87.1
93.7
90.7
96.5
97.6
90.5
82.1
70
56.7
55.6
53.1
53.6
51.7
49.8
50.6
54.7
58.4
68.9
75
86.4
96.9
96.8
97.5
94.9
97.6
97.7
97.7
97.6
88.1
66.3
57.6
54.1
52.9
49.2
48.4
47.6
46.4
45.6
46.1
49.9
55.5
67.3
71.9
75.4
69.3
66.8
69
71.2
73.8
75.3
87
92
83.7
68.5
61.7
59.2
56.4
54.1
51.1
48.8
45.8
42.8
43.7
46.6
48.6
55
57.3
59
63.9
69.2
75.3
84.7
82.3
76.2
76.1
97.6
97.6
85.1
62.8
62.2
60.9
59.6
52
50.3
50
46.5
43.5
45.1
50.5
56.1
57.2
60.3
64.6
72
74.4
73.1
78.4
73.5
83.2
81
66.5
58.2
52.2
48.7
45.4
43.6
43.5
43.5
43
43.6
43.9
47.7
53.1
56.3
61.3
65.4
68.5
65.3
65.8
77.4
87.4
84.5
83.8
84.8
81.8
67.1
57.2
55.3
50.7
49.1
48
45.6
42.4
42.3
58.9
98
98
98
97.9
97.8
97.7
97.3
84.6
60.7
77.2
95.5
98
98
98
97
92
75.1
72.3
67
62.8
55.1
55.6
55.4
76.3
98
98
98
98
98
98
98
98
97.8
97.5
95
93.9
88.6
86.9
89.7
88.4
97.9
98
98
98
98
89.5
78.4
91.7
98
97.5
94.9
89.3
93.8
98
98
98
97.7
97.5
97.5
97.5
97.6
97.5
97.4
82.8
82.3
76.6
65.7
63.9
61.9
58.3
60.4
60.8
70.4
97.5
98
98
98
97.8
96
87
80.1
86.5
96.3
97.6
97.7
97.8
94.8
77.8
64.2
58.7
56.4
56.5
62.3
64.3
57.6
55.5
61.4
65.8
76.6
94
97.6
97.7
97.8
97.8
98
98
98
98
98
93.6
74.6
63.6
60.9
60.2
56.9
53.8
49.3
50.1
46.3
45.9
51.5
58.9
77.3
92.1
97.5
96.7
97.5
86.9
77.7
93.2
97.5
97.6
97.7
97
79
62.8
53.9
52.5
48.5
46.1
43.9
42.6
41.6
41.6
47.2
56.8
65.5
66.3
67.9
83.3
72.4
92.3
97.5
86.3
97.6
97.6
97.6
92.3
67
55.1
49.5
44.9
42.1
41.6
40.9
39.2
39.8
41.5
44
58.1
64.4
63.8
65.3
64.3
64.1
66.4
85.7
82.6
93.3
94.8
93.3
89.4
80.4
62.9
50.6
46.8
44.8
41.7
42.3
41.4
41
42.2
47.7
60.3
67
73.6
77.2
81.5
88.3
93.2
95
95.8
96.8
97.6
97.6
92.6
70.5
59.4
54.6
51.2
50.5
53.9
52.6
52.3
52.4
57.1
77.1
71.7
68.5
67.8
71
69.6
71.9
74.3
75.2
78.9
81.3
87.2
83.6
86.4
79.6
80.8
71.8
61.8
58.6
60.8
60.8
63.4
68.2
65.9
74.1
73.7
73.8
74.8
72.2
77
81.2
93.9
94.7
97.6
97.7
97.6
81.2
75.1
97.2
98
98
98
98
98
79.8
66.5
69.1
76.1
79.8
96
97.5
97.4
96.3
97.3
95.8
97.6
97.9
98
98
98
98
97.9
97.9
97.9
97.9
98
93.4
83.1
65.9
58.8
58.9
60
59.4
66.9
75.9
92.2
97.5
97.5
90.8
94.1
96.1
97.8
97.9
97.8
97.8
97.7
81
65.6
59.1
59
55.5
54.4
50.9
46
42.3
42.3
46.3
64.6
73.4
82.4
83.4
74.3
85
79.1
91.2
97.5
91.1
86.6
89.6
86.9
83
72.8
55.4
54.9
51.8
51
49.4
49
51.2
52.3
54.3
60.9
65.9
74.8
72.4
68.1
72
84.5
70.4
78.5
82.7
87.8
88.5
92.8
73.3
63
44.2
43.3
45.2
49.7
48.6
46.5
49.2
50.3
54.3
62.1
71.2
75.6
80.5
81.8
86.2
89.6
90.3
91.1
69.9
70
61.6
61.1
64
74.9
68.3
65.8
59.2
56.2
56.3
64.9
57
55.3
58.6
41
28.6
29.1
29.1
31.5
35.3
36.4
48.5
38.4
43
35
39
35.5
32.9
31
29.3
28.2
27
25.5
24.4
26.5
23.5
24
25.3
27
26.8
27.2
27.3
27
37.7
45.5
44.9
50.1
52.3
47.5
48.4
34.3
35.6
35.4
37.1
35.8
34.6
36.8
37.3
40.5
36.7
34.1
39.8
54.2
59.1
52.8
49.4
51.4
57.1
66.3
74
80.4
83.1
83.5
82.4
76.7
60
50.3
47.6
44.7
42.4
38.6
37.4
36.6
36.2
37.7
41
48.2
58.4
67.9
72.8
69.6
73.5
84
85.9
88.7
96.4
97.5
97.5
89.4
75.3
58.8
50.1
46.1
43.6
41.9
39.8
38.5
37.2
38.6
45.8
61.5
61.3
68
70.5
78.2
82.1
86.3
82.1
90.5
96.8
97.4
96.7
89.4
63.4
54.5
50.1
47.6
46.3
44.7
43.5
42.5
42.7
44.4
48
55.1
55.7
58
61.9
65.3
71.7
77.9
79.7
78.4
93.8
97.8
98
98
97.5
86.5
69.1
60.4
58.7
54
50.8
49.4
48.5
51.3
57.5
69.6
79.2
92
93.5
92
96.8
97.5
93
93.6
97.6
97.8
97.8
89.6
61
53.8
44.4
34.4
27.4
25.9
26.1
33.1
36.8
38.8
45.1
50.4
54.9
62.1
61.3
71.2
81.1
84.1
71
76.9
79.5
84.1
91.3
78.6
62.1
53.5
35.5
33.9
33.2
32.7
33.1
33.3
33.8
34.4
38.7
52.2
60
64.8
54.9
63.4
60.4
66.7
78
77.6
68.8
79.8
79.2
74.4
60.9
51.7
49.1
42.9
41
39.2
39.2
38.8
38.6
39.9
44.1
54.7
63.5
70.4
73.9
75.3
72.1
81.4
66
79.9
86.6
93.2
93.5
88.7
67
56.4
48.6
45.8
44.7
44.8
43.4
42.3
42.3
44.1
48.9
59.9
64.3
68.9
75
79.9
86.6
89.9
96.9
97.4
97.5
96.4
91.6
97.4
86.7
69.9
58.5
52.6
51.9
49.7
47.6
47.1
46.2
47.4
53.9
60.8
64.3
71.3
72.1
74.1
87.6
89.1
96.4
97.6
97.6
97.6
96.8
97.6
85.2
64.5
55.9
52.1
49.9
51.3
48.9
48.8
47.5
49.6
56.4
64.3
72.3
76.8
75.2
69.7
85.8
98
98
98
98
98
98
98
98
98
96.7
73.3
71.2
69.5
64.7
63.4
60.4
58.4
68
90
95.4
75
75.8
74.1
76.2
73.8
83.9
97.7
97.6
97.7
94
97.5
90.8
75.9
79.7
75.3
62.3
56.7
56.1
52
42.6
41
38.9
37.4
35.7
34.7
35.9
35.3
40.7
41.6
40.9
43.7
40.7
52.7
56
58.2
47.8
43.7
35.8
36.8
37.9
38.4
36.2
34.2
33.9
36.6
39.1
48.5
53.2
66.6
67.2
69.4
81.8
85.8
90.5
94.3
97.2
97.5
97.5
95.1
79.2
67.6
54.9
49.2
48.1
48.8
48.3
46.2
46
48.4
53.3
68
78.6
87.8
84.5
89.9
84.4
96.6
97.4
97.6
80.8
95
97.6
97.7
80.3
62.7
52.8
50.2
49.5
48.9
48.3
47.6
47.4
49.4
55.8
67.7
83.4
91.9
97.1
97.4
97.5
97.6
97.6
97.7
97.8
97.8
97.8
97.9
88.2
67
58
54
52.2
51.3
49.7
49.6
51.3
53
60.7
74.6
83.7
91.2
79.2
97.1
97.6
97.7
97.7
97.8
97.9
97.9
98
97.9
90.9
66.8
58.8
55.6
54.6
51.4
49.6
48.3
48.3
49.3
58.8
72
84.4
93
92.7
97.5
97.5
97.6
93.2
95.8
97.7
97.6
97.2
97.6
80.8
63
53.7
46.3
45.1
43.5
43.9
43.4
43.4
45.1
54.2
62.7
71.2
65.5
76.7
79.9
79.8
76
70.6
90.3
92.2
96.2
97.5
97.5
84.2
63.6
58.5
57.7
57.4
54.2
54.1
55.2
55.7
58.6
63.8
63.8
67.1
72.1
70.9
73
79
95.4
97.5
97.6
95.9
98
98
98
98
98
98
98
97.9
92.5
78.8
73.3
82.2
96.4
98
98
98
98
98
98
98
98
98
98
98
98
98
98
98
98
98
98
98
98
98
98
93.7
97.8
87.9
96.4
98
98
98
98
98
98
98
98
98
98
98
98
98
98
98
96.6
73.6
66.9
58.6
55.8
54.8
57.3
78.3
77
76.4
74.8
75.1
78.2
76.5
77.7
94.3
91.3
95.8
90.4
86.8
97.7
98
98
97
95.6
84.8
71.9
70.1
67.4
58.8
62
75.2
83.4
88.9
89.9
87.5
90.4
75.7
85.6
91.4
97.5
97.8
98
97.7
97.7
97.3
97.1
89
96.1
80.4
72.8
67.9
66.2
61.1
72.6
93.9
97.6
97.8
97.9
98
98
98
97.9
98
98
98
98
98
97.8
86.7
70.2
64.4
62
59.5
56.6
54.7
52.1
53
57.6
78.2
92.5
97.6
97.7
97.7
97.8
97.9
98
98
98
98
98
98
98
91.7
68.2
62.4
58.5
56.5
55.4
52
52.5
54
58.2
76.2
89.6
97.5
97.6
97.7
97.8
97.9
97.9
98
98
98
98
98
98
94.2
74.9
63
59.3
55.6
54.9
54.9
51.7
53.3
62.1
75.1
83.7
92.5
93.7
84
82.1
78.8
95.5
97.5
97.6
97.5
97.6
97.7
97.7
97.5
89.5
73
66.2
62.4
60.9
59.8
61.2
62.4
68.5
91.3
96.6
97.6
97.7
97.8
98
97.9
98
98
97.9
98
97.9
98
98
97.8
86.7
71.8
63.5
61.4
60.7
61.1
60.3
59.1
62.7
80.6
79.2
80.5
89.1
97.6
97.2
95.9
97.5
97.7
97.8
97.9
97.4
97.2
97.7
97.2
84.4
83.2
84.8
81.9
75.2
75.8
91.6
97.5
97.7
97.7
97.9
98
98
97.9
97.9
97.8
97.7
97.6
97.6
97.6
97.7
97.6
97.6
96.7
84
70.8
67.3
69.8
66.9
63.4
65
68.9
69.9
76.8
86.2
93.6
96.2
92.7
97.5
95.2
97.7
97.8
97.5
97.6
94
97.5
97.5
89.1
70.9
58.7
57
55.2
54
52.9
52.5
52.9
56.4
70.1
88.6
97.1
97.6
97.6
97.7
97.7
97.8
97.7
97.9
97.9
97.9
97.9
97.9
97.1
75.6
61.7
59.5
55.9
54.9
53.4
49
51.3
54.6
63.5
75.4
83
84.4
75.5
69.2
75.5
81.6
81.8
83
85.1
92.2
82.9
87.2
81
71
57.7
52.6
48.9
46.9
47.7
48.3
49.4
51.3
59.1
71.9
79.6
86.2
86.6
89.2
89.3
93.1
92.1
79.7
86.4
83.9
79.7
96.3
83.1
70.4
63.1
55
52.6
51.9
50.2
49.6
52.2
56.7
69.4
84.3
84.7
93.9
97.5
97.6
97.5
97.6
97.6
97.6
97.7
97.7
97.8
97.8
96
72.1
60.6
54.3
53.9
51.6
52.6
52.4
51
62.6
78
88
90.4
88.6
88.7
91.7
92.7
97.5
97.6
97.6
97.8
88.9
97.6
97.7
97.1
73.7
60.9
56.9
55.6
54.5
54.5
52.2
52.3
57.8
67.4
80.2
88.1
88.4
93.2
80.6
62.4
64.9
63
68
76.4
78.5
78.3
71.7
72
69.8
69.3
70.6
65.6
59.8
57.2
56.1
54.1
54.1
58.7
63.4
68.4
71.1
74.6
80.1
82.1
85.9
95
97.5
97.6
97.7
97.8
97.9
95.6
72.6
62
58.2
56
54.4
52.5
51.4
51.4
55.4
66.8
84.7
94.8
97.5
97.6
97.6
97.7
97.8
97.8
97.9
97.9
98
98
98
97.9
85.4
67.3
60.5
60
59.1
58.8
57.5
57.4
61.9
78.6
93.3
97.5
97.6
97.5
97.5
97.5
97.5
91
88.4
94
96.7
97.4
97.5
96.4
82.4
73
65.3
61.6
56.7
56.7
56.6
57
60.8
74.9
89.1
96.7
97.5
97.6
97.7
97.7
97.8
97.8
97.9
97.9
97.9
97.8
97.6
97.6
92.7
79.5
70.1
68
67.7
68.9
67.1
67
72.9
87
97.4
97.5
91.3
58.1
42.7
60.4
80.9
81.7
92.9
97.6
97.7
97.8
97.8
96.2
65.7
52.3
51
52.8
50.9
51
48.8
50.9
53.7
60
68.9
82.1
77.7
72.4
79.5
77.4
71.2
71.9
61.8
63
82.1
86.7
93.4
84.2
82.9
61.2
48.8
51.4
45.7
45.6
47.1
48.8
51.7
58.3
65.9
68.3
66.5
67.1
85
86.6
77.2
79.4
82.5
84.6
87.6
84.5
80.1
70.2
57.6
48.3
43
41.5
37.6
35.9
36.3
39.4
42.8
47.3
61.7
67.3
68.3
70.7
70.3
68.5
71.9
71.3
67.3
60.6
56.8
56.5
56.1
56.1
53.5
46.9
36.1
32.6
32.2
36.5
35.9
40.4
42
43.7
52.2
54.4
54.4
58.2
53.6
51.7
59.4
57.5
53.7
60.8
68.3
69.9
70.2
68.1
60.3
47.2
41
37.1
37.2
39.5
42.6
45.5
49.6
58.5
66.1
76.1
87.3
85.5
94.1
97.3
97.4
93.4
69.9
68.9
84.3
91.3
97.1
97.7
97.7
97.5
96.1
97.6
98
98
97.7
97.8
98
98
98
98
98
98
98
98
98
98
98
98
98
98
98
98
97.7
92.3
81.5
73.7
60.1
63.4
67.8
67.3
71.9
85.9
93.7
95.7
84.2
78.9
89.6
96.7
97.3
88.3
80.4
97.2
97.7
97.9
97.9
96.2
97.8
97.8
98
98
98
98
98
98
98
98
98
98
98
98
98
98
98
98
98
98
98
98
98
98
98
90.9
71
69.6
67.1
66.4
64.3
68.3
81.5
97.5
97.7
97.9
98
98
98
98
98
98
98
98
97.8
97.7
97.8
97.7
97.7
87.8
78.9
75.7
71.9
80.1
88.7
93.5
97.2
97.5
97.6
97.6
97.6
97.6
96.5
91.7
94.4
97.5
97.5
97.5
97.6
97.6
97.5
97
84.9
74
76.5
70.1
68.3
74.1
75.2
75.5
79.7
86.2
97.1
96.8
97.6
97.6
97.6
97.6
97.5
97.5
97.6
97.6
97.5
97.4
97.6
97.6
97.6
95.7
97.5
97.6
96.8
96.8
97.6
97.8
98
98
98
98
98
98
98
98
98
98
98
98
98
98
98
98
98
92.9
73.6
64.6
60.3
58.8
55.4
56.2
67.1
87.2
97.5
97.7
97.7
97.8
97.7
97.6
97.7
95.8
94.9
97.4
88.9
79.2
81.7
93
73.6
59.4
57.1
57.1
55.9
54.2
52.2
55
66.5
78
88.4
97.3
97.5
97.5
84.7
96.5
97.7
97.7
97.7
97.8
86.8
94.7
97.6
85
67.8
61.7
58.6
55
54.2
53.1
53.4
52.3
65.1
76.3
70.6
69.1
79.1
76.9
79.1
77.6
68.4
83.5
91
91.7
82.7
77.2
94.1
90.5
66.9
56.6
46.8
45.4
45.1
45.2
45.5
47.1
56.1
69.6
81.6
85.5
93.9
97.3
97.5
97.2
97.5
97.6
97.6
97.6
97.6
97.6
97.7
95.9
73.3
60
53.3
51.3
53.9
50.3
50.1
52.2
64.8
80.9
91.3
95.5
96.9
97.5
97.6
86.6
80.5
96.9
94.2
92.6
97.6
97.6
97.6
97.7
85.8
71
71.2
65
64.3
68.3
71.3
71.3
73
79.9
84.5
80.3
84
80
77
82.6
83.8
86.4
83.8
88.1
89.8
90.3
88.5
93.8
91.3
74.3
63
61.2
60.7
58.3
56.8
58.8
69.2
76.4
88.3
92.3
97.5
93.8
84.6
94.6
97.5
96.8
97.2
97.5
95.7
83
85.5
75.1
56.3
57.8
55.1
48.1
46.4
48.4
52
58.1
68.3
63.2
63.5
62.9
58.9
60.5
69.1
75.6
66.2
68.4
77.7
75.8
76.8
68.2
63.9
64.2
53.7
47.8
43.8
41.8
46.9
50.7
53.6
56.9
64.1
74.5
82.1
92.7
82.6
80
82.8
88.2
88.2
97.4
95.1
97.2
93.2
97.7
98
97.9
97.7
86.9
60.6
23.5
20
22.1
20.6
20.8
24
28
30
30.9
36.5
39.5
42.9
48.1
49
51.1
49.8
49.6
48.7
55.8
56
56.1
44.5
41.1
37.7
34.3
30
26.9
27.1
28.6
30.7
33.7
34.9
37.9
40.8
45.1
50.6
56.1
54.8
58.6
61.5
66.3
71.6
75.8
80.2
78.6
70.1
51.5
45
41.1
38.9
37.9
41.8
45.8
47.8
49
40.2
29.5
28.8
30.9
35.3
37.8
38.7
37.5
47.5
54
55.4
61.2
58
52
36.4
22.4
20.5
20
20
20
20.9
20.5
20.1
20.4
23.3
22.3
25.3
23.8
26
26.9
27.1
32.4
32.2
36.5
38.7
41.9
46.5
46.5
33.6
29.2
29.2
29.5
28.4
31.5
32.7
33.8
43.3
47.8
58.1
51.6
49
53
46
47.2
41.6
45.5
51
50.9
53.5
52.4
53
56.5
53.1
46.2
40.8
40.9
40.7
40.7
40.9
41.6
49.5
58.2
61.9
63.4
62.9
59.2
44.9
39.5
33.1
31
29.4
36.4
31.7
26.3
28.6
31.7
29.9
26.1
22.1
21.9
26.5
23
22.5
22.2
34.3
40.7
42.2
34.4
31.9
34.4
31.1
32.7
35.9
36
36.3
43.6
46.4
47.1
51.6
52.2
43.3
34.2
29
28.2
28.2
26.7
27
30
35.9
43.4
50.1
54.3
53.4
57.1
60.9
61.1
63.8
64.3
64.6
64.7
66
66.3
68.1
62.4
52.6
45.1
40.6
40.3
40.2
41.9
41.4
46.1
54.4
59.6
66.7
69.9
72.4
74.7
77.8
77
75.7
78.8
79.6
77.7
78
79.7
78
74
60.7
50.5
45
43.2
51.5
48.1
45.7
48.3
55.5
64.5
69.7
75.1
77.2
80.8
80.6
85.5
89.3
89.9
79.1
83.8
82.1
84.4
74.7
76.9
72.6
62.7
54.3
51.6
50
50.4
50.7
51.5
62.3
70.3
76.1
77.4
78
75.4
74
77.5
76.3
75.5
80.1
78.3
76.3
68.8
70.3
68.5
64
55.7
56.4
54.6
51.9
51.2
48.7
50.9
54.6
62.7
67
68.5
75.4
78
74.6
70.4
72
73.2
73.9
69.7
70.2
75.7
80.9
82
78.8
71.4
70.2
79.2
83.7
88.5
97.3
97.6
97.8
98
98
98
98
98
98
98
98
98
98
98
98
98
98
98
98
98
98
98
98
98
98
98
98
98
98
98
98
98
98
98
98
98
98
98
98
98
98
98
98
98
98
98
98
98
98
98
98
98
98
98
98
98
98
98
98
98
98
98
98
98
98
98
98
98
96.7
83.2
86.2
90
81.1
87
97.4
91.6
87.5
97.6
97.6
97.7
97.9
97.8
98
98
98
98
98
98
98
98
98
98
98
96.7
95.8
97.5
97.5
97.5
97.5
97.6
97.9
98
98
98
98
98
98
98
98
98
98
85
88.2
97.5
83.8
68.6
61.1
61.9
58.5
58.2
63.4
64
76.3
88.6
89.3
79
71.4
88.5
94.2
97
97.8
97.9
98
98
98
98
97.9
97.9
91.5
66
55.1
47.9
49.3
50.4
52.7
54.3
68
77.3
91.4
96.1
89.3
88.1
90.3
97.5
97.6
97.6
86.2
76.7
82.2
83.9
80.5
80.7
80.8
67
67
61.9
61.9
60.2
58
60.9
69
71.8
78.5
79
89.2
96.5
97.5
97.3
96.9
97.5
97.5
97.6
97.6
92.8
73.6
85.4
89.3
82.5
62.8
60.7
62.4
67.2
67.9
68.9
69.5
71.5
77.5
79.8
83.2
80.3
83.4
87.4
86
95.3
97.6
97.6
97.7
97.8
97.8
97.7
95.2
71.5
61.8
58.5
56.7
57.8
59.4
60.5
74.4
87.2
92.6
97.5
97.5
97.5
97.5
97.6
97.6
97.7
97.7
97.8
97.7
97.6
97.6
97.1
87
72.9
68
70.1
68.5
66.9
72
76.4
82.4
81.8
82.9
90.1
97.5
97.6
97.7
97.4
97.7
97.7
97.6
97.6
97.7
97.7
97.8
97.7
97.6
97.6
97.5
97
88.7
79.1
80.7
74.7
92.9
97.7
97.8
97.7
97.7
97.8
97.9
98
97.9
97.9
98
98
98
98
98
98
98
98
98
98
98
96
77.3
71.9
73.8
82.8
64
43.1
50.2
52.1
56.1
53.3
56.6
58.8
61.2
62.1
57.3
57.8
61.2
58.6
52.7
45.4
34.6
32.3
30.1
29.3
26.7
25.4
30
36.3
38.1
41.5
45.9
51.9
52.8
57.3
58.8
58.6
59
62.2
59.4
63
54.4
59.5
49.3
56.4
53
44.6
37.8
37.5
37.8
41.8
55.7
68.8
74.7
74
67.5
64.8
74
73.6
74.6
72.8
72.1
71.4
70.3
69.5
69.1
69.8
70.5
60.4
50.8
48
49.7
49.9
51.4
55.2
65.7
70.8
72
73.5
70.3
69.7
66.2
66.2
69.1
75.2
78.1
75.9
77.9
75.1
73
73.6
73
73
67.2
65.1
61.9
62.5
67.9
76.9
89.6
87.8
89.3
90.7
97.4
97.7
97.7
97.7
97.7
97.6
97.6
97.7
97.6
97.5
97.5
97.5
97.3
97.4
92.3
70
59.2
57.3
58.2
60.9
69.1
77.3
88.1
79.6
80
82.3
74.6
77.8
73.6
81.5
70
68.2
64.4
68.4
72.3
69
62.5
68.1
67.1
68.9
67.1
69.8
72.6
73.5
81.3
94.4
86.6
88.1
88.6
94.6
95.2
97.5
97.5
97.5
95
87.1
90.5
91.8
93.4
95.4
94.2
71.9
57.4
51.9
62.9
86.1
97.2
96.5
97.5
97.5
97.6
97.7
97.7
97.8
97.8
97.2
97.7
97.9
97.9
98
98
97.8
97.5
97.5
94.5
85.9
71.8
64.8
68.6
75.1
74.2
84.5
95.9
93.8
67.1
53.1
56.5
53.4
55
57.5
62.2
60
53.5
54.1
57.8
55.7
53.3
52
45.9
42.2
36.7
31.4
31.2
37.2
48
47.5
66.9
78.3
58.5
47.7
44.4
45.9
46.9
51.1
42.8
50.2
51.6
57.2
59.9
62.4
65.5
69.1
64.2
52.4
42.5
35.9
34.7
34.9
36.9
46.5
61.5
69.5
74.2
76.6
75.8
74.4
72.3
66.9
58.5
52.5
54.2
61.5
68.3
76.1
74.8
77.9
69.6
61.9
64.6
60.5
63.8
63.4
57.4
58.3
70.9
81.5
86
87.9
92
80.9
91.2
96
75.7
74.2
71
67.8
84
86.4
89.1
94.1
97.3
96.8
79.2
70
66.3
67.1
65.8
67.4
75.5
78.8
85.8
88.1
80.7
68.9
74.3
78.7
84.8
85.8
88.7
89
90.2
86.3
87.3
89.8
87.8
78.1
59.8
48.4
48.6
48.2
47.8
51.3
59.7
69.8
71.6
75.5
77.9
80.6
82.6
85
81.9
82.6
85.1
87.9
85.9
76.2
77.8
80.4
75.6
68.9
67.3
62.4
56.8
55.3
57.4
61.2
66.6
73.3
75.5
81.3
83.3
84.2
78.8
76.6
73.9
78.6
84.7
89.6
87.7
91.1
89.1
92
86.4
67.7
58.8
52.9
52.9
52.2
52.9
56.9
66.3
70.6
72.8
74.6
78.3
75.8
71.5
78.5
81.4
78.8
77.9
75.5
75.2
72.5
70.3
71.9
65.2
54.7
46.6
40.9
38.5
38.6
40.7
44.5
55.9
61.4
59.4
63.7
60.7
54.4
54.1
55.2
55.7
55.7
53.3
55.8
54.5
54.1
54.9
55.9
50.2
43.7
37.7
33.3
32.6
38.5
40.8
41.3
52
60.3
58.7
52.3
48.1
48.4
49.8
53.2
49.2
50
51.8
53.7
53.9
55.2
55.3
54.6
51.1
44.7
37.3
33.1
29.1
32.1
36.2
39.2
48.9
58.1
60.3
63.4
62.8
59.5
57.6
58.6
57.4
56.3
56.8
55
56.2
54.6
53.8
54.8
54.1
50
42
40.4
39.8
41.7
40.1
45.6
53.8
58.5
59.3
59.6
58.4
58.7
58.1
57.3
59.4
60
59.3
60.3
60.7
62
62.1
63.8
74.9
84
78.1
75.4
77
77.6
79.7
82
92.3
97.5
97.5
97.6
97.5
96.3
94.9
97.4
96.5
97.1
97.4
96.7
97.5
97.5
97.6
97.6
96.9
73.5
63.8
59.7
57.1
55.8
58
67.1
76.2
87
97.4
97.5
97.6
97.6
97.6
97.6
97.7
97.6
97.6
97.6
97.7
97.6
97.5
97.6
83.8
82.7
80
77.4
72.8
75.8
73.9
73.1
75.4
79
78.1
83.4
82.9
78.2
72.4
78.2
81.1
85.5
87.5
87.7
76.5
82.4
83.2
83.3
80.5
65.6
56.2
55
55.8
56.8
62
71.4
76.5
80.8
83.3
84.1
85.8
86.9
89.7
79.9
84.8
83.5
75.9
81
87.2
82.3
76.8
71.6
68.6
57.9
50.6
47.5
47.2
47.2
44.5
44.1
57
62.2
68.8
69.9
69.5
70.6
72.1
71.2
72.6
70.7
70.4
69.5
68.3
67.8
70.1
68.5
64
49.1
43.2
38.1
44.4
48.7
52.1
53.9
60.5
66.3
72.5
71.3
64.5
60.7
63.7
64.7
64.3
61.6
61.8
60.4
61.8
64
64
64.7
60.9
52.1
42.2
39.3
39.8
45.6
47.4
47
54.5
62.6
71.1
71
66.1
65
68.6
70.1
70.5
67.9
69.3
69.6
68
68.3
63.8
62.4
64.9
61
57.7
55.7
51.9
51.4
56.2
59.3
66.2
73.2
82.2
79.3
83.7
74
67.8
71.6