90.6
91.2
91.7
89.2
89.7
90
91
94
94.4
94
96.4
97.4
95.3
94.4
92.5
91.3
89.9
94
96.3
97.1
96.5
97.8
98.3
98.4
99.7
100
100
100
100
100
100
100
100
100
100
83.2
52.7
42.3
58
63.6
69.1
80.1
45.8
34.2
68.5
69.4
68.9
73.1
71.2
71.5
72.6
76.8
72.7
74.2
76.9
79
79.9
74.3
58.2
48.9
39.2
39.3
39.9
30.6
33.8
49
60
70.2
75.3
77.7
80.5
78.9
71.5
72.5
75.4
76.3
79.5
76.5
81.3
82.8
80
79.8
77
72.6
67.5
66.2
63.2
64.5
71.7
80.7
87.8
89.9
88.1
88.8
94.3
96.2
96.1
97.3
96.4
97.9
98.5
99.1
99.1
99.3
99.2
99.3
89.2
68.2
56
52.3
52.4
51.5
54
75
84.3
88.7
89
90.6
91.7
90.8
91
91.8
92.2
94
93.2
95.2
95.4
95.3
95.8
95
75.9
63.8
56.4
58.5
58.6
54.9
56.5
77.1
83.3
82.6
81.2
80.8
81.7
81.4
83.2
83.7
84.3
85.5
88.6
89.8
90
88.6
89.7
89.6
85.8
83.8
81.7
77.8
76.7
72.7
75.4
88.2
89.3
90.5
90.5
89.2
76.3
80.4
83.2
84.3
87
90.3
94.2
97.8
99.1
99
99.8
99.9
98.4
94
90.9
82.5
81.4
81.1
78.9
82.4
86.9
92
97.5
98.2
93.2
94.3
95.9
96.5
95
91.4
96.2
98.3
99.5
99.9
100
100
95.5
87
79.4
75.7
75.2
75.5
79.3
88.9
94.1
97.4
97.9
98.4
99.1
99.8
99.8
98.7
99.2
100
98.6
96.6
95.9
93.4
93.5
92.9
88
84.9
82.1
81.5
81.6
81.2
83.3
84.2
88.2
92.3
95.6
98.4
99.8
100
98.7
97.4
96.7
94.9
96.8
99.1
98.5
99.1
100
99.5
96
90.4
81.5
74.7
65.4
62.5
72.8
83.1
88.1
91.7
95.5
97.2
95.3
87.5
71.4
69
68.2
67.6
65.3
62.3
62.3
67.2
75
91.3
78
80
80.9
80.9
77.5
80
79.3
89.7
96.2
98.5
99.2
99.8
99.7
100
100
100
100
100
100
100
100
100
100
100
100
100
99.8
92.2
92
93.3
93.9
95.3
96.9
97.9
99.2
100
100
100
99.7
99.7
100
99.2
96.8
95.2
95.7
95.3
95.4
94
90.8
87
91
91.9
91.6
93.4
93.7
94.2
96.1
98.6
86
69.8
89.9
96.2
98
99.4
100
100
100
100
100
100
100
100
100
87.4
73.3
72.1
70.4
72.1
77.8
91.2
97.1
99.6
100
100
100
100
100
100
100
100
100
100
100
100
100
100
100
100
97.5
89.4
85.5
88.4
91.3
92.8
93.5
92.8
94.3
94.6
93
92
92.2
93
94.5
96.6
98.1
98.8
99.4
99.7
98.3
97.2
94.2
90.9
88
87.5
88.1
84.7
87
89.1
90.8
92.3
94.4
92.7
93
93.6
92.4
92.8
94.6
94.4
94.6
95
95.1
97.3
97.3
96.7
89.3
88.5
86.7
83.9
83.1
81.9
85.7
88.4
88.9
90.2
91.3
91.9
91.7
92.2
90.8
90
81.4
73.7
85.8
88.4
81.9
87.7
60
55.5
49.3
47.3
44
40.8
39.5
38.4
35.8
38.2
40.7
50.3
51.4
68
83.7
92.5
94.5
94.5
95.8
95.5
94.4
94.1
97.6
99
99.5
99.8
89.6
84.1
80.8
83.5
79.9
77.9
81.7
87.9
96.7
95.3
93.6
95
96.2
94.7
93.6
97.2
99
100
100
100
100
100
100
100
100
100
100
99.8
86.5
82.3
86
91.7
98.2
99.7
100
100
99.1
96.6
96.7
84.9
90.7
93.7
93.7
95.1
95.9
96.7
95.8
96
90
81.8
77.1
72.8
72.6
70.8
76.5
88
93.3
97.5
99
99.8
100
100
100
100
100
100
94
86.3
84.8
80.8
79.8
85.6
85
82.6
83.6
78.8
74.8
74.5
79.9
88
83.5
79.9
79.7
74.3
77.9
75.2
68.2
63.6
56.9
53.8
52.5
53.3
53.5
57.8
61.4
61.4
63
61.3
64.3
69.2
66.5
70.4
81
89.9
94
97.5
95.3
88.6
94.5
95.2
96.2
96.9
97
95.9
91.9
88
77.6
59
46.3
43.1
44.6
41.4
46.7
67.4
82.7
91.8
94.4
96.1
97
97.3
96.7
96.4
96.7
96.4
96.1
95.9
96.7
97
96.8
93.5
95.6
95.7
96.4
93.4
82
79
77.3
80
82.9
81.2
78.5
81.9
81.5
79.8
81.9
83.7
80.3
84.6
89
92.7
95.8
96.4
96.7
97.1
97.3
97.3
97.2
95.8
78.6
67.3
67.3
57.1
53.5
52.9
53.8
59.4
77.7
83
84.5
84.6
86.4
88.7
89
86.5
88.1
88.1
88.4
89.3
89.2
89.8
89.7
77.4
63.9
58.6
66
59.5
51
49.6
48.4
46.5
61.3
61.1
61.1
58.9
59.6
62.8
63.8
62.9
55.6
54.9
56.5
56.8
54.3
53.6
53.7
48.5
45.6
46.3
44.1
43.6
47.3
49
49.9
57.5
60.3
60.8
78.5
85.2
83
73.6
71.8
69.5
75.3
86.2
89.9
95
96.7
97.4
98.3
97.3
75
68.5
65.5
66.5
63.7
61.5
61.6
69.9
82.5
92.5
96.7
98.1
98.9
99.9
100
100
100
100
100
100
100
100
100
100
99.4
90
77.2
67
67.7
79.1
93.1
93.8
97.8
99.3
100
100
100
100
100
100
100
100
100
100
100
100
100
100
100
99.9
92.5
69.5
71.4
78
83.4
71.9
66.5
68.8
67.4
77.2
84.5
92.7
95.9
97.7
98.9
99.7
99.7
100
100
100
100
100
97.3
84
76
77.6
82
81.4
88
92
96.6
99
98.8
99
99.6
99.7
100
100
100
100
100
100
100
100
100
99.7
98
82.3
66.9
64.2
58
53.9
57.9
68.6
84.3
91.9
95
75.5
58.7
65.8
46.3
46.9
49.4
50
47.5
44.4
43.2
61.3
87.1
87.5
89.7
85.8
80.9
78.5
73.9
69.3
68
74.2
85.1
89.3
93.8
95.9
97.2
97.8
98.6
99.2
99.3
99.1
99.4
99.4
99
98.7
98.1
95.6
77.6
68.9
63.8
65.2
60
60.5
71.7
78.3
89.3
95.8
98.2
99.1
100
100
100
99.8
100
100
100
100
100
100
98.5
91.9
88.9
90.1
92.3
89
92.2
93.4
94.2
97.3
98.8
99.4
99.8
100
100
100
100
100
100
100
100
100
100
100
100
99.4
95.5
95.3
86.7
90.8
89
88.9
91.4
94
96.2
97.6
97
92.9
84.8
84.8
83.8
92.5
97.8
98.5
98.9
99.3
100
100
100
100
99.6
96.1
90.3
86.5
89.3
89.6
89.7
92
97.7
98.9
97.9
95.1
93.6
97.6
98.6
98.3
99.4
98.7
97.6
98.6
97
96.1
99
99.2
87.8
82.6
76.4
70.4
67.3
59.7
58.9
71.1
88.7
92.1
95.8
98.4
99.8
100
100
100
100
100
100
100
100
100
97.6
93.6
88
79.2
69.8
65.9
71.5
69.1
73.5
79.9
83.9
87.5
90.2
90.9
94.9
97.3
98.1
98.5
98.4
99.7
100
100
100
100
100
99.8
90.2
74.3
67.7
60.2
48.5
44.5
46.9
57.2
72.8
84.2
89.4
94
97
98.5
98.8
99.3
99.7
96.9
94.5
89
85.4
83.8
89.1
82.8
69.5
69.1
62.4
66.5
70.3
75.5
80.6
89.9
96
97.3
97.2
97
93.6
96.5
90
84
90.6
95.8
95.4
96.7
98
98.7
99.8
91.1
75.5
68.9
58.1
41.4
30.2
26.8
29.6
38.2
42
48.1
40.8
57.2
59.3
58.4
62.5
65
67.7
70.8
62.5
68.9
72.3
72.8
74.9
46.6
38
41.3
41
43.4
43.4
50.8
58.6
62.6
68
72
72.7
83
87.9
89.7
89.5
87.6
87.8
89.3
88
91.2
92.3
90.5
87.4
85.6
72.3
61.3
52.9
53.1
46.6
45.8
47.2
46.8
61.7
73
74.5
72.9
77.5
81.3
88.7
92.8
96.3
97.2
98
99.1
99.2
99.6
100
87.2
57.8
59.1
60.5
58.5
55
56.1
58.9
59
58.5
54.8
47.4
47.3
48.1
63.9
78.3
83
88
49.1
88.9
88.2
89.9
91.2
90.4
76
64.3
56.5
51.8
53.9
53.8
50.7
50.6
59
63.9
76
80.4
75.2
71.9
83.9
88.2
86.7
73.1
67.4
66.1
62.8
58.8
52.1
55.4
54.8
53
48.4
49.7
47.6
44.6
44.4
44.8
50
67.6
74.1
76.8
75.2
77.9
77.9
82
90
93.5
93.4
95.8
97.4
97
97.5
97.5
83.1
65.9
61.8
57.7
53.4
50.3
49.2
49.4
53.7
63
71
85.4
90.8
92.1
93.3
94.8
95
95.9
97.1
97.4
98
98.3
98.6
98.8
82.7
56.8
51.4
47.8
42.5
39.5
36.5
35.9
40.6
51.6
57.8
58.7
62.8
66.4
70.8
71.2
73.8
73.2
69
75.6
80.3
83.5
87.2
84.2
75
56.7
47.6
46.9
47.5
56.6
62.5
59.2
57.2
64.1
71
74.6
77.8
80.5
80.7
82.3
83.8
84
83.8
85.3
84.7
84.6
89
90
82
69.1
58.3
55.1
46.1
43.2
49.6
49.5
57.7
63.2
70.3
81.5
85.7
92.7
95.1
95.7
96
97.3
98.2
98.8
96.8
92.8
91.3
89.8
85.1
78.9
68.9
65.5
60.5
61.9
62.8
61.5
69.2
81.8
85.3
85
86.6
88.9
91
91.3
93.8
93.3
94.3
93.6
94.6
96.3
95.5
92.1
86.5
79.5
74.6
72.8
69.2
68.2
71.8
80.8
86.7
89.8
83.3
86.9
93.7
94.6
96.5
95.6
81.6
84.1
85.5
83.8
92.3
94.5
92
90.2
84.1
74.2
70.3
69.3
74.4
80.3
87.2
89.7
88.7
89.5
96.6
98.6
98.7
96.5
93.4
96.2
94.8
94.2
88.3
96.1
93.7
93.5
97
92.6
80.1
80.6
70.5
60.7
57
57.9
NA
56.7
62.2
75.3
79.6
86.6
93.7
94.9
97.3
97.7
97.6
96.2
92
93.6
95.2
91.1
92
86.9
67.9
50.8
43.1
34.9
27.7
32
28.6
22.5
24
28.8
33.1
41.2
57
64.3
68
66.7
73.5
75.3
72.7
77.5
79.2
80
84.2
82.2
65.4
47.2
46.2
52.1
66.1
64.9
52.1
50.4
53.1
63.9
73.1
76.5
83
83.3
91.8
95.4
97.1
98.3
99.5
100
99.9
100
99.6
96.7
88.8
76
64.9
62.1
60.3
60.5
62.4
64.6
66.9
72.6
82.5
88.6
91.3
92.5
94.3
96.1
97.6
97.3
95.8
96.5
98.8
99.8
99.7
100
84.8
62.3
60.6
59.9
60
55.6
55.4
51.6
53.4
53.4
58.3
58.3
72.6
68.2
72.1
55.8
63
61.5
71.3
73.8
77.9
77.3
80.5
74.1
62.6
46.2
42.3
46.8
50.3
50.1
48.1
48
50.3
57.9
62.7
61.6
63.4
54.9
28.8
28.8
61.5
69.3
68.8
74
76
80.3
80.6
77.8
49.3
36
26.8
23.3
24.1
24.4
23.4
23.3
23.6
27.2
29.2
29.8
33
33.3
37.9
34.8
27.2
32.6
45.3
51.2
52.8
55.3
66.6
67.7
47.7
41.6
36
31.5
30.3
29
29.9
30.3
30.2
33.9
40.9
47.8
53
52.4
55.3
46.2
59.2
63.4
62.1
73.8
74.4
90.4
93.6
91.2
82.8
81.5
77.5
72.2
65.1
61.4
63
58.5
62.2
64.1
65.1
66.9
64.4
59.6
59.5
59.6
68.1
75.1
81.3
77
80.5
95.3
94.2
92.9
88.2
84.8
82.9
80.1
69
77.5
72.1
73.3
78.8
84.1
90.1
92.6
95
97.4
98
98.2
98.1
99.4
99.9
99.2
98.2
98.3
98.6
96.9
86.5
70.7
64.6
62.8
57.7
53.6
53.2
56.5
72.7
81.3
84.1
90.2
93
97
99
100
99.9
100
100
100
100
100
100
100
81.8
57.6
45.4
34.3
29.6
36
36.6
37.1
38.7
48.1
60.5
69.3
77.5
69
61.8
59.4
50.3
47.2
60.4
69.4
51.1
52.4
53.4
51.4
48.6
46.6
46
46.4
46.3
45.2
44
47.9
49.5
51.5
62.3
73.5
75.7
70.8
33.5
17.8
16.3
24.6
35
49.5
51.7
46.8
39.9
14.2
18.7
22.6
22.9
21.1
21.1
22.3
23.4
25.5
28.8
32.5
37.8
49.9
59.1
61.6
64.7
71.1
72.5
75.9
77.2
77.7
78.7
81.4
82.3
76.8
47.3
42.8
34.6
33.3
31.8
30.6
30.1
30.5
31.7
34.9
44.7
45.9
55.2
66.5
70.4
73.2
76.6
77.7
80.6
83.7
87.3
83
82.2
77.2
52.6
41.3
39
36.3
35.7
29.6
24.7
23.9
23.6
27.1
37
50
57.7
62.4
61.9
68.4
69.5
73.9
78.4
80.1
82.1
84
84.7
75.9
47.8
35.4
33.3
29.8
28.4
27.7
29.3
28.7
30
33.6
48.4
59.8
65.3
69
73
75
76.7
81.2
83.7
85
88
89.2
89.2
82.3
55.1
44.5
39.4
39.2
38.4
37.9
36
33.8
33.2
39.5
54.3
65.1
69
73.2
77.8
82.8
79.5
85.6
87.4
90.1
91.1
93.6
93.9
87.6
69.9
57.5
48.1
43.9
44.2
43.2
42.5
42.4
42.2
46.2
58.6
70.7
77.5
82.1
82.2
86.9
89.2
88.2
88.8
93.2
96
97.5
96.4
92.4
72.2
57.5
50.6
48.5
46
41
39.8
39.5
41.9
43.7
40.8
39.3
45.9
55.3
57.7
67.2
68.4
61.9
70.5
80.5
84.3
89.5
91.1
86.6
70.4
59.4
48.9
46.1
46.7
46.7
44.3
45.1
48.8
49.1
53.6
57.5
61.2
64.4
66
67.4
70.8
71.4
73.2
68
62.9
63.4
66.5
66.8
66.4
64.7
61.4
61.5
67.9
62
68.9
67.6
69.5
65.8
72.8
70.9
59.8
52
49.5
73.5
74.9
76.4
83.8
85.3
84.9
85.7
86.3
87
86.2
82.8
82.5
87.3
87
83.8
72.6
58.9
49.1
65.2
71
76
75.1
75.7
77.4
80.6
79.3
78
84.5
86.4
86.3
85.2
85.6
74.2
46.8
30.6
29.5
26.3
25
24.2
25
26
27.9
43.1
48.9
59.5
59.2
50.6
63.3
73.8
73.6
70.9
75
77.7
80.4
77.9
81.3
70.2
43
32.1
23.8
23.4
25.8
27.1
26.4
26.9
26.9
30.5
40.1
48.1
56.4
60.2
65.5
68.3
68.4
51.2
46
53.1
64.4
70
70.7
67
54.7
43.1
42.7
42.6
39.2
39.4
37.1
35.9
31.4
32.5
40
41.1
40.6
43.3
46.7
56.9
68.3
75.5
76.3
78.4
78.2
79.2
79.6
65.3
43.6
33.8
29.9
41
40.8
42.5
44.5
43.3
42.6
43.9
48.5
54.7
59.9
60.4
59.8
67.2
60.9
53.2
56.8
65.8
61.6
63.2
71.7
88.5
82.1
88.4
88.8
84.8
87.8
90.5
91.2
92.3
95.1
95.8
96.1
97.5
88.4
91.3
95.3
98.1
99.2
99
99
94.9
91.5
92
96
95.8
92.5
92.1
86.8
75.7
61.5
53.2
51.3
56.2
56.9
58.7
65.8
70.5
85
91.8
95.8
95.5
97.7
97.6
96.8
94.7
95.6
95.7
97.6
79.1
64.4
55.3
48.5
46
43.2
45.8
53.4
51.1
48.4
48.8
52.6
55.1
55
70.6
80.3
82
84.3
81.7
83.3
83.7
82.6
70.5
73.7
73.9
56.5
40.6
37.5
41.5
41
41.7
41
43
42.5
46.4
55.5
65.8
69.5
76.6
80.4
81.6
84.3
84.8
88
88.5
91.1
92.3
90.5
74.3
56.5
49.8
45.1
41.4
41
41.2
42.5
43.4
44.3
47.7
53.9
56.7
63.7
66.1
64.7
65.1
79.2
82.6
84.3
85.3
80.9
78.8
82
78.8
69.1
73.1
81.9
87.3
91.8
92.8
90.3
91.4
92.1
92.5
85.3
78.9
75
87.5
91.9
94
94.3
94.1
94.5
94.6
95.2
97.6
97
94.4
85.7
82.8
86
82.8
72.8
61.7
60.9
60
59.1
62.1
69.7
65.4
63.7
67.6
83.5
95.9
98.1
99.1
99.8
99.3
98.6
96
98.2
92.3
83.9
76.6
61
49.2
50.5
50.6
51.2
65
68.7
70.1
79.5
83.5
84
85.4
86.6
89.8
93.8
96.9
97.7
97.8
97.9
97.7
98.2
86.5
63.8
59
53.5
51.6
48.5
47
44.6
44.3
45.3
50.1
58.7
71.7
78.7
78.8
86.4
91.9
96
96.9
98.6
99.4
99.5
100
100
91.3
68.9
59.5
58
57.4
52.5
52.1
50
48.8
45.6
49.4
67.1
62.8
62.7
63.4
57.4
60
62.1
80.3
86.3
86.8
90.1
92.1
71.8
62.6
53.8
51
47.4
44.3
39.5
39.4
39.6
42.9
41.8
45.1
47.9
47.4
68.2
74.5
79
80.5
81.4
86.3
88.6
89
89.8
91
90.3
81.1
71.3
53.8
46.4
44.9
45
43.1
42.2
41.8
43
46.4
54.7
65.9
70.9
76.5
79.4
80.8
84.9
84.6
86.2
87
89.3
93.5
91.7
75.7
55.8
49.3
49
51.7
48
47.5
45.4
42.3
42.2
44.9
51.9
60.5
71.9
81.6
86.6
88
85.3
80.1
84.1
87.5
88.2
91.7
91.3
72.8
51
38.9
35
36.5
30.3
28
27.5
25.1
26.2
28.9
38.4
49
53.2
58.5
60.2
46
57.2
62.8
70
79.5
94.5
94.6
94.1
91.4
82.2
83.3
80
65.7
52.1
49.2
42.1
37.4
35.9
38.3
51.7
68
76.5
78.9
82.2
79.7
79.6
85.4
91.8
94
96.5
97.1
95.7
76.8
62.3
52.2
52.3
49.7
45.3
41.7
38.7
36.1
33.6
35.7
43
47.3
55.8
58
66.1
75
80.8
85
88.4
91
92.8
92
90.9
71.4
53.7
49.6
51.8
50.1
48.1
44
41.6
38.4
39.1
41.2
48.2
57
69.9
79.3
83.5
86.6
86.2
88.9
88.7
92.7
95
95
95
74.7
61.1
52.9
45.6
44.5
44.3
43.9
40.7
38.9
37
38.7
49.6
57.4
64.3
74
78.6
84.9
85.3
83.6
83
87.3
90
91.5
89.8
69.9
54.1
45.5
42.4
40.8
42.8
41.5
41.5
41.5
43.8
44.8
51.5
63.6
69.6
74.5
78.7
78.8
66.7
79
83.6
88.4
90.6
90.1
86.5
68.9
52.2
42.2
36.5
31
31.6
32.5
32
34.5
36.3
40.5
48.8
57.9
57.9
67.8
67.5
71.8
79.9
83.7
83.5
85
86
88.7
86.4
63.5
49.9
44.4
37.5
36.3
31.4
24.9
26.9
26.8
24.3
28.4
38.6
53.3
60.8
68.6
71.8
76
77.2
79.1
79.8
79.9
77.6
84.2
78.9
56.4
38.5
28
26.7
27.5
25.3
23.9
23.7
23.8
23.7
23.8
29.5
40.2
39.4
47
54.7
60.8
63.5
68.2
68.8
72.4
73.5
40.7
36.4
35.2
27.5
26.6
28.1
27.6
25.2
24.4
23.9
24.1
24.3
26.7
31
35.7
34.7
38.7
40.2
41.7
37.3
36.8
35.1
36.7
46.9
61.1
58.5
40.8
35.8
32.9
30.9
30.7
30.6
28.9
25.3
24
24
27.2
35.8
46.9
54.3
57.4
59.7
64.7
68.3
70.8
73.8
75.5
79.8
78.7
77.2
54.7
39.8
42.5
40.7
37.2
36
33.9
32.6
31.8
33.4
35.1
40.2
41
41.1
50.3
52.7
50
50.3
50.4
50.7
56.7
75
77.7
68.7
50.3
45.4
40.7
42
41.3
37.8
37.3
37.7
36.7
36.1
38.3
45.3
51.4
57.5
58.2
57.4
56.1
58
72.9
81.5
86.6
88.7
89.7
85.5
62.9
56.5
52
48.7
46.4
44.3
42.8
42.9
42
41.9
43
47.6
55.5
57.7
56.5
63.6
64.3
71.9
77.6
86.3
90.4
95.6
97.5
98.1
85.1
76.8
72.5
68.4
61
55.4
51.3
48.5
43.5
43.4
47
53.1
59.6
63.8
70.8
75.4
66.3
72.1
72
79.3
89.5
92.3
96
91.7
82.6
74.5
69.7
60.3
54.2
49
46.5
43.1
42.4
40.8
41.8
47.8
62.8
69.9
75
79.2
74.2
74.2
79.8
85.2
88
91.5
92.9
82
71.5
64
54
49.1
45.9
42.4
39.3
38
37.5
39.5
41
45.8
58.5
66.7
74.2
75.7
80
83.1
86
87.5
88.6
91.8
93.6
88.4
69.1
56.7
52.8
47.5
41.3
39.1
37.7
34.9
34.4
32.3
34.1
41.9
43
42.5
41.3
46
NA
NA
NA
NA
NA
NA
62
54.8
51.2
47.8
47.8
44.6
39.2
34.6
33.9
34
36.9
39.4
41.2
41.1
43.4
45.2
45
47.2
53.4
47.2
43.7
46.5
49.1
53.7
52.1
54.1
52.1
38.6
34
33.7
36
33.8
34
31.7
32.7
31.8
33.6
38.4
48
53
58.7
63.1
66.6
68
70.4
75.9
77.7
80.5
81.9
69.8
57.1
47.3
40.2
35.6
32.3
31.2
28.8
27.6
26.2
28.8
33.9
39.7
37.2
32
31.9
37
48
52.3
54.3
54.5
59.8
63.9
68
63.5
43
34.5
33.6
29.1
25.3
23.6
23.3
22.9
23.3
23.7
23.7
24.5
35.5
40.5
48.2
53
59
63.5
64.2
64.9
66.4
69.8
73
65.2
44.8
37.4
36
33.5
29.2
21.3
23.9
24
24.1
24
23.7
25.3
38.3
42.7
33.7
37.3
48.1
52.2
62.8
68.3
70.6
72.5
68.5
65.7
50.5
49
49.1
43.9
40.5
39.1
36
37.2
35.1
39.5
45.3
48.6
60.9
75.9
91.9
85.7
88.7
95.4
96
96.8
95.5
94.4
97.2
88.1
79.7
69.7
54.1
50.5
49.7
49.9
49.1
46.9
46.4
45.3
47.1
56.1
60.6
85.5
95
87.1
72.8
66.1
61.1
57.9
56.6
58.1
67.5
67
61
58.6
60.1
92
88.4
84.5
77.5
82.5
68.8
58.6
58.9
63.1
62.6
74.1
73.1
82.3
89
89.6
91.4
95.7
97.2
98.3
98.9
94.1
79.7
72
66.8
67.5
68.8
68.4
62.6
65.1
64.3
63.6
62.6
63.5
70.7
80.7
85.2
82.6
82.7
83.1
85
82.5
78.4
75.4
69.8
64.1
74.8
84.1
88
84.1
82.1
86.4
87.3
90.2
95.2
93.7
85.5
90
93.8
95.6
95.2
95.3
94.6
96.1
96.7
97
98.8
99.6
100
100
93.8
77
63.5
66.7
64.5
64.8
59.3
78.6
78.3
69.5
62.2
67.7
81.1
93
94.1
95.2
97.6
98.5
99.6
99.8
99.7
99.9
100
94.9
70.1
64.8
66.8
67.8
52.4
54.1
59
55.1
55.6
53.9
75.4
80.4
83.7
78.1
74.5
90.1
91.8
93.1
93.6
95.6
95.9
95.5
95.9
80.5
55.5
45.3
45.3
40.8
40
40.7
39.1
38.7
35.2
33.4
33.4
36.8
46
50.9
54
72
80.9
83.8
84.1
87.9
88
86.6
86
78.9
63.8
51.3
42.1
38.6
40.5
38.1
34.4
28.5
24.8
26.2
26.7
32.5
38.2
41.5
41.9
46.2
56.4
64.4
67.5
70.6
57.4
69
81.7
65.9
47.4
41.9
42.7
36.7
34.8
28.1
24.2
24.2
24.7
26.9
29.1
34.4
45.9
48.2
47.5
53
60.1
64.5
78.8
85.2
88.6
90.2
92.5
79.8
62
58.5
53.1
52.3
51.9
47.1
40.1
37
30.2
24.2
24.4
30.7
50.4
60.8
69.2
72.5
74.5
73
73.5
79.7
83.2
85.6
87.7
73.2
63.3
61.1
49.1
47.5
47.8
45.2
42.4
41.5
43.4
42.5
46.2
51.4
55.9
60.3
63.8
66.6
68.2
70.3
71.5
72.6
74.2
75.2
82.2
75.8
66.6
62.9
59.3
57
55.1
52.1
49
41.9
39.9
41.6
40.8
42.9
57.2
67.2
70.9
70.2
68.9
62.9
68.7
72.5
81.6
88.5
91.1
81.4
69.5
66
58.8
47.4
42.6
42.1
38
34
33.2
34.3
34.7
40.6
45
45.2
50.4
65.4
71.5
72.7
77.5
80.1
81.1
80.1
78.3
71.8
58.2
55
50.9
44.6
40.9
40.4
44.2
42.7
37.9
39.6
42.5
44.5
49.7
54.4
54.5
52.3
55.1
61.8
66.1
68.1
73.7
73.8
75.8
59.9
43.3
42.9
40.9
41.8
41
49.6
45.6
48.6
44.6
38.5
37
37.8
47.5
60.4
64
65.7
67.5
73.2
75.3
75.5
77.3
79.8
79.3
63.5
53.9
47.4
36
29.9
30.9
27.6
29
27.7
24.4
23.7
23.4
26
26.8
33.8
38.6
47.6
56.4
66.3
66.3
62.5
60.5
68
73.8
68
58.8
55.3
49.1
43.1
41.3
39.2
35.5
33.2
33.2
31.4
32.6
35
39.9
45.1
46.9
49.4
60.3
70.3
71.7
75.8
78.5
81.1
82.5
61.7
41
30.6
24.7
33
36
34.8
35.8
31.4
30.9
33.1
33.5
37.2
42.4
43.1
37.5
33.5
35.4
41.2
54
60.5
63.8
58.2
50.3
38.3
35.3
32.8
28.3
25.6
24.4
24.3
23.9
24
24.1
24.5
28.9
32.4
36.4
41
44.8
47.9
56.1
69.6
75.6
78.2
79.5
80.3
79.8
58.3
43
37
32.1
25.4
25.9
25.6
25.5
24.9
24.3
24.4
25.3
31.3
40.4
49.6
55.7
58.5
63.7
65.2
69.2
72.8
75.9
77.3
79.4
56.8
41.8
37.8
37.5
35
32.5
28.4
25.2
25.5
25.1
24.5
25.1
29.9
43.8
51.2
55.7
62.5
66.8
69.8
72.2
72.4
73.2
76
74.2
62.1
43.8
38.3
35.3
34.5
32.3
28.9
28
26.8
24.6
24.6
24.2
25.1
37.1
50
55.8
62.9
67.1
69.3
71.3
72.3
74.8
77.3
75.6
56
42.5
35.1
25.6
25
25.2
25.3
24.6
24.6
24.8
26.7
28.3
33
38
42
50.6
56.8
62.2
72.2
67.5
70.4
70.5
73.6
73
64.3
52.3
44.5
40.7
38.3
36.4
35
33.3
31.8
30.9
36.5
39.6
43.3
50.7
58.4
64.1
67.8
69.5
71
75.2
77.7
79.7
81.4
77.7
62.4
55.2
49.5
43.6
41.3
34.6
35
33.6
30.9
30.9
36.2
36.4
37.4
41.5
51.5
56.6
63.4
49.4
53
53.8
59.2
53.8
63.8
63.9
57.1
48.6
49.9
60.1
54.9
38
32.4
34.6
36.3
43.7
60
58.3
59.9
72.7
80.5
69.3
70.4
68.8
81.1
80.8
73.4
73.8
67.4
62.5
63.1
63.1
57.6
52.2
47.8
44.6
40.4
31.6
34.9
35
47
54.1
57.8
84.1
90.7
93.5
88.7
94.3
85.3
70
68.2
69
69.3
69.6
72
72
70.1
67.1
63.7
72.8
96
92.4
89.8
91.1
89.8
93.2
89.9
93.1
95.2
97
98.2
98.2
98.8
97.3
87
95.4
97.1
95.9
94.4
87.1
82.5
70.9
63.3
71
69.3
68.2
65.4
68.1
68.9
69.8
70.2
68
67.5
77.7
83.9
87
89.4
91.9
91.2
91
91.3
90.7
68
55.8
49.9
45
30
24.4
29.1
30.3
30.7
30.2
29.7
32
33.2
45.5
52
52
52.4
54.2
53.9
50
46.9
51.4
67.3
77
58.8
45.9
44.8
41.6
40.6
40.1
39.6
42
44.1
46
42.8
43.5
50.4
57.5
56.3
55.6
75
84
82.7
71
64.3
69.1
73.3
71.6
88
83.3
75.5
77.6
90.7
89.9
73.5
63.2
63
61.9
55.1
59.9
86.7
88.3
94
95.1
97.8
97.1
97.8
97.9
98.2
99.2
97.8
98
95.3
87.7
84.8
86.5
84.9
83
90.6
93.6
93.1
84.8
87.8
87
82.5
93
97.4
91
90
98.4
99.7
100
100
99.3
100
100
90.3
84.6
79.2
73.4
60.4
56.9
52.3
49.1
48.5
46.6
47.4
50.5
55.6
66.1
77.6
86.2
89.9
93.3
96
97.2
91.4
91.3
93.6
91.9
78.5
62.8
51.2
50.3
49
42.6
43.9
43.7
75.6
77.3
81.6
87.6
85.5
86.4
65.2
75.9
88.4
91.6
97.4
99.4
99.5
100
100
100
98.3
88.1
72.7
60
50.8
49.5
55.6
75.2
82.3
64.7
71.1
87
88.2
91.7
95
97.4
97.2
84.6
94
98
97.5
96.9
98.4
99
97.7
96
86.2
71.5
69.4
72.8
76.9
74.6
76.2
82.9
88
87
86.6
91
89.8
94
95.1
96.5
96
80.9
85.1
95.2
96.6
91.9
94.8
89.1
78.2
71.5
64.2
79.1
75
83
86
83.9
86.6
84.6
83.3
88.9
89.3
93.1
97.5
99.7
100
100
100
100
100
100
88.9
71.6
63.7
62.2
53.9
52.9
52.7
62.5
65.8
54.2
52.5
43.2
47.2
65.8
80.2
82.1
82.2
84.3
86.9
89.3
90.9
91.3
93.2
92.1
68.3
66.5
56.7
48.7
48.6
52.4
64.4
53.6
42.9
41.5
41.8
48.1
54.9
66.2
71.6
74.5
80.4
80.4
81.1
83.7
83.4
84.5
84.4
81.6
67.4
54.8
49.3
47.9
49.7
50.7
49.3
47.3
44.9
45.3
45.6
45.8
48.6
57.9
62.9
62.7
64.2
73.3
77
83.5
82.3
86.8
86.2
85.2
87.7
95.3
83.7
69.4
70.8
62.5
57.3
57.8
57.7
54.4
56.6
62
66.4
85.3
93.8
95.1
97.8
97.3
99.6
100
100
100
100
100
95.5
86.1
75
72.5
70.5
67.8
63.5
60.6
58.4
58.4
61.1
64.9
66.4
74.4
77
74.5
88
92.5
94
91.9
88.7
92.6
92.4
91.4
80.9
72.3
69.6
64.3
61.1
59.4
59.1
57.9
57.8
58.1
61.3
52.9
62.6
79.2
86.8
85.9
70
69.6
88.9
93.1
95.6
98.2
98.9
96.8
84.1
68
61
62.6
58.9
54
50.6
49.1
48.3
47.1
42.1
49.7
57.8
67.4
75.1
78.5
82.7
71.9
74.8
70
68.5
65.1
61.3
66.3
62.5
53.9
58.5
60.3
55.9
50.1
53.7
56.5
53.7
66
68.3
72.5
64.2
68.6
75.6
86.8
90.6
94.5
91.3
82.6
72.3
73.4
90.7
88.5
69.5
63.1
58.8
58
61.9
57.5
48.8
46.5
47.2
49.8
50.3
49.2
49.8
59.1
64.9
68
67.4
76.4
84
89.5
87.9
88.8
91.3
87.9
68.9
54.2
53.5
51.2
50
47
44.7
43.8
38.4
42
45.4
47.9
53.8
57.2
60.3
62.8
74.5
81
79.4
80.3
80.5
83.3
85.7
84.5
73.1
60.8
54.8
53.1
49.1
47.3
49.1
53
58
57.8
56.4
57.2
62.8
69.8
74.9
77.7
79.2
77.5
78
77.6
83.4
88.4
89.7
91.5
74.9
63.7
55.4
52.5
51.1
50.8
48.1
44.9
43.1
42
41.1
42.8
48.1
59
71.5
74.7
76
72.7
60.6
68.3
72.3
78.8
80
82
66.8
58.1
53.9
53.7
54.1
52.3
50
48.2
46.3
46.3
45.1
47
48.4
54.3
69.9
62.2
56.2
48.1
49.5
58.9
71.4
67.6
66.4
66.3
62.9
57.8
57
53.4
47.8
44.6
43
41.2
41.2
40.9
40.4
44.3
49.8
55.6
57.7
65.7
67.9
70.3
71.5
74.8
77.4
81.7
86.6
86.6
72.5
70.1
56.4
46.6
44.1
43.6
45.3
43.7
41.2
39.9
38.4
37.9
40.8
47.4
51.9
57.8
67.3
69.6
74.4
75.7
80.4
82.2
86.4
84.4
65.5
55.1
49.1
46.4
47.4
48.9
48.5
48.4
45.2
40.1
30.5
25.3
32.3
42.1
54.7
58.9
69.6
74.2
66.5
75.2
62.7
71.2
79.6
81.1
63.1
52.8
51.3
48.8
44.5
43.3
40.7
37.1
37.8
37.2
36.7
36.5
38
50.9
59.8
68
62.9
46.9
44.5
46.6
57.8
63.9
75
74.2
60.8
55.9
51.9
48
42.7
40.8
39.6
36.9
36.5
34.7
38.5
40.6
43.9
45.9
39.2
35
42.1
50.2
54.3
57.5
60.7
65.5
68.7
70.5
63.4
63.3
59.9
56.5
53
49
39.1
28.1
24.4
24.2
23.6
21.9
35.1
41.4
47.2
54.1
52.5
58.1
61.7
69.3
78.3
75
48.4
50.1
46.1
45.6
43.7
43.7
41.2
38.7
41.8
39.6
36.2
39.2
39.1
31.9
47.7
52
63.6
62.8
56.3
60.3
82.1
83.8
85.6
86
55.3
55.6
48.5
47.9
48.5
45.5
44.4
43.4
40.9
41.7
37.9
37.6
38.7
40.7
42.5
49.5
59.5
68.7
77.1
80.9
82.9
79.8
69.9
70.9
76.7
82.1
72.3
57.4
55.7
51.5
47.9
46.7
43.3
41.7
41
38.3
40
40.9
45
49.5
54.7
54.6
54.6
59.3
71.3
75.6
81
79.3
73
71.6
71.6
67.8
65.4
58
53.8
48.3
46.1
41.4
38.9
39.8
43.6
43.8
46.7
55.8
68.3
76.2
80.1
80.3
64.2
62.1
60.9
61.1
74.8
77.9
69.2
59.6
48.1
43.3
42.3
41.5
41.9
36.6
36
36
36.2
39.6
43.7
49.6
51.5
52.4
60.5
60.1
58.3
57.7
52.6
61.2
69.8
76
72.1
60.2
63
67.4
65.4
58.6
55
52.6
48
50.6
44
45.7
64
65.1
67.6
77.5
81.1
84.1
85.6
83.8
77.5
72
76.2
78.5
67.8
56.5
52.8
49.3
45.6
45.2
44.4
42.9
42.7
45.3
44.4
41.1
42.2
50.2
51.9
61.8
68.7
72.6
70.5
66.5
69.9
73.4
78.6
81.8
62.7
50
48.7
48.6
49
47.9
45.6
43.2
27.2
23.3
27.3
27.5
31.7
40
44.4
49.9
58.6
71.8
81.3
75.3
75.8
83
89.9
91.4
54.9
36
33.8
39
38.1
31
31
24
23.9
24.2
24.2
23.8
23.7
27.3
33.4
37.7
54
48.9
57.3
56.4
49.1
60.4
63.5
66.7
45.8
28.8
24.1
23.7
23.6
24.1
24.1
24.2
24.2
24.2
24.2
24.2
24.2
34.9
43.7
46
42.6
46.2
49.8
55.3
57.2
65.2
69
73
54
49.9
49.4
43
33.4
33.4
33.6
32.6
29.5
30.5
32.5
32.3
36.5
44.7
59.5
66
70.2
74.7
74.7
58.7
72.8
78.1
75.9
75.1
54.8
45.5
46.7
45.3
42.6
41.7
41.9
40.8
37.3
37.1
36.7
40.4
45.9
51.3
53.8
59.3
64.4
59.2
59.8
59.1
71.4
76.2
72.3
71.8
72.8
69.5
64.3
57
53.8
49
46.8
49.8
48.8
50.6
85.7
84.4
70.3
71
89.1
91.9
89.6
81.5
90.6
82.8
88.5
85.9
95.8
91.8
79.9
60.8
41.8
45.1
45.6
44
36.4
30.9
25.2
24.1
23.9
29.3
30
30.6
38.7
43.4
48.7
47.7
46.1
37.4
36.2
53.1
73.2
76.7
63.1
55.3
47
45.2
42.1
41.1
39
37
35.1
35.5
37
37.3
40.5
44.2
57.7
63.5
66.1
70.7
69.8
73
67.8
58.9
67.9
76.2
60
47.8
45.4
42.7
38.8
36.5
36.5
35
33
28.1
28.9
27.7
25.1
31.6
45.8
59.8
53.3
41.7
57.1
53.3
59.1
64.1
78.6
79.9
60.6
48.2
45.6
43.5
41.1
40.4
41
39.3
35.1
34
32.9
31.7
35.4
44.1
56.5
64.6
68.8
72.1
71.8
68.9
60.4
75.7
83.7
85.5
63.9
48.1
43.5
41.9
38.9
37.6
35.8
33.5
32.9
32.1
27.9
28.7
32.9
38.6
52
64.6
68.8
74.9
78.4
78.6
78.3
82.3
84.3
87.1
64.7
47.9
41.2
40.8
41.4
37.1
33.5
33.4
34
31.4
24.9
24.6
24.6
41.1
56.4
62.8
65
67
67.3
69.8
73.8
77.9
78.7
79.9
58.4
43.5
39.3
37.7
36.1
34.1
32.9
35
26
24.8
24.7
24.7
25.1
40
44
51.1
54.8
56.5
57.5
60.1
66.6
72.3
77.3
76.5
60.4
46
40.7
38.8
38.5
37.2
34.2
30
22.1
22.4
24.7
24.7
24.4
29.3
40.4
47
42.8
53.5
57.9
59.9
63.5
67
69.7
69.8
54.7
40.6
30.9
27.9
29.4
27.4
26.4
25.8
24.7
24.7
24.7
24.7
26.4
35.6
39.5
51.1
54.1
59.6
62
61.1
63
64.7
71.4
72.3
56.1
39.4
34.6
35.1
33.3
32
29.1
31.2
31
31.8
31.1
32.3
36.1
48.5
57.2
62.3
66.6
67.9
69.5
69.4
70.3
73
74.7
73.7
60.3
42.2
38
37.1
31.4
25.5
26.2
29.1
25.6
24.6
24.3
24.7
25
41.3
49
50.4
54.6
60.1
61.6
64
66.2
70.1
73
73.9
57
41.5
34
34.3
33.4
28.9
27.6
25.1
24.7
24.7
24.4
24.7
25.3
33.2
29.6
35.7
48
50.5
46.4
46.5
50.5
52.3
55.3
57.8
53.4
48.4
48.4
48.6
47.2
47.1
43.4
40.9
36.3
32.2
35.6
34.1
36.3
37.5
42.8
50.4
55.1
53.4
59
63.3
68.9
70.8
73.6
73.7
47.5
39.2
37.6
37.1
31.4
26.3
28.1
27.8
24.2
24.5
24.2
24.2
24.2
25.7
33.8
33.4
39.2
48.5
54.3
62.1
66.4
67.7
72.6
61.1
50.5
47
42.4
51.9
53.7
42.1
41.7
43.3
37.4
35.8
31.6
24.2
25.8
35.1
44.4
45
49.7
59.4
61.4
63.6
64
69.1
72.9
75
55.9
39.1
32.5
27.3
24.3
24.4
24.2
24.3
24.3
25.5
24.8
24.2
27.7
42.2
52.1
45.2
43.1
43.1
37.4
36
46.4
59.4
68.2
70.6
60
40.5
28.5
28.9
28.6
29
26.9
26.6
24.6
25.4
27.7
27.4
32.9
39.7
48.3
56.9
60.9
65.5
68.6
72
73.7
76.5
77.8
77.4
62.8
43.8
38.4
36.2
37.8
36
31.5
31.1
27.7
26.4
29.6
30.2
34.7
41.3
50.1
56.9
60
59.6
46.8
44.8
42.9
48.9
63.1
69.5
59.6
45.6
42.4
38
35.6
33.8
32.3
35.2
34.8
34.8
35.2
37.3
38.4
44.1
50.9
57.1
57.4
48.3
46.1
45.8
45.8
44.9
47.4
61.9
63.6
56.3
46.3
44
42
37.9
35.6
31.7
32.1
34.3
36.4
39.3
43.2
53.8
63.6
67
72.1
74.1
74.7
75.3
77
81.4
83.8
86.1
70.1
55.2
51.9
49.6
45.1
41
33.8
24.6
23.5
21.2
18.5
31.3
55.5
53.8
58.3
56
52
49.8
48.5
47.7
46.3
45.9
43.4
41.4
41
40
38.6
34.7
33.7
29.5
23.8
23.7
23.8
23.9
23.7
23.8
25.9
36
34.8
33.1
32.3
33.4
35.5
35.1
37.1
38.7
38.5
37.9
35
30.4
29.8
27.4
26.8
27.7
27.4
26.6
26.2
26.7
26.3
27
31.9
42.1
53.2
58.5
61.3
55.5
41.9
42.9
44.9
55.3
60.8
65
57.5
39.5
31.9
31.1
33.3
33.5
31.6
30.9
31.4
32.9
25.7
35.3
43.5
48.1
44.8
53.4
55.6
64.1
64.9
75.5
88.2
74.9
92.4
93
86.8
74.1
65.5
62.2
49.4
47.2
43.1
39.4
35.6
37.5
53.5
47.3
53
55
56.2
53.2
52.1
56.4
72.8
80.9
85.2
86.7
89.8
92.2
76.8
54
44.1
37.6
36.2
35.6
35.5
35.9
35.8
36.4
36.2
36.6
40.4
51.3
61.8
68.5
71.6
74.9
75.3
56.9
50.4
42
45.4
57.9
41
44.8
46.5
41.8
38.7
37.5
35.1
34
33.6
32.2
32.3
33.2
36.9
42.5
45.2
43.5
41.9
35.5
32.2
32.7
33.8
45.8
49.9
55.5
50.1
32
24.5
27.7
27.8
25.7
24.7
24.4
24.6
24.5
24.5
27.2
33.5
46
50.8
54.1
61.8
65.6
60.9
50.3
57.9
65.8
71.2
72.3
62.4
45.7
38.8
33
34.3
36.4
46.1
39.5
32.5
33.8
30.8
33.9
41.5
52.8
54.2
58.2
59.2
60.3
60.4
68.5
72
72.4
71.2
73.1
74.3
82.7
76
80.7
75.8
67.9
60
51.5
47.5
50.9
51
71.5
65.9
77.8
74.6
70
74.4
74.8
71.6
81.3
77.5
73.9
72.8
79.2
90.8
88.2
81.5
87.4
86.3
61
51.4
43.3
38.8
38.7
41.2
42.5
46.1
51.4
70
72.5
71.6
77.7
78.2
75.8
75.6
76.5
83.1
85.3
73.5
53.5
52.8
51.3
48.3
43.4
40.5
38.9
38
38.2
39.6
41.4
42.9
70
83.8
77.6
87.5
70.7
74.8
89.8
92.3
95.5
97.2
96.3
90.4
73.6
58.3
50.2
46
45
43.5
38.9
38.3
38.9
36.4
40.7
43.6
60.9
70
73.6
75.8
60.3
60.8
59.8
64.6
79.4
87
90.3
80.5
57.4
55.5
50.5
43.5
41.2
38.2
37.6
38
36.9
37.1
39
43.1
53.6
59.2
64.8
66
67
72.5
84.4
89.5
89.8
89
92.5
84.5
72
61.8
54.5
52.5
51.2
50.4
46.9
43.2
43.2
46.2
45.9
53
63.6
66.8
70.3
80.8
80.6
80.3
78.8
82
86.8
86.3
83.7
80.4
76.5
64.7
64.1
59.7
56.4
60.8
51.8
46.9
46.9
46.2
46.1
50.3
58.6
62.9
67.6
79.7
87.1
90
90.7
93.7
95.5
96.3
97.1
87.8
64.7
59
56.9
50.3
48
47
45.2
42.5
41
39.1
37.4
45.7
61
70
73.4
72.8
58
59.3
57.6
69.8
75.6
84.5
85.1
81.4
63.3
56.3
53.2
50.7
45.8
42.2
38.1
35.4
34.9
37.5
39.2
44.2
51.4
61.2
65.7
59.9
58.3
64.8
67.6
74.5
79.4
77.5
83.5
71
64.2
64.7
59.5
50
44.1
40.1
33.2
32.7
31.1
26.6
30.4
33.5
40.4
55.7
63.9
68.8
71.4
72.5
78.9
81.9
82.8
83.8
85
83.7
66.2
54.7
45.8
41.4
38
35.6
33.6
31
31
33.2
33.8
40.2
47.4
48.9
49.9
61.6
64.7
57.1
58
70.3
81.3
85.7
86.7
78.1
57.1
52.7
47.1
43.7
42.3
41.9
39.1
35.7
33.2
35
39.8
43.1
48.7
60.2
63.1
65.3
64.2
65.8
74.7
80.5
84.5
84
90.9
84.4
75.8
71.5
70.8
61.1
59.1
51.2
48.5
52.3
52.1
54
57.8
59.9
87.4
91.9
96.2
96.1
94.6
96.7
97.8
99.2
97.5
96.9
97.7
89.8
70.6
68.9
74.3
85.1
89.7
74.4
71.3
67.5
62.3
60
60.7
58.3
57.5
58.4
62.2
63.8
74.3
85.9
92
96
99.3
100
100
97.9
82.9
73.9
70.9
57.2
58.1
53.9
47.2
44.8
43.5
45.5
49.4
75.7
86.9
94.2
87.6
83.9
73.7
61
83.8
88.8
91.4
93.2
96.5
97.3
91.7
81.7
68.4
59.5
53.3
56.8
63.9
67.1
73.1
74.5
68.4
75.4
80
80.3
85.3
94.4
98.1
99.3
99.7
100
100
100
100
100
88.3
66
58.9
59.4
61.7
58.9
55.2
50.9
48.4
42.8
48.6
60.1
79.7
89.3
91.1
91.2
95
94.9
90.8
93.6
96.3
97.2
98
98.2
79.9
64.3
60.9
48.8
45
41.2
37.6
37.6
35.5
36.7
39.9
47.8
62.3
72.8
80.5
84.6
86.5
89.3
90.3
92.7
93.4
95.3
96
89.2
65.9
51.1
44.4
40.2
40.3
38
36.1
34.5
35.3
39.2
44
56.6
69.8
75
79.3
83.5
70.9
52.8
47.4
43.6
44.9
64.3
76.4
80.1
63.1
49.8
39.5
32.8
32.9
31.6
31.4
30.8
27.9
27.6
32.1
42.1
58.5
68.8
72.3
74.4
65.5
68
76.4
78.7
83
86.3
87.5
83.6
64.9
56.2
50.3
47.5
46.3
44.5
45.3
44
43.3
45.8
54.9
60.9
57.5
63.5
73.1
72.3
70.3
72.6
77
80.9
85.4
85.2
83.4
79.4
66.8
57.7
53.2
52.8
50.7
50.6
49.8
47.6
52.4
53.7
57
62.9
61.9
64.7
65.8
66.3
74.3
78.3
82.4
81.3
85.6
91.7
93.5
85.6
73.2
77.7
88
81.5
85.2
74.3
75
65
55.5
58.8
65.8
69.5
63.6
64.2
67.8
70.4
74.4
86.4
81.3
69.6
89.3
NA
91.6
92.7
91.7
87.3
82.5
82.1
69.5
67
53.8
44.5
42.6
45.6
48.3
63.6
83
86.4
81.9
83.8
83.5
75.6
85.9
90
94.2
96.3
94.9
94.3
73.6
48.7
46.7
46
44
46
43.4
39.5
37.8
35.9
39
49.2
69.3
81.6
83.6
84.5
83.6
87.2
88.1
81
54.9
57.9
54.1
49.6
46.8
45.7
47.1
46
44.2
45.8
45.5
48.2
49.9
44.8
46.7
53
55.8
66.4
78.9
75.6
55.4
48
38.6
48.5
52.8
48.9
59.5
65.3
57.3
38.3
34.7
31.8
33.6
36.3
36.5
37.5
37.8
42.5
43.5
50
53.4
55.1
62.1
69.6
76.1
79.4
84.9
83.3
83.3
74
80.6
76.6
78.3
68.5
53.2
61.6
77
71.5
70.8
74.5
62.6
57.3
57.8
68
71.8
83.5
87.9
85.5
89.7
89.9
91.7
93.7
94.4
90.9
92.3
87.6
56.1
38.2
28.8
22.2
19.9
18.5
17.7
12.6
19.9
18.6
15.8
22.8
32.3
47.6
51.5
48.4
46.8
52.1
45.7
52
48.2
57.2
60.1
62.9
55.7
46.5
39.3
30.5
33
31.3
25
24.3
21.8
23
22.7
36
46.5
57.5
42.4
48.7
51.8
52.7
63.4
78.2
83.5
86.5
89.2
88
58.8
43.1
40
35.4
33.9
27.5
23.8
24.1
24.2
24.2
24.5
40.4
58.3
59.6
61.1
60.7
63
65.3
65.9
81
86.2
89
91
89.4
66
51.3
45.7
40.9
39.6
34.8
33.2
31.3
29.5
30.6
34.7
49.4
63.3
67
74
78.2
79.6
77.8
79.7
84.6
89
90.5
92.5
90
66.2
52.4
47.3
45.7
42.3
39
34.8
34.9
35.8
36.7
39.5
55.9
49
44.8
45
57.6
61.4
64
64.5
75.4
77.9
77.7
79.7
76.5
64.7
57.7
50.8
50.1
47.8
46.8
45.2
44.4
41.6
44
47.9
54.4
63.4
71.6
71.8
69.6
67.7
64.3
63.6
63.8
64.6
65.1
70.5
81.9
63.7
53.5
49.4
46.4
34.8
37.5
37.8
35.8
36.9
37.6
41.6
46.4
47
49.4
50.8
56.5
49.1
32.8
28.6
27.9
27.1
25.4
27.2
27.5
26.8
26.2
24.6
25
27.9
29.8
27.9
26.5
25.3
26.9
31.4
35.6
38.5
40.6
41.4
48
49.5
49.9
58.7
60.5
67.8
72.9
72.3
67.8
53.7
47.6
37.7
33.1
29.6
28.6
26.6
26.2
24.8
26.1
31.7
40.4
42.2
52.3
65.9
64.4
49.2
50.9
58.8
73.8
79.6
83.8
86.7
87
62.7
48.8
45.5
41.8
38.4
37.3
35.5
34.5
34.1
35
39.1
49.3
61.5
67.4
74.2
77.9
82.9
83.3
83.3
83.6
87.4
89.6
91
87.6
78.2
56.9
52.1
51.6
47.9
45.1
43.1
41.6
41.4
42.1
46.1
61.3
70.8
57.4
54.9
63.7
68
66
62.8
64.3
67.8
69.5
79.9
85.5
77.1
66.1
59.4
54.9
50.8
47.1
44.6
42.3
41.6
40.8
47.2
60.7
71.2
75
74.9
70.3
66.3
66.4
66.5
79.9
83.4
82.1
86
89.8
94.1
95.7
93.2
87.5
67.2
60.8
57.1
55.3
51.8
52.9
58.3
67.4
76.7
87.5
91.3
93.6
85.4
75.9
85.6
84.6
79.3
78
76.8
77.8
75.2
73.1
68
60.3
55.5
54.2
51.2
53.3
55
42.3
40.5
59.1
74.1
76.8
75.1
72.6
75.5
72.4
73.2
74.1
71.2
72.7
74.3
72.4
58.6
39.7
30.1
26.9
25
24.1
24.1
25.2
27
28.4
32.4
45.2
48.6
46.2
43.8
49.8
50.5
48.8
47.6
46.9
46.4
47.2
48.3
47.9
44.1
43.5
42.5
42.4
40.1
38.7
37.8
38.6
38.1
38.5
44.6
61.3
64.5
73
80.8
83.2
85.5
84.4
85.2
89.2
88.6
92.8
95.5
96
77.4
55.2
42.7
43
42.3
40.6
39.2
38
37.9
38.7
45.8
62.8
73.2
75.6
83.8
85.2
87
88.2
91.4
92.3
94
96.5
98
98.5
82.9
60.1
48.8
47.4
45.2
43.3
41.9
39.7
40.1
41.1
47
62.4
72.8
75.7
78.5
84.8
85.7
86.3
86.6
88.9
90
92.8
95.4
96.4
78.8
59
55.2
48.8
45.9
42.4
39.8
37.1
33.9
35.1
43.4
58.1
72.5
80.7
86
84.9
81.3
86.1
88.3
92.2
94
94.9
96.3
95.9
83.4
65.2
53
47.6
41
38.5
39.9
38.7
35.6
34.1
42.3
57.3
58.1
65.6
68.7
56.5
53.6
56.6
74.2
82.5
86.4
91.8
95.3
95.7
85.6
68.3
62.7
57.1
53.8
50.7
47.2
46.1
46.8
47.4
50
50
50.2
55.1
62.1
69.3
66.5
64.3
62.4
56.4
52.3
54.5
86.6
92.4
87
90.7
95.7
85.3
77.6
82.9
91.3
93.8
96.6
89.8
89.3
90.1
84.7
87.1
91.5
93.7
78.2
71.3
84
84.7
91.7
90.7
93.2
90.2
88.5
86.9
79.1
75.8
76.7
89.7
80.4
70.2
74.9
62.2
77
76.7
88.2
96.6
94
83.3
88.5
95.2
94.7
96.2
97.2
90.7
90.5
90.8
89.4
88.8
88.2
79.7
70.5
57.5
54.1
54.4
49.7
54.4
62.2
76.3
86.5
86.5
67.2
65
64.6
65.8
67.7
68.4
68.1
72
81.3
80.8
79.5
68.3
66.2
62.9
60.2
55.5
53.2
49.6
50.9
49.2
65
79.8
72.7
79.4
84.5
87.1
85
87.4
89
87.2
91.1
92.1
94.4
97.1
98.1
96.1
90.9
84.8
76.4
70
59.8
62.3
61.6
66.7
77
83.7
88.9
93.9
97.7
98.8
99.8
100
100
100
100
100
100
100
100
83.8
67.4
62.4
58.9
57.2
51.4
48.3
49.1
50.3
64.3
82.8
90
95.2
97.5
98.8
99.6
100
100
100
100
100
100
100
99.9
NA
61.9
58.8
57
53.3
50.2
46.6
45.7
48.3
64
82.5
90.3
94.4
96.3
98.2
99.3
99.9
100
100
100
100
100
100
100
81.1
64.4
59.5
56.5
53.1
48.1
45.6
45.1
49
66.4
75
77.9
80.5
74.8
79.2
86.2
90.4
92.1
94.2
95.7
94.4
95.6
96.2
94.4
83.3
71.3
65
64.4
59.8
57.5
55.1
58.8
62.5
72.4
77.2
84.5
90.4
93.2
95.7
98
99.8
100
100
99.9
100
100
100
100
86.1
71.5
69.8
63.7
60.8
55.1
53.8
52.3
59.3
68.6
74.2
77
89.2
93
95.5
94.1
95.1
98.2
99.4
100
98.3
92.3
93.4
95.3
85
76.2
78.2
74.7
75.4
73
82.7
90.2
81.5
87.3
93.2
90.2
80.4
77.6
91.8
97.7
99.7
100
100
100
100
100
99
84.7
76.2
72.2
70.5
69.2
66.7
60.7
59.8
60.8
67.4
75
91.1
95.5
98.2
98.7
99.5
98.5
96.4
96.6
98.6
99.7
100
100
100
98.9
67.2
56.5
53.7
51
49.7
47.5
46.6
48.1
52
63.5
76.7
87.6
92.4
95.7
97.5
98.3
99
99.4
99.9
100
100
100
100
100
78.4
63.2
56.4
50.9
43.9
41.4
43.7
44.2
52.3
71.8
77
80.1
83.9
87
87.7
90
90.6
90.2
88.1
85.1
83.6
85
87.1
84.5
70
62.7
56.5
49.8
49
48.8
47.8
45.9
51.2
61.6
73.7
82.6
87.7
88.1
86.9
87.9
90.8
90
91.5
94.6
93.9
95.2
97.8
92.5
70.3
58
51.9
48
44.8
42.4
41.6
42.5
45
63.7
69.3
73
76.5
78.3
80
85
88.4
94.4
94.8
97.2
98.5
99
99.6
95.4
72.2
62
55.4
51.6
50
47.8
46.9
44.8
51.5
66.7
78
85.6
86.2
92.3
93.1
94.5
95.9
97.8
99
100
100
100
100
99.1
79.5
63.9
53.9
50.8
48.4
47.7
47.2
47.1
47.7
51.8
54.7
53.7
67.5
50.7
48.8
48.2
55.7
59.8
62
64.9
66.7
67.4
72.5
74.5
75.6
69
66
59.8
54.6
50.1
53.7
58.1
60.4
63
67.6
66.6
69.7
82.9
90.5
96.1
98
97.4
96.7
98.6
99.7
99.9
100
99.5
73.7
59
54.4
53.8
50.2
48.5
46.3
45.8
50.5
69
82.4
87.7
92.1
95.4
97
98.3
99.3
99.6
99.6
100
100
100
100
100
91.3
68.8
63.3
57.8
54
50.9
46.1
44.5
48.7
68.9
78.2
83.8
90.7
94.5
96.4
92.5
95.9
97.3
98.2
99.5
100
100
100
100
95.8
72.6
65.4
61.8
56.2
53.6
53.6
54
60
77.4
84.3
89.5
92.3
94.8
96.2
97
98.1
98.9
98.2
99.7
100
100
100
100
100
90.2
82.5
78.5
79.8
76.3
70.8
69.3
76.7
82.3
87.7
93.7
97.7
98.5
96.2
80.4
79.1
81.9
87.5
91.4
93.8
95.6
98.2
87.5
66
57.4
53.4
53.1
46.5
43.9
42.3
38.9
40.3
59.9
73
76.6
69.6
43.9
61.3
63.5
43.8
33.2
64.1
75.8
77.5
87
93.3
69.9
44
40.4
35.3
34.6
36.8
28.1
33.5
34.1
39
45.3
45.5
38.2
46.5
57.8
59.6
63.8
64.2
69.6
62.3
59
63.9
63.5
68
68.4
50.2
41.9
38.5
34.7
30
26
27.5
29.8
32.3
40.8
49.5
58.1
63
66.4
66.4
72.9
73.1
75.3
77.5
76.9
62.5
63.9
60.4
50.6
27.7
34.8
31.8
30.4
27.9
25.9
24.7
32.9
36.3
39.4
40.9
50.8
57.2
57.7
51.8
60.6
65.5
71.3
76.5
76.7
79
83.1
83
79.1
70
49.4
41.8
36
37.9
43.8
46.7
48.8
54.6
59
56.7
57.4
71.8
78.5
77.1
79
79.3
62.8
65
78.1
89.3
87.6
90
85.8
79.2
81.9
75.8
79.6
80
77.5
78.8
82.2
88.4
93.5
93.5
91.2
96.3
97.6
98.6
98.9
99.2
99.9
99.9
100
100
100
100
99.3
93.1
84.3
72.4
64.6
63.7
62.6
62
66.7
69.4
75.7
81.8
86.2
88.2
88.2
85.4
61.8
63.3
60.3
60.9
64.2
75.3
87.2
91.1
90.1
90.8
93.3
92.6
92
92.6
95.5
96.5
96.7
97.5
98.4
98.8
99.5
99.3
98.9
99.3
100
100
100
100
100
100
100
100
100
100
96.9
82.7
73.9
77.7
73.3
69.5
70.2
77.2
89.4
97.7
99.5
100
100
100
100
100
100
100
100
100
100
100
100
100
100
96.3
92.8
93.2
94.3
93.1
93.5
93.3
90.3
88
82.9
77
73.8
68.5
76.4
86.8
91.6
93.8
97.3
97.6
98.9
99.9
99.2
90.4
82.1
83.6
77.7
71.4
69
68.4
72.2
76.2
85
92
96.7
99.1
100
100
97.9
98.6
99.3
89.3
79.4
84.1
80.8
83.3
82.2
81.8
83.5
86.3
91.2
92.4
94.3
95.4
96.4
98.1
98.8
99.7
100
100
100
100
100
100
100
99.8
99
99.7
100
100
100
99.9
98
81.8
69.3
57.2
52.1
51.4
53.8
63.1
80.8
83.7
93.6
94.7
93.2
97.8
99.2
99.9
100
84.8
73.9
71.1
87.8
95.5
97.6
79.1
63.9
54
49.8
45
45.8
46.4
46.7
55.4
66.2
78.8
93
96.1
97.8
98.8
99.7
99.6
99.9
99.9
99.8
100
100
100
100
98.6
71.3
62
60.1
57.7
53.6
52.3
50.1
63.9
85.8
92.3
95.4
97.7
98.6
99.5
100
100
100
100
100
100
100
100
100
94
62.2
54.6
46.2
43
41.8
45.3
47.2
55.5
73.6
88.5
91.2
95
97.1
98.2
99.3
100
100
100
100
100
100
100
100
99.8
74.3
61.6
57.7
53.9
52.2
49.1
53.6
63.6
87.7
87
86.9
90.5
97
98.7
99.9
100
100
100
90.7
75.2
93
97.2
98.8
84
72.6
58.2
65.8
68.4
72.3
69.5
65
64.6
63.8
61.1
60.9
63.3
66.1
67
67.4
67.4
67.4
68.8
79.1
85.8
89.2
90
88.8
82.5
74.8
67
63.5
61.8
57.4
60.4
63.7
72.5
79.2
76
72.1
63
62.9
70.8
85.7
90.1
91.7
93.9
96
97.4
98.6
97.3
99
91.9
70.3
61.4
55.4
46.2
41.8
40.2
48.4
55.1
52.8
53.1
72.7
81.9
88
92.3
91.8
93
92.9
95
95.5
96.6
97.8
98.5
99.3
92.5
65
54
48.9
47.1
45.4
45.5
51
63.6
65.8
66.7
67.7
68.2
63.9
67.9
77.7
78
83.8
83.4
82.2
93.6
96.2
98.1
92.9
86
78.5
76.3
76
70.9
47.7
18.9
13.5
13.2
19.7
40
30.6
29
30.5
41.5
38.9
33.8
41.8
49.4
50.4
50.1
59.4
66.8
50
47.5
44.8
38.2
33.4
27.7
26.7
21.4
21.9
24.4
27.9
29.4
33.8
34.4
34.5
36.2
41.8
40.9
56.4
66.3
61.9
52.3
59.8
50.4
50.3
50.7
45.5
39.6
36.3
35
38.3
39.4
42.1
46.9
43
43.5
44.2
41
51.4
66.6
76
38.4
44.8
48
59.9
69.5
51.9
60.8
73.4
61.1
49.3
37.8
38.4
40.9
40.2
35.4
48.2
51.1
56.9
70
76.9
61.1
57.5
56.6
62.4
62.3
61.9
64.8
65.8
66.7
70.8
67.1
71.7
54.4
28.9
27.5
26.9
23.3
24.1
31.3
33.9
39.3
52.8
57
59.1
58.3
61.3
63.3
64.1
63.8
62.1
57.5
53.9
58
62.3
63.6
72.4
65.8
46
43.4
42
38.7
35.6
34.7
36
43.2
43.7
41.9
44.1
59.9
70.9
75.6
79.2
76.5
74.7
44.5
23.2
22.4
25.8
37.6
40.4
36.4
41.7
26.8
24.4
16.3
14.4
14.8
19.7
35.1
41.5
53.7
56.7
42.3
30
21.9
24.7
34.5
36
23.6
35.5
45.2
52.9
54.5
53.5
35.8
24
22.5
21.5
21.9
20
19.8
21.1
33.1
45.2
57.3
62.9
69.2
72.5
74.3
74.7
72.9
76.3
76
78.3
83.3
87.4
90
90.5
76.8
52.2
43.4
36.4
37.2
38.5
39.5
42.4
48.2
51.5
53.6
52.1
53.4
57.2
68.6
78.1
55.5
51.3
50.5
50.3
52.1
52
59.3
71.6
65.8
56.8
43.8
44
44.9
46
53.3
59.5
70.7
84.6
78.7
67.3
77.3
81.2
82.2
88.7
89.6
90.2
89.9
91.3
91
89.7
91.3
88.4
84.8
69.4
57.6
58.1
54.6
55.9
55
57.9
66.1
79
86.7
91
90.1
92.5
93.5
95.5
96.3
96.8
97.4
98
98.3
98.2
98.3
98.7
98.1
83.6
62.6
56.1
56.3
53.2
53
60
64.3
70.9
81.4
84.2
89
91.2
94.2
91.9
87.2
88
88.6
88.5
86.4
86.8
87
90.3
87.4
80.9
75.1
71.4
71.5
69.6
76.8
84.4
92
94.9
96.2
96
96.3
96.2
96.8
97.2
96.6
96.5
97.2
97.3
97.3
97.4
97.3
97.3
97.4
97.4
97.6
97.4
97.3
97.4
98.4
93.2
89.8
91.1
91.9
96.8
98.3
98.9
99.8
100
100
100
98.5
94.7
96.8
97.3
82.8
74.3
92.5
96
96.9
98
98.3
98.6
99.9
88.9
88.6
98.1
100
100
100
100
100
100
100
100
100
100
100
94.8
87
83
85.9
87.6
89.7
92.8
83.8
74
71.7
76.2
65
74.9
85.4
89.2
93.2
96.5
98.5
99.1
98.8
99
99.9
100
100
100
100
100
99.8
96.8
96.5
94.3
90.6
88.3
88.8
89.3
86.5
81.8
91.4
93.2
98
99.3
94.2
73.6
74.8
75.1
75.2
83.7
95.3
98.3
99
99.7
99.6
82.6
64.1
66.2
73.2
49.6
38.3
38.9
89
97.4
99.6
100
100
100
100
83.5
87.6
87.1
86.1
86.2
48
81.9
92.4
94.8
84.9
77.4
58.9
51.7
43
44.5
45.3
53.1
71.4
86.9
90.5
75.4
77.7
89.8
95.3
96
91.3
90.5
92.6
89.7
89.6
90.7
88
84.3
86
76.8
73.2
68.4
66.1
65.1
65.2
65.9
74.4
77.2
81.1
81.8
84.4
87.1
86.7
86.6
88.5
88.6
90.1
91.8
95.7
97.3
98.4
98.3
98.3
89.1
75.7
71.4
68.8
64
57.8
64.4
78.3
88.8
94.7
95.3
94.7
95.7
96.7
97.7
98
98.7
98.6
99
99.2
99
99.3
99.6
100
85.4
63.6
60.5
63.2
62.7
60.6
65
78.8
89.3
94.3
91.6
94.1
95.7
96.8
97.3
97.8
98.5
98.6
99.2
99.1
99.8
100
100
99.6
83
73.5
71.5
67
67.4
72.7
79.8
83.7
85.4
84.3
85.5
86.1
88.3
90.2
88.4
88.5
93.4
95.6
97.2
98
98.3
97.1
95.6
95.8
92.4
88.1
88.3
86.9
79.2
77.5
83.3
91.5
93.3
93.5
94.4
95.8
97.2
98.3
98.5
94.8
93.3
93.9
95.6
95.4
95.4
96.2
97.7
97.8
94.9
93.4
93.7
91
86.4
87.4
86.3
87
90.4
92
77.2
38
27.3
59.1
69.8
69.2
68.7
69.7
65.4
68.3
76.6
76.3
77.5
71.8
52.4
34.6
32.6
25.9
23.4
21.7
21.4
24.8
38.1
47.8
55.2
61.7
63
66
68.8
69.9
76.1
76.8
74.1
74.6
74.1
79.6
82.8
76.8
67.4
54.1
47.3
44.1
34.6
35.4
39.2
58.8
68.8
69.9
70.6
76.2
84.3
86
88.9
88.8
88.3
85.2
84.4
83.5
84.5
87
87.1
82
65.1
51.4
49.8
49
47.5
44.2
46
61.6
72.7
78.5
81.5
83.1
83.3
79
79.4
81
87.1
89.8
83.8
85.4
88.2
87
84.6
83.4
78.3
81.1
80.8
74.5
73.4
74.1
77.7
85.4
85.8
84.4
72.3
85.3
94
96.8
95.7
95.9
95.8
93.8
92.7
90.7
87.7
89.9
92.9
91.1
87.3
82
71
61.9
58.4
56.3
57
68.1
79.3
84.3
89.9
89.6
90.2
94.7
94.8
93.3
94.7
96
96
95.3
93.5
92.5
85.6
63.6
55.6
56.5
58
59.8
66.6
88.6
95.3
96.5
97.6
94.7
85.9
88.9
96.2
96.2
97.9
97.9
98.3
98.9
99.2
99.4
99.3
99.5
99.6
99.4
99.6
99.5
98.6
98.3
97.6
90.8
92.3
96.5
97.7
98.2
98.5
99
99
99
98.9
99
99.7
99.8
99.5
99.8
99.3
99.2
99.1
98.8
97.4
91.8
86.7
85.8
86.6
89.1
90.8
92.8
95.8
97.4
97.9
98.5
98.6
98.9
99.5
100
99.9
100
100
99.9
99.7
99.4
99.6
100
99.7
86.9
64.3
59.1
44.9
61.3
67.1
74.6
87.3
91.1
89.3
87.1
83.3
79.2
80.9
84.1
86.4
89.5
92.7
92.5
89.4
88.8
92.1
90.1
73.8
53.6
40.9
33
38.2
41.7
45
46.9
36.5
51.4
69.8
78.5
82.2
86.6
84.8
85
64.7
73.8
83.4
71.4
46.4
50.1
66
69.8
67.1
63.2
61.9
56.1
51.9
46.3
48.3
63.8
75.4
80.7
81
82.4
85.1
89.9
72.6
64.6
67
67.6
86.5
86.7
87.3
93.2
88.7
77
65.1
57.1
50.5
54
50.3
51.1
53.7
60.8
67.5
73
78.5
79.3
82.3
84.3
85.3
86.2
89.6
91.5
88
87.4
88.1
86.1
85.1
76.8
61.7
54.9
42.3
43.8
45.8
42.3
44.9
58.1
66.8
65.9
64.3
71
75.5
80.2
85
75
63.6
69.8
81.2
77.3
80.5
82.1
84
83.3
77.1
70.9
61
50.8
48.4
55
54.6
60.1
63
67.2
64.9
68
81.8
89.7
91.3
92.8
93.4
91.4
91.6
91.7
90
89.5
90.2
91
74.3
52.7
50.4
52.7
54.8
56.8
58.1
60.1
62.4
70.9
81.6
84.5
88.4
89.7
91.7
92.3
92.1
92.5
92.3
92.2
91.9
92
92.3
91.7
73.8
52.5
47.4
44.5
46.5
48
57.9
70
83
89.1
91.1
91.8
92.3
92.6
93.7
93.6
93.8
93.1
92.6
90.8
91
89.8
89.3
86.7
64.6
56.5
52.7
48.4
44.8
47.3
52.5
69.9
82.3
88.1
89.7
90.9
92.3
93
94.2
94.4
94.3
93.1
93.6
93.6
92.9
91.1
90
85.8
69.3
53.6
40.9
37.9
33.6
35
44
61.5
77.8
79.8
80.5
82.5
83
82.6
84.1
84.2
85.3
85.2
86.2
88.9
87
80.3
85.9
85.8
74.1
61.3
48
48.1
48
47.1
53.6
68.4
73.8
73.9
71.1
67.5
72.1
73.8
74
74.5
77.1
88.5
93.1
95.2
94.8
94.5
95.5
96.5
95.9
93.8
88.8
85.1
85.4
86.5
87.8
92.8
96.6
97.3
97.5
97.3
97.2
97.3
97.4
97.8
98.2
98.3
98
98.2
98.3
98.5
98.9
98.8
99.5
86.1
72.9
64.8
63.9
66.5
69.2
86.7
94.5
97
97.4
97.6
98.5
98.4
98.3
98.3
98.5
99
98.9
98.9
99.3
99.3
99.4
99.1
99
98.5
95
88.7
85.9
87.1
87.6
90.1
95
96.2
97.4
97.9
97.3
97.7
97.7
97.7
97.5
96.8
96.9
96.9
96.2
96.1
81
85
83.1
63.1
50.7
50.4
55.2
65.6
71.2
74.8
80
85.4
89.1
92.3
94.5
95.6
96.1
96.3
96.8
96.8
97
97.4
97.5
97.3
97
96.9
85.7
61
49
48.6
47
46.5
52.6
67.4
82.2
85.9
89.2
89.5
91.4
91
91.6
91.9
92.1
94.6
94.8
95.4
95.2
95.7
95.7
95.7
88.3
75.8
68.1
65.1
60.8
57.7
66.9
80.1
89.7
93.8
94.7
92.8
92.3
94.4
94.6
95
95.2
95
94.1
94.5
94.7
94.4
94.6
94.5
89.5
66.5
63.6
55
49.3
40.5
45.4
67.5
87.7
87.6
88.4
89.5
88.1
89.3
90.2
90.5
90.7
89.9
87
88.6
89.3
89
86.5
84.8
83.6
80.9
78.5
80
80.1
81
82.2
83.7
87.3
87.7
91.1
94.4
95.3
95.9
96.2