98.5
98.7
99
99
99.1
99.4
99.8
99.9
99.6
98.7
96.8
89.3
86.4
85.6
86.9
90.3
92.5
94.9
97.4
98.1
98.5
98.7
98.9
99.3
99.5
99.3
99.4
99.6
99.7
99.9
99.1
98.8
98.5
98.3
97.5
96.2
94.3
90.1
87.4
90.3
94.2
96.3
97.2
97.8
98.2
98.3
98.4
98.7
98.6
98.7
98.7
98.8
98.9
99
99
98.8
98.6
98.5
94.3
78.1
74.6
69.2
64.8
58.6
59.5
67.4
66.9
59.3
58.2
57.7
62.4
66.6
79
83.7
85.3
87.9
91.8
93.5
93.8
93.1
93.2
94
86.2
59.3
60.3
58.6
60.4
60.1
64.7
82
91.2
94.8
95.3
95.3
94.7
94.2
93.6
92
91.8
91.3
91.3
91.5
91.5
91.7
91.8
92
92.6
93.2
92.1
83.1
71.8
71.5
83
88.8
91.3
91.2
90.9
89.1
88
86.8
86
81.6
77.7
80.8
84.2
84.1
83.8
81.8
78.1
77.4
83.5
89.5
90.2
87.8
87.1
87
88.2
91.9
94.4
93.2
86.8
90.2
93.3
96.2
97.2
97.8
98.1
98.3
98.4
98.5
98.6
98.6
98.6
98.8
98.8
94.8
94
84.6
75.6
70.8
71
70.8
91.8
84.1
76.2
68.3
82.3
93.9
94.9
94.3
93.3
94.4
95.8
96.8
97.2
97.6
98.1
98.5
97.8
92.5
89.1
88.2
84.6
74
77.7
88.2
91.7
93.5
94.5
95.4
96.2
97.3
98.1
98.7
99
98.6
96.5
94.2
85.4
68.7
62.2
55.8
55
53.9
47
38.6
38
40.5
45.5
54.9
73.4
81.5
87
89.7
92.2
93.3
92.9
94
94.8
95.2
94.8
95.3
95.4
95.2
95.4
95.7
88.1
68.6
63.4
56.5
57.2
58.9
61.8
73.3
86.7
92.5
94.8
95.4
96.3
96.5
96.9
97
96.7
96.8
96.5
96.4
96.4
96.3
95.9
96.3
91.9
65.2
50.1
51
54.7
58.2
65.3
71.7
84.2
91.3
93.5
93.8
94.5
95.4
94.4
95
95.3
95.2
95.2
95.3
94.6
94.8
95.1
95.7
72.2
49.7
42.5
42
43.3
43.4
43.3
56.7
76.4
78.8
83.3
86.5
88.1
89.4
90.3
91.4
91.7
91.8
93.1
93.6
94
94.3
94.5
84.4
63.5
52.8
50.3
47.6
49.1
53
56.9
64.1
68
75
81.8
84.6
89.6
89.2
88.7
87.7
84.6
85.9
88.3
88.1
89.1
88
78.1
84.6
84.2
80.3
77.8
74.7
73.3
73.8
73.5
72.6
85.3
84.7
88.1
94.2
97.1
98.4
99.3
100
100
100
100
100
100
100
100
100
100
100
98.3
94.6
94.4
92
91
92.4
96.6
98.5
99.4
100
100
100
100
100
100
100
100
100
100
100
100
100
100
100
100
97
89.8
93.7
96.8
98
98.9
99.8
100
100
100
100
100
100
100
100
100
99.9
99.3
98.9
98.8
99.1
99.6
100
96.6
84.7
85.8
79.8
83.4
94.9
98.1
98.9
100
99
97.4
97.6
98.7
98.5
97.5
97
97.7
98.3
99.5
100
99.1
95.6
96
97.2
92.3
94.7
96.3
97.8
98.1
98.1
98.9
99.4
99
98.5
97.1
94.2
95.4
94.4
95.9
90.4
91.9
97.8
99.3
100
100
100
100
100
99.5
96.8
96.3
93.1
96
98
99.3
100
100
100
100
100
100
100
100
100
100
100
100
100
100
96.3
93.4
98
99.5
99.3
98.1
99.1
99
99.3
99.7
100
100
100
100
100
100
100
100
100
100
100
100
100
100
100
100
98
97.4
92.8
87.8
92.5
95.5
97.3
99.4
99.8
99.9
99.8
97.6
95.4
96.3
96.7
97.1
97.4
98.5
99.7
100
100
100
100
100
98.3
88.7
88
84
79
69.6
74.3
91
90.3
96.4
99.1
100
100
100
100
100
100
100
100
100
100
100
100
100
99.8
88.1
76.2
57.6
71.9
90.4
90.9
94.9
96
97.8
98.7
99.3
98.6
97.9
98.2
99
98.9
99.3
99.9
99
87
88.2
90
81.8
80.3
75.2
74.2
67.5
68
73.2
82
91.5
93.6
90.4
84.4
87.4
89.3
81.7
83
85.1
86.9
92.4
93.8
87.7
84.3
93.1
93
83.1
72.9
50.7
38.3
47.5
51.6
49.7
66.5
77.5
71.8
74.2
83.3
84.5
86.6
86
87.6
87.8
87.6
90.1
89
90
91.2
89.8
84.6
74.5
54.7
45.3
44.2
44.9
46.6
49
50
51.2
48.8
62.2
63.9
73.4
73.5
77.3
78.3
77.5
74
74.7
77.7
82.7
90.2
89.6
91.8
91.6
89.9
86.9
82.2
77.5
73.3
71.7
78.4
85
89
91.8
93.4
93.8
85.3
86.3
90.1
93.9
94
96
97.3
98.7
99.8
100
99.6
75.6
57.5
49.4
46
57.3
57.2
59.6
72.7
88.5
96.2
98.3
99.7
100
100
100
100
100
100
100
100
100
100
100
100
96.5
73.7
67.2
58.7
53.1
52.9
57.7
60.4
79.7
88.9
90.4
88.8
92.9
94
94.8
97
98.7
99.7
84.7
64.9
62
59.5
69.7
72.1
59
56.4
52.8
53.2
50.4
51.6
57.1
66
74.8
87.3
95.8
97.2
98.4
99
100
100
100
100
100
100
100
100
100
100
99.5
91.9
74.8
70.2
66.8
63.2
60.2
59
58.3
58
59.1
60.2
62.4
65.8
70.2
70.1
69.6
71.4
73.6
76.8
79
85.3
89.3
92.2
92.8
94.7
95.8
96.5
95.8
96
97.5
97.9
97.6
97.9
98.4
98.6
98.8
98.8
99
99.6
100
100
100
100
100
100
100
100
98.8
98.7
98.5
98.5
98.7
98.6
99.8
100
100
83.3
77.3
77.6
78.7
81.9
79.6
88.9
97.8
98.8
99.6
99.9
100
100
100
100
100
99.8
93.5
81.3
81.3
85.7
91.4
92.9
94.2
92.6
95.5
97.4
98.5
98.4
97.9
98.8
99.5
98.8
99.3
99
99.7
100
100
99.7
78.7
71.6
65.5
63.8
59
62.5
76.3
86.2
93.5
96.2
96.6
98.7
98.5
99.8
99.4
100
98.5
98.7
100
100
100
100
100
100
87
81.8
75.5
76
79.8
74.1
85.3
87.5
89.3
80.4
72.3
66.3
79.4
66.7
72.9
84.3
84.1
82.5
81
86.9
88.5
86.6
86.4
92.6
91
89.7
95.6
87.3
80.9
74
74.3
76.3
74.7
74.5
71
69.8
79.8
78.9
77.1
79.8
88.6
89.5
86.5
88.1
87
85.3
86.3
81.3
74.3
70.5
67.8
68.8
64.4
67.1
66.5
69.3
74.3
85.9
96.2
90.1
76.2
87.2
92.2
92.5
92.7
93.9
90.9
87.2
91.6
90.8
89.2
87.5
86.2
88.2
87
81.3
80.8
80.5
77.8
85.1
91.3
94.3
97.2
98.7
98.4
94.4
94.9
96.2
95.9
97.8
99.1
99.8
99.8
100
100
95.1
71.4
56.7
53
49.5
46.5
43.5
44.2
49.5
67.1
60.8
51.8
65.9
76.9
75.9
68.7
64
57.5
59.7
74.3
72.5
68
73
65.5
84.3
93
92.4
92.2
84.4
77.8
74.4
76.8
79.5
86.4
88.1
86.5
87.2
89.7
92.7
93.7
95.6
95.3
95.7
96.1
96.6
95
96.7
81.5
69.2
50.8
38.6
30.6
26.9
23.9
23
22.7
22.8
19
20.8
17
30.3
42.8
44.8
50.6
44.8
36.5
51.5
55.6
61.8
63.9
67
66.5
46.9
32.9
25.4
23.7
22.1
24
23.8
24.7
29
38.4
46.6
42.4
18
16.3
14.8
14
16.2
34.2
25.7
39.2
47
44.2
47.1
48.8
33.7
19.8
18.1
21.1
21.4
20.9
17.6
16
19.4
28.1
40.3
47.5
51.1
53
51.1
49.6
50.9
49.6
52.8
53.4
54.7
61.2
63.4
57.9
38.7
28.4
22.7
22.4
22.1
21.3
21.5
22.3
22.4
27.4
36.6
47.8
49.7
49.9
49.8
46.6
45
43.5
47.4
53.4
56.9
58.9
59.3
55.9
36.5
25.1
22.5
22.5
20.7
21.4
18.3
17.4
20.4
24.3
26.5
33.8
44.8
53.8
56.5
56.6
59.3
60.5
60.2
61.3
61.7
62.9
61.6
58.6
49.9
30.4
27.4
26.4
24.4
25.8
30.2
31.6
34.5
43.3
46.8
47.8
56.5
62
67.5
77.5
82.2
85
85.6
86.5
87
86.2
87.7
50.7
38.9
33
31.3
32.4
33
28.8
30.1
34.2
37.7
44.2
46.2
47.1
46.9
44.9
52
59.5
60.1
66.3
50.4
53.2
57.7
56.8
51.6
39.7
28.2
22.7
22.3
21.3
22.4
22.4
23.2
26.8
29.3
34.4
38.8
39.1
45.8
52.6
58.1
56.4
62.1
59.3
64.3
65.3
67.2
69.3
65.9
62.5
42.3
35.3
31.8
28.5
25.1
24.4
25
24.1
27.1
35
40.5
50.2
56.6
62.6
63.4
65.6
67
71.1
70.3
70.1
71.8
74.9
75.3
72.3
52
39.2
36.5
33.7
33.2
30.6
30.8
31.9
34.9
40.3
47.7
42.8
45.4
57.1
50.1
51.1
47.1
58.6
63.8
66.7
68.8
70.3
73
69.2
54.9
47.1
41.7
35.8
33
29.7
28.3
29.7
31.3
39.4
44.7
52.9
61.4
64.9
69.2
73.4
74.7
75.7
78.2
80.6
80.7
78.8
77.2
75.2
55.9
43.6
38.7
39.4
42.4
41
42.2
41.5
43.6
48.2
50.5
51.4
50.7
51
63.6
74.8
77.5
81
83.6
87.6
89.3
89.2
88.4
70.5
72.4
70.5
70
67.3
66
64.8
63
64
67.5
73.7
78.9
81.9
83.5
82
86.5
91.4
91.8
89.2
92.1
96
97.4
97.6
97.5
97.2
92
70.6
58.8
55.1
52.2
49
47.3
46.2
52.5
59.3
57.9
56.1
56
66.4
72.9
70.1
64
56.1
54.6
52.8
57
74.1
82.2
81.4
56.7
47.6
43.7
40.5
38
36.8
36.7
37.7
40.5
46.7
54.4
58
65.8
64.9
71.6
75.4
75.8
79.3
80.4
81.7
87.1
89.1
89.1
88.5
69.8
53.8
42.9
42.1
44.2
41.2
39.1
39.6
45.3
51.8
55.7
62.1
75.8
80.6
85.2
89.7
93.1
93.4
92.1
94.6
94.7
95.5
96
91.4
67.8
52.1
51.9
51.3
53.2
49
47.6
48.1
51.4
61.2
74.4
78.1
78.9
85.5
88.6
91
93.9
95.4
96.1
97.8
98.7
99.2
99.6
97.2
79.2
54.5
46.3
48.6
47.8
46.2
45.7
46.8
50.4
59
65.9
79.8
87.2
90.2
92.7
85.5
83.2
85.8
90.9
95.2
90
87.1
88
84.1
79.8
74.3
71.3
66.2
60.3
61.2
71.6
85.4
92.4
93.3
90.5
94.1
97.5
98.8
100
100
100
100
100
100
100
100
100
100
100
99.3
90
83.7
80
80.5
77.5
76
78.6
81.4
84.5
89.2
90.8
91.6
90.9
93.1
96.6
98.4
99.7
100
100
100
100
100
100
100
91.4
80.8
77.3
77.8
79.5
74.9
78
80.5
83.6
85
87.6
89.8
92.3
92.3
90.7
88.2
83
85.3
89.3
86.1
83.2
83.6
84.7
85
76.1
77
70.1
71
77.7
76.8
76.2
76.5
76.6
67.6
67.1
67.9
73.7
73.4
82.5
80.8
80.6
82.6
80.7
83.6
81.6
82.2
77.6
80.9
83.3
79.9
71.3
69.5
67.7
66
66.9
78.9
95.3
97.6
98.7
99.5
98.6
97.8
97.8
98.5
98.6
97.9
88.8
95.2
94.3
89.5
86.8
83
72.4
71.2
76.7
82.6
76.5
75.7
73.1
75.1
77.9
79.5
86.8
92.7
95.7
97.5
98.8
99.6
100
99.9
100
99.9
100
99.7
68.5
49
39.5
41.2
36.5
35.5
32.8
29
23.8
34.6
53.6
60.1
60.9
63.7
58.1
61.2
63.1
70.4
71.5
73.5
81.9
82
84.1
70.8
45
42.4
37.9
33.8
33.1
30.8
26.1
28.6
32.7
40.6
57.1
63.8
74.5
80.2
82.8
81.2
83.7
77.7
79.5
82.9
82.1
65.5
69.8
67.9
57.9
46.4
27.6
10.3
9.8
9.6
9.6
8.6
9.3
10.4
13.5
20.7
33.1
24.1
19.6
21.8
41.8
42.7
48.8
51.9
56.1
60.1
60.5
48.5
30.4
27.6
25.2
22.9
22.9
23.2
22.9
22.9
22.9
28.9
34.2
33.3
35.4
42.6
49.8
58.3
65.4
70.9
74.3
77.2
77.7
78.7
78
64
44.6
36.4
36.4
35.7
34.8
31.5
21.6
14.4
9.8
10.2
12.2
11.6
13.8
14.3
13.3
25.8
33
33.9
38.5
46.3
49.9
51.7
53.4
39.9
21.9
21.6
22.1
21.7
20.1
20.3
19.5
22.2
22.2
22.9
22.9
22.7
27.4
43.3
49.4
51.6
54.3
51.4
39.9
38.8
37.2
42.5
43.9
45.3
45.2
44.4
33.9
26.5
31.8
27.3
23.4
25.8
30.4
37.3
44
47.2
47.1
43.2
42.3
42.7
51.7
63.7
71.8
74.9
81.3
83.9
84.1
76.2
65.7
54.8
46.8
41.8
40
38.9
38.4
42.5
46.4
52.1
58.4
62.5
69.1
73.9
79.5
73.2
77.7
83.6
86.5
88.8
87.1
89
92.2
84.2
62.3
57.4
54.9
53.6
49.6
45.1
44.6
45.9
46.9
54.2
55.5
56
56.2
55
55.1
63.1
67.7
66.1
78.1
81.9
84.5
82.9
79.5
61.9
40.1
26.5
23.9
25.4
25.2
26.2
25.3
26.6
29.2
33.6
45.3
52.4
58.4
63.3
66.3
72.8
73.2
77.6
81.9
85.1
82.5
84.5
87
74.9
50.1
43
36.8
36.2
37.2
35.6
35
36.3
37.8
40.8
47.9
54
57.5
62.8
68
74
77.9
80.5
85.9
86.8
87.9
86.4
87.1
69
46.8
41.1
37.3
33.1
23.8
18.3
16.1
20.6
23.6
30.3
30.2
33.2
37.7
32
45.1
40.7
25
22.6
23.9
36.3
45.1
49
53.4
49.5
32.3
29.9
23.3
19.6
23.2
23.3
23.3
23.3
25.1
29.1
30.5
27.4
41.6
56.6
51.7
63.1
70.3
68.9
67.1
65.1
53.1
51.5
50.2
51.8
47.7
40.2
43.4
39.7
32.4
28.9
28.6
26.7
26.9
29.2
30.9
32.9
38
44.1
51.7
52.2
51.3
56.6
62.1
66.7
70.1
72.2
73.4
56.3
34.1
30.8
26.1
22.3
18.7
19
18.9
19.4
22.9
23.4
28.1
29.5
34.5
44.7
48.9
51.4
54.5
54.7
57
59.4
59
54
56.3
43.7
26.8
29.9
30.1
28.3
24.6
23.1
22.9
22.7
22.9
25.7
29.3
30.8
32.5
41
50
52
52.6
55.5
60.1
61.6
62.8
62
62.2
54.1
34.8
22.9
23
23.1
23.1
23
23.3
23.3
20.7
21.1
22.4
22.4
24.5
30.9
39.6
46.3
50.3
50.9
50.8
47.3
47.4
48.4
50.1
49.7
48.4
45.2
38.8
47.7
49.9
44.1
36.1
25.9
11.7
9.7
10.5
12.3
12.3
14.3
15.3
37.1
38.9
46.5
54.4
56.3
54.4
57.2
63.8
57.1
47.5
34.9
25.1
20.4
18.1
16.6
18.5
15.9
15.3
20.1
27.1
32.3
29.9
35.2
42
46.5
54.4
59
65
72.5
78
76.3
79
58.6
47.7
42.6
39.6
25.1
17.7
14.4
13.9
14.4
15.7
18.9
22.7
25.1
29.7
32.4
35.7
38.7
41.4
41
30.1
24.3
32.4
42.2
46.4
41.1
34.8
39.9
40.5
38
41.1
43.1
42.9
42.9
43.7
48.3
48
47.6
52.5
52.4
53.2
55.5
56.7
56.1
57.4
57.8
58
58.9
59.4
61.5
60
57.6
59
59.7
61.1
73.2
77.5
80.3
81.5
80.3
78.6
80
81.4
85
84.5
85.7
83.7
84.5
83.6
79.2
86.4
77.5
92.3
95.6
95
94.2
95.5
96.9
98.5
97.8
97.3
97.5
97.5
99
100
100
100
100
100
100
100
100
100
100
100
100
100
99.4
92.4
90.3
77.7
73
62.9
57.6
57.1
53.6
60.4
73.7
78.3
75.3
74.8
74
71.1
67.6
79
84.5
86.8
89.6
87.3
89.7
88.2
81.8
69.6
65.5
68.3
65.2
65
61.8
61
57.9
67.8
69.4
78.7
92.5
94.8
97.3
98.1
97.6
96.1
98.1
94.8
92.4
96.3
98.1
99.1
98.7
97.5
92.3
82.8
76.6
71.2
67
62.2
59.5
62.5
70.2
84.8
94.5
97.1
99.6
99.3
68.8
60.5
57.5
59.9
68.1
78.2
83.1
85.5
83.6
82.8
82.8
80.8
77.7
86
89.6
95.5
95.7
93.5
94.4
98.3
98.1
99.2
95.3
97.4
98
99.7
100
100
100
100
100
100
83.5
72.6
66.2
65.2
64.1
58.3
51.3
48.5
45.6
47.2
54
59
60.7
68.9
82.6
88.3
90
93.1
96.8
98.2
97.2
98.4
98.8
93.3
85.3
82.3
74.8
66.5
60.2
57.5
56.1
57.2
63.6
71.5
74.4
79.7
87.5
92.6
95.7
96.6
94
88.8
92.7
94.5
96.6
95.2
93.6
89.8
84.8
72
60.9
57.4
69.5
76.4
55.7
50.5
49.5
50
49.5
55.8
59.6
72.5
81.6
86.4
91.7
94.5
97.3
97.5
98.2
99.9
100
97.6
67.9
48
42.5
44.1
44.6
39.1
35.7
34.6
33.4
32.9
37.3
53.4
63
69.5
74.5
80.6
86.5
89
88.9
92.5
93.1
95.5
96.3
91.2
63.1
49.2
46.1
42.6
40.4
40.6
40.4
35.7
31.8
31.9
35.4
44.1
49.9
62.4
67.4
65.4
63.4
68.3
75.9
83.7
88.1
86.4
89.2
81.8
60.3
47.9
47
43.6
44
40
40.7
35.7
37.9
43.8
46.6
50.3
52.1
63
70.4
72.8
78.5
80.7
84.4
89.8
94.3
96.2
96.6
91.9
59.8
50.5
46.1
48.6
49
45.9
40.8
42
43.3
43.5
46
55.5
58.4
60.5
63.6
67.9
80.6
88.8
93.9
96
96.3
98
99.7
99.3
93.9
83
69.8
62.9
57
42
40.1
36.8
42.4
50.4
56.9
67.3
79.7
77.2
68.6
70.2
73
76.5
83
85.3
88.9
87.9
90.7
83.1
76.2
73.8
67.1
58.8
49.6
44.8
45.5
45.1
45.5
45.8
52.4
62.3
66.2
71.7
70.5
70.8
81.6
86.7
90.2
90.4
91
92.5
93.6
93.6
86.1
79.3
71.3
59.7
40.6
39.9
37.9
35.8
34.5
36.3
43.1
49.6
61.3
46.2
54.2
61.6
63.3
72.2
81.1
85.3
89
88.9
90.8
82.7
55.3
40.8
37.5
36.4
36.4
31.3
27
25
23.8
25.3
26.9
36.2
45.9
49.9
66.4
57.5
56.8
51.9
64.8
74.3
79.6
83.9
87.3
79.7
53.8
42.3
39.9
35.8
34.6
32.8
31.5
29.1
31.7
35
38.5
51.3
60.9
65.4
69.8
75.7
77
79.8
81.1
83.7
84.5
87.5
89.5
79
55.8
48.4
39.5
33.4
33.5
31.9
25.8
23.7
23.7
23.7
28.7
38.3
42.1
52
53.6
60.8
64.3
65.7
70.4
67.9
62.9
61
72.4
82.4
87.5
94
91.9
79.3
65.2
60.6
59
61.4
67.6
72.5
88.8
83.1
83.5
77.7
76.2
72.8
72.1
75.1
84.8
91.7
90.6
95.7
67.3
60.6
55
52
53.5
55.1
54.2
51
45.3
43.3
44.8
51.7
64.9
73.1
68
65.1
67.5
63.9
78.6
83.8
85.2
88.8
87.5
87.1
69.5
55.4
57.4
51.5
49.4
43.9
42.6
41.4
38.5
36.3
38.9
43.3
56.3
87.7
87.1
64.4
56.1
56
68.8
77
81.5
85
90.5
92.8
93.8
91.3
84.5
72.3
65.3
58.5
70.2
78.4
83.2
83.8
87.2
92.1
96
97.3
87
81.1
86.8
92.4
96.5
98.3
99.1
93.8
84.4
86.2
90.4
88.9
76
76.7
67.5
59.2
58.8
58.5
59.8
74.7
78.9
71
65.5
72
77.3
82.6
88.7
90.3
93.6
95.3
96.4
96.7
96.5
97
95
96.4
95.6
90
69.6
71.9
69.7
59
53.2
49.4
49.6
53.9
60.4
76
85.6
72.8
60.2
62.2
78.8
87.6
91.8
90.4
91
91.9
95.7
80.9
63.4
53.8
47.2
44.3
42.4
41
42.5
41.1
40
40.1
42.9
53.6
62.8
67.2
75.6
81
83.2
86.6
85.2
87
87.1
85.9
87.2
73.3
58.6
45.2
43.1
41.9
46.7
54.2
58.1
56.4
59.2
64.6
69.4
70.8
68.9
68.4
68.8
68.6
66.1
54.2
49.3
63.5
69.8
75.2
81.8
70.5
54.7
50.9
48.6
46.8
43.9
42
40.4
41.4
42.1
42.6
45.6
51.6
55.6
61.9
66.8
77.5
86
90.4
94.5
95.8
97.4
98
98.4
82.5
55.9
51.6
47.5
42.5
40.7
38.4
37.2
35.1
33.2
35.3
37.5
46.7
58.6
65.4
70.3
74.9
73.5
74.1
73.2
64.8
58.7
57
60
63.8
75.2
80.8
85.1
69.7
64.1
74.3
81.6
82.7
77.7
78.6
80.8
79.3
73.9
70.4
66.1
65
70.1
66.8
66.9
84.4
86.8
79.2
72.2
69.3
65.2
60.8
59.2
62.8
65.9
77.9
81.8
77.7
80.3
74.9
79.4
82.7
84.8
87.2
85.5
79.2
77.1
73.3
69.5
75
71
71.7
73.4
78.5
83.6
73.5
84
86.4
82.1
77.7
82.7
85.7
80.9
74.7
68.6
82.9
96.7
88.2
87.6
89.1
87.3
86.8
89
94.8
96.8
99
100
93.3
78.8
65.2
65.4
67.4
73
78.8
70.5
64.5
66.3
60.8
72
77.4
86
86.8
93.4
92.2
92
90.5
90.8
84.1
91.7
96
97
89.9
72.1
56.7
54.2
57.1
56
49.2
45.2
45.9
47.6
48.9
50.3
59
71.9
77.9
86.1
92
94.8
96.7
97.7
98.4
98.8
98.4
97.9
79.8
56.8
39.4
31.9
39.6
43
44
38.8
38.1
36
36.4
41.4
46.1
46.8
42.6
56.9
73
77.7
80.4
81
81.8
83.3
81.8
80.1
80.3
72.4
43.5
35.7
32.2
33
32.5
34.7
30.2
30.8
29.2
34.9
58.7
90.5
94.1
59.6
57.1
60.6
65.5
80.2
87.9
93.7
95
95.3
67.8
49.6
42
43.8
32
30.1
32.3
29.8
29.8
34.1
30.7
32
42.6
54
62
69.6
75.6
81
84
85.8
86.9
87.8
89.6
87.9
67.8
47.4
43.4
35.7
36.4
36.1
35.8
34.9
38.6
63.8
83.8
56.3
42.2
53.2
77.5
78.4
68.4
68.8
72.2
69.9
73.6
87.1
93.3
89
81
75.5
73.7
65.2
61.4
52
47.1
47.4
46.2
46.6
45.6
44.6
52.5
71
70.7
72.9
81.8
86.1
85.9
84.5
87.2
91.8
95
93.5
70.6
59.9
56.2
58.9
57
56.6
54
56.1
57.4
60.9
61.7
63.8
76.2
85.1
85.6
87.2
89.1
90.5
80.5
90.8
97.2
99.5
100
100
80.3
59.5
49.7
44.7
44.6
40.3
35.1
30.4
27.6
29.8
31.9
31.3
45
60.9
70.6
73.7
78.8
82.1
80.2
85.2
90.4
93.6
92.8
94.3
82.9
62.5
57.3
56.1
47.1
42
37.1
34.4
35.4
35.4
34.9
37.2
44.3
55.3
61
63.3
67.5
74
76.4
78.5
82.5
92.5
97.3
95.9
74.2
58.3
54
53.8
52.4
51.1
49.5
51.8
54.5
52
50.3
51.8
54.5
58.8
57.5
65
82
77.7
90.8
94.9
95.9
95.4
95.8
99.3
84
68.3
57.8
52.6
50.1
48.9
44
39.9
39.2
33.4
39.4
45.5
52.4
54.9
55
64.8
69.5
74.7
74.4
62
76.3
79.4
82.7
85.2
62.2
48.1
44.8
42.6
38.5
34.1
32.9
30.5
24.6
24.1
25.9
27.6
34.5
41.5
41.5
40
47.6
50.8
47.5
57.3
48.7
42.4
56.3
66.3
62.6
38.2
38.2
33.2
32.4
29.7
28.4
28.1
27.7
28.9
29.1
32.1
39.2
43.9
48.7
52.3
61.5
67.3
70.4
76.7
77.3
80.3
77
68.8
63.1
57.2
54.5
51.3
45.3
42.8
38.1
37.2
34.1
31.9
30.6
33.8
41.7
50.3
58.9
66.8
72.3
76.4
74.9
80.7
79.1
79.3
82.5
80
69.3
68.5
62.7
62.1
54.9
48.8
43.3
42.3
42.9
40.1
37.8
37.2
47.4
62.9
66.3
64.4
73.1
90.5
91.3
88.7
97.3
98.7
98.7
96.7
77.5
70.3
86.7
80.9
61.2
53.1
57
71.7
79
88.1
76.6
77
75.9
85.9
85.9
88.7
87.2
88.2
89.1
91.3
91.4
93.2
95.2
92.1
78.5
72.8
61.1
59.2
59.1
57.9
52.9
51.2
48
47.5
48.6
53.6
65.7
79.1
87.9
91.8
91.5
92.9
96.8
98.3
99.6
100
100
100
87
66.5
59.4
49.1
47.6
44.9
44.1
42.7
41.5
40.1
41.3
40.7
47.8
60.5
65.4
70.1
77.1
84.6
84.4
89.9
92
94.5
95.5
91.8
68
59.4
52.6
47.1
44.2
42.3
36
33.5
32
24.4
24.5
26.7
38.1
45.2
64.7
94.5
84.8
62
85.1
87.7
91.1
93.3
94
90.7
66.9
53.4
48.4
46.2
41.5
37.4
36.1
34.8
33.6
30.9
28.1
26.6
35
46.6
47.4
46.2
58.8
70.6
76.4
78.5
80.5
82.3
85
80.7
62
48.2
40.8
39
37.4
36
35.5
32.4
30.9
28.4
29.1
31.3
42.9
46.9
55.5
66
73.5
77.5
81.3
76.6
83.5
84.1
84.3
81.4
68
62
52.4
42.9
38.4
37
36.5
35.1
30.9
26.3
26.4
26.8
36
48.8
50.3
54
55.4
61.5
68.2
72.4
73.8
76.1
81.7
76
56.8
46.3
39.4
33.8
25.9
24.3
24.3
25.9
27
28.4
30.1
32.9
35.7
39.7
44.3
45.8
49.5
54.1
65.9
74
78.5
70.2
70
72.6
57.7
49
45.5
45.2
46.7
45.3
42.4
37.3
29.8
24.8
28.6
33.5
39.8
45
46.6
49.5
59.3
67.9
75.1
81.2
83.5
86.8
88.3
85.1
63.6
51.5
47.8
46.4
44.4
43.5
42.6
39.9
39.8
39.1
37.4
37.5
47.7
56
48.6
49.5
52
58.4
59.4
70.8
66.7
71.4
73.3
73.2
54.5
42
37.3
30.2
26.1
32.4
35.6
28.4
24.7
24.7
24.7
24.7
28.7
43
52
55.8
60.5
63.1
65.7
69.3
66.8
67
69.9
70.3
50.3
37.6
35.5
36.5
33.7
26.5
24.5
24.7
24.6
24.5
24.3
24.8
25.1
33.4
24.3
34.2
45.5
43.4
51.4
58.5
60.5
68.3
77.4
76.1
53.3
44.3
43.6
38.7
34.1
27.2
25.1
46.4
48.3
47.7
50.9
51.7
52.5
51.8
48
46.6
50
60.9
65.5
69.9
76
79.8
81.6
79.2
57.2
41.7
42.8
42.4
41
40.2
37.7
35.5
35
34.7
37.5
40.5
44.6
48.9
56.1
60.5
63
62.8
64.9
68.8
72.7
77.5
79
71.3
59
51.3
43.6
39.9
34.2
34.6
30.9
28.2
26
29.4
49.7
66.3
72.8
69.5
67
68.4
72.7
73.2
54.5
41.4
34.4
42.7
58.7
59.9
43.7
43.5
43
39.1
38.1
37.9
31.2
27.8
28.3
27.6
29.7
33.8
37.4
39.9
45.1
47.9
43.3
43.8
51.9
61.7
67
68.2
52.5
49.9
44.5
46.5
44.6
50.8
52.5
52.8
51.7
47
45.8
46.5
50.2
54.4
61.2
63.3
60.7
68.6
72.6
71.6
74.3
74.8
77.7
80.1
83.9
78.8
57
46
42.2
40.7
41
39.5
38
33.5
33.4
34.5
38.4
42.3
46.5
52.3
60.2
59.8
60.3
69.8
79
83.8
84.1
87.4
88.4
81.7
57.8
50.8
43.5
38.7
37.8
35.5
35
32.6
32.3
33.4
33.9
34.8
38.1
41.4
46.7
50.3
47
41.6
39.1
55.9
62.5
64.3
66.3
70.4
54.6
41.4
36
29.6
25.2
24.5
24.2
24.2
24.2
24.2
24
24.1
26
33
44.4
48.2
51.9
54.8
57.9
59.1
61.7
65.3
72.5
69.7
55.5
51.7
45
43.1
40.3
41.1
37.1
35.4
34.2
32
32.4
31.7
37.8
50.4
59.8
59.6
60.8
64.1
67.1
70.5
81.1
78.8
74.7
68.5
66.1
62
61.2
58.7
51
49.4
47
46.4
44.9
64.9
90.8
92.3
88
93.5
97.2
97
97.3
97.5
95
95.8
97.3
63
60
66.2
63.8
64.8
69
64.4
59.4
57.5
51.1
36.8
36.1
35.6
35.7
39.3
38
39.1
41.1
45
52.1
61
53.7
60.4
57.1
63.3
65.5
57.9
51
46.6
40.6
40.2
34.5
30.9
31.3
28.7
25.1
24.2
24.9
26.9
31.7
35.8
40
43.2
52.8
59.9
52.8
45.6
47.3
51
54.3
58.6
56.1
49
48
44.3
44.8
42.7
41.6
41.7
43.5
49.6
43.3
41.8
44.4
43.6
44.4
45
45.4
47.5
42.8
40.7
51.7
58.8
63.4
63.4
63.6
54.8
50
51.9
44.3
42.4
46.3
53.1
44.2
48.5
43.3
44.3
55.2
78.6
89.8
95.8
98.6
97.9
96.9
98.5
98.6
98
98.2
92.3
73.7
61
55.7
53.5
51.9
46.1
46.9
46.3
41.7
41.9
40.6
38.4
42.5
49.6
60.6
69.8
75.4
77.6
83.7
73.3
63.7
69.6
77.1
76
68.7
66
55.5
48.1
46.9
45.9
44.6
44.7
42.6
41.7
37.6
34.4
39.3
46
42.6
44.4
50.2
59.4
58.2
68
82
91.7
95.3
88
64.7
47.8
40.4
36.3
34.3
34
36
31.8
33.5
34.6
35.4
35.1
37.2
44.6
51.3
49.8
47.2
49.3
52.7
55.5
56.9
52.9
57.9
62.8
49.5
41
37.3
34.1
38.3
36.9
35.4
32.3
28.1
25.9
27.2
28.8
35.5
45.6
48.1
53.3
48.2
44.1
45.5
65.1
72.3
75.2
77.2
70.2
50.3
41
39.5
38.5
36.4
35.7
36.1
34.3
31.8
28.7
33.3
37.2
41.5
50.4
50.4
53.5
54.4
48.5
45.6
46.9
46.1
45.9
64.3
66.5
55
48.8
46.9
45.2
42.6
40.5
37.8
35.5
32.8
33.5
35.6
37.8
42.5
52.5
52.5
53.1
57.6
61.4
74
77.8
81.8
74.8
58.8
56.7
52.1
50.7
48.5
47.6
46.8
46.8
45.2
40.5
39
41.4
40.8
42.5
46.5
51.1
55.4
58.3
56.5
57.7
63.6
59.3
58.2
58.5
56.6
54
49.3
44.8
40.7
38
37
37.6
38.2
38.7
39.4
39.9
41.3
44.6
50.9
62.9
74.3
80.4
81.4
87.5
88.6
90.1
91.2
92.9
93.6
84.5
61.7
50.8
47.5
47.7
48.4
44.9
42.5
40.3
39.6
37.7
38.5
41
45.9
53.4
58.5
62.9
73.3
79.2
70.7
64.5
73.1
72.3
69.8
72.7
64.9
54.6
49.7
46.1
44.5
41.7
39.3
39.7
36.5
34.6
33.8
39.3
46.6
49.9
50.1
50.1
59.5
87.3
70.8
90.3
98.2
93.3
87.2
89.1
85.7
72.8
68.9
68.2
59.9
50.2
58.9
57
51.5
46.9
46.4
43.7
46.5
51.4
54
56.4
64.1
78.8
91.9
97.1
96.3
95.8
95.8
89.9
60.2
49.5
51.6
55.4
42.3
41.3
40.9
39.6
54.6
49.1
41.2
43.9
50.3
55.6
55.1
58
60
81
85.8
85.5
84.6
88
87.3
79.7
55
44.5
38.9
34.3
31.6
33.1
45.7
42
38.8
37.1
30.9
34.1
33.7
49.5
56.3
66.2
70.8
63
48
50.4
64.1
67.4
69
68.8
61.8
46.4
30.4
25.4
26.9
34
33.7
28.7
23.8
28.2
41.1
56.9
52.8
67.4
70.2
77.4
81.6
83.2
82.5
80.5
78.1
78.3
72.5
65.7
59.2
43.4
44.1
44.1
43.1
43.2
41.4
39.1
36.3
34.3
37.9
41.1
45.8
52.1
46.3
47
49.5
53.4
46.5
51.5
63.6
70.5
75.1
68.6
56.9
50.1
38.5
36.3
34.8
34.7
37.4
34.5
33.3
34.4
37.9
39
52.5
87.7
80.3
78.5
72.9
86.5
90.6
93.8
97.5
99.2
100
98.7
87.7
77.6
65.8
60.8
53.7
51
49.2
49.5
48.6
47.5
48.4
50.5
59.4
64.7
67
73.9
79.3
84.7
88.1
91.4
93.3
93.8
92.9
88.5
79
77.3
77.1
70
70.8
60.9
52.4
52.1
73.4
70.6
77.9
75.9
80.5
85.3
86.2
84.8
84.6
84.8
90.1
94.4
95.6
94.6
96
92.5
68.8
59.1
54.7
50.9
50.8
49.7
44
44
44.4
42.1
41.2
41.5
48.9
60.3
71.6
75.3
75.5
68.8
58.9
72
97.6
99.9
100
97.8
80.5
74.4
67.3
58.4
55.2
52.7
52.3
50.4
51
50.8
50.9
49.8
58.4
67.7
77
92.3
85.8
83.9
92
96.6
99
98.3
99
94.1
76.6
66
57
51.3
49.6
46.2
44.7
44
42
44.1
50.7
50.5
56.5
63.8
69.3
63.3
55.3
66.9
78.8
82.9
87.5
90.5
90.6
84.7
64.7
52.9
45.7
44.6
44.3
44.1
42.2
41
76.2
94.7
93
83.3
82.7
93
93.2
93.4
96.6
96
91.7
83.3
95.1
100
100
100
85.7
67.3
59.7
57.6
51.7
48.4
44.9
42.4
57
91.3
91.6
91.2
89.4
91.6
96
96.4
97.2
96.4
96.4
97.8
99.3
99.1
99.9
94.4
71.7
60
55.2
49.5
47
47.7
45.7
44.3
41.7
41.6
43.4
41.8
46.9
62.1
71.7
63.7
58.3
62.4
62.6
58.3
57.6
75.8
83.2
82.5
67
61.5
56.8
50.2
48
47
45.6
43.2
43.1
42
43.5
51.1
55.2
59.3
75.3
84.1
78.8
67.5
68.3
82.8
83.1
84.1
88.5
86.4
78
69.2
64
51.6
45.3
46.6
45.3
43.3
39.2
41.5
39.4
43.6
47.7
48.8
55
58
58.3
54.1
64.9
70.1
80
97.2
99.9
99.4
95.7
83.3
71.9
62.1
53.3
56.3
50.6
52.7
51.4
52.1
48.3
52
54.8
66.4
81.3
88.2
88.8
74.6
69.8
61.5
63.8
57.4
46.3
54.4
77.9
88.2
87.2
70.6
86.7
66.6
61
56.7
49.5
43
44.4
50.9
57.2
64.3
66.8
68.8
73.5
86.2
96.7
98
94
95.5
97.3
95.5
81.3
66.9
58.2
52
52.7
51.6
46.1
39.9
33.9
27.8
25.8
28.8
32.1
49
61.2
68.1
72.4
77.8
79.7
74.6
66.4
77.5
89.6
86.7
67.7
64.5
53
48.8
46.3
46.3
44.5
42.4
39.6
40.6
42.6
50.2
57.3
63.5
65.3
65.5
73.2
90
93.6
81.9
88.6
95.3
95.5
92.1
80.5
70.1
56.1
56.7
55.6
54.2
53
49.4
51.3
51.3
52.8
55
61.7
64
61.9
69.7
72.8
76.4
72.9
89.8
95.5
99.3
100
95
85.8
58.9
51.4
50.4
47.4
46.2
44.1
45.6
45.4
43.4
45.2
46.5
48.8
55.3
63.5
69.7
57.7
53.6
51.3
52
70.5
76.1
61
61.2
45.9
52.9
44.4
42.7
42.7
41.3
40.7
41
40.1
39.2
41.3
43.2
47
58.8
68.3
75.7
80.8
86.4
86.9
73.3
85.8
90.3
92.2
88.4
71.9
55.3
49.6
49.1
49.8
49.9
47.2
45.9
44.9
46.1
45.7
44.9
48.5
62.2
71.1
72.1
69.8
70.8
70.9
61.1
58.6
59.3
72.3
77.4
62
49.5
47.6
46
46.7
49.3
50.1
44.9
40.7
39.4
40
40.5
46.7
56
58.6
66.6
66.5
69.3
70.3
68.3
77.8
89.5
93.7
89.8
75.5
79.7
79.7
61.8
65.6
59.4
54.9
53.8
55.3
54.4
56.1
53.6
56.4
64
67.9
72.2
76.7
80.3
87.5
92.7
95
96.4
98.4
94.7
70.8
60.4
53.8
50.4
48.3
44.4
42.3
38
36.6
38.5
42.1
44.3
48.3
61.3
73
76.3
74.1
73.4
62.1
63.8
61.8
73.5
66.7
66.8
53.5
48.5
47.1
43.2
41.1
36.9
38.4
39.4
41
43.7
48.3
45.7
47.5
50.6
52.6
66.7
52.8
51.2
52.7
55.8
63.1
54.1
62.9
73.4
61.9
64.3
59.1
59.1
48.8
50.5
41
41.4
33.8
32.2
31.5
24.1
28.4
43.4
51.5
59.4
63.4
68.9
70.5
70.9
77.8
83
84.9
80.4
52.9
42.1
37.2
32.8
25.9
27.8
25.9
24.2
24.2
24.2
24.2
24.2
25.5
36.8
50.3
55.2
56.6
50.5
52.5
57.1
55.4
68.7
75
76.7
55.2
51.6
44.9
40
38.6
40
37.6
34.1
33.8
34.5
35.4
36.6
39.5
48.4
56.5
66.4
71
75.6
77.5
74.1
78.2
82.4
85.7
83.6
60.5
52.3
48.4
48
43.8
41
38.6
38.6
37.9
37.5
37.8
42.2
48.9
58.5
67.7
70.9
71.9
73.4
65.1
74.3
78
83.5
87.2
83.5
67.8
58.8
56.1
52.3
49.1
48.1
41.2
33
32.8
31.3
32.8
41.5
45.6
51.4
58.9
65.9
68.6
70.8
76.8
78.8
80.4
82.8
82.5
80.7
60.6
45.1
42.2
39.9
37.6
33.8
31.6
25.6
24.7
24.9
29.6
32.9
35.6
39.2
48.2
59.4
68.1
74.8
81.2
81.5
80.3
77
82.4
81.9
62.7
56.3
54.1
49.6
43.8
40.5
36.2
39
37.3
37.3
35.8
37.6
43.6
49.7
51.6
82.8
76.6
85.8
92.7
92.2
96.6
99.3
100
99.5
75.3
67.7
58.1
49.9
40.3
29.4
25.6
29.6
32.3
34.1
32.8
34.5
34.6
47.8
45.4
43.1
43
44.1
45.8
48.2
41.5
36.6
33.6
34.7
35.8
37.6
35.5
36.1
38.6
36.1
35.2
34.2
35.5
33.7
34.2
36
40.8
52.1
61.9
66.3
58.3
53.4
53.8
58
71.2
75.3
78.5
76.6
52.2
42.2
36.1
33.7
33
34
30.6
29.8
27.2
30.6
32.2
37.6
43.4
47.9
55.5
57.6
59.2
57.8
57
61.6
67.8
71.7
72.5
72.9
59.7
47.8
43.4
40.8
39.9
37.1
35.5
34.6
33.7
33.6
30.6
33.6
39.6
51.8
56.1
52
54.4
56.4
61.1
74.4
79.1
82.5
84.8
81
69.6
52.5
45.2
44.8
43
41.5
40
38.6
37.3
37.5
38
38.6
43.7
55.5
64
68.5
71.2
61.6
60.5
68.6
71.8
79.4
83.7
83.2
61.8
46.9
43.3
43.2
45.8
42.9
41.9
41.4
41.3
38.9
39.7
39.5
47.9
58.9
67.6
68
56
52.3
51
51.6
63.5
73
71
59
47.8
48.1
42.5
40.7
40
42.4
37.4
34.5
33.6
33.8
35.9
37.4
41.1
43.8
43.3
43.2
42
46.5
49.5
62.3
68.6
68.5
68.5
73.1
64.9
52.7
42.1
39.7
39.2
37.6
34.5
33
34.4
34.7
31.4
32.6
38.8
49.1
56
55.3
45.9
41.1
48.6
57.3
63.5
69.1
74.7
73.8
54.5
47.4
41.3
36.5
34.8
33.2
28.2
27.4
33
36.8
33.3
37.4
41.4
48.4
55
63.9
65.3
67.4
67.3
70.3
73.5
76.1
78.4
73.5
56.6
57.2
53.9
54.8
57.5
64.2
58.5
61.9
83.8
84
80
72.4
71.6
84.4
89.3
88
91.4
91
93
92.9
93
89.3
90.8
91.7
72.5
58.9
51.7
51.7
47.3
39.8
38.9
41.2
40.8
36.2
38.2
39.5
43.9
53.6
64.4
70.3
73.3
71.3
50.1
41.4
57
68.7
73.3
73.6
55.4
44.3
39.9
33.8
30.9
31.2
33.8
34
34.6
33.2
34.2
35.7
42.8
56.9
64.5
67
69.5
72.4
62.7
68.9
76
79.5
81.7
82.5
68.9
62
47
40.8
37
35.1
35.1
34.5
34.7
34.3
34.9
36.6
43.6
53.8
54.5
49.2
51.2
53
56.3
57.5
55
58.4
74.8
79.8
62.9
47.8
46
42.1
40.2
39.9
39.1
37
36
35.2
36.2
38.5
41.9
45.2
49
46.2
41.6
41.6
42.7
44.4
54.3
59.8
69.2
70.8
63.8
57.1
56.5
52.5
47.6
47.6
44.5
46.5
43.3
44.3
48.1
53.1
55.4
56.2
60.1
64.1
70.2
76.5
73.9
77.9
79.3
91.5
96.1
93.4
90.1
95.7
97.4
79.2
68.5
51.8
42
36.3
34.7
36
39.7
42.5
50
65.7
67
53.5
55.6
56.5
60.7
87.1
87
83.6
92.3
93.7
80.9
66.3
59.1
58
55.5
48.9
45.5
44.4
41.7
40.2
41.3
48.9
57.5
63.6
75
77.8
80.6
79.5
86.6
90.7
93.4
89.3
79.6
82.3
76
63.8
59.2
55.8
54.1
50.9
45
44.2
41
33.6
33.5
34.2
46.6
63
66.2
61
55.3
66.2
65.8
73.8
74.8
74.4
81.7
85.6
71.8
63.4
54
45
41.1
37.6
39.3
38.7
36.4
36.8
37.9
40.1
47.9
59.9
69.8
74.3
69.3
59.8
62.5
64
72.7
85.6
88.7
88.6
73.4
59.5
51.4
46.8
46.3
45.4
44
42.2
41.5
40
42.2
43.6
53.3
64.2
61.9
60.7
66.2
72.1
77.5
79.9
86.6
87.6
90.6
81.4
69.1
62.6
58
53.8
50.3
45.7
41.3
40.1
40.8
41.4
43.4
47.8
53.5
58.1
57.2
58.3
61.5
67.5
70
70.7
71.8
72.8
78.5
85.1
74.8
68
59.8
51.3
46
42.7
39.1
38.6
39.9
40.2
40
43.2
50
61.4
74
76.4
63.1
60.9
60.4
59.4
70.4
80.1
85.8
86.3
70.5
54.1
47.4
46.1
44.6
44.2
42.9
42.2
41
40.8
40.6
43.8
52.4
61.7
67.3
70
69.3
56.6
52.3
52.4
69.5
78.8
83.2
83.8
69.2
51.6
47.4
44.8
41
40.4
40.1
40
35
28.8
31.6
34.3
48.5
61.6
67.3
65.8
66.7
73.4
77.4
75.1
80
83.3
85.9
85.7
68.4
52
43
38.8
39
38.5
37.3
36.6
34.1
29.8
31.9
34.4
44.8
58.3
63.2
65.6
69.2
70.7
53.6
55.9
64.8
68.8
70.3
71.8
58.3
45.5
42
40.2
36.3
29.6
25
24.7
24.8
24.8
24.8
30.2
40.2
51.4
56.8
54.6
46
48.6
56.7
64.8
57.5
64.9
70.8
73.1
64.5
48.8
43.1
40.5
35
29.8
27.3
24.9
27.7
27.9
30.3
34.9
43.2
54.3
61.3
63.7
64.2
53.2
46.4
59
69.3
72
72.3
72.8
59.5
39.6
38.1
37.5
34.7
35.4
35.6
33
24.7
24.7
24.7
27.7
41.8
48.4
57.2
57.1
66.8
67.5
58.3
62.3
66
72.4
77
74.3
64.1
50.2
42.5
38.6
41.5
41.4
40.3
37
36.1
33.8
31.2
31.3
38.7
41.5
48.9
56.1
45.6
54.3
64.1
65.5
61.4
59.9
63.6
65.8
59.4
53
43.7
40.6
41
37.2
33.3
31.5
30.6
32
32.5
35.2
41.1
42.5
42.5
43.9
45.1
47.5
49.1
46.3
44
43.7
45.1
45.2
46.6
50.6
49.5
46.1
43.5
42.3
43.9
37
38.7
40.4
39.5
41.1
49.2
53.5
52
50.1
48.9
46.5
45.5
46.4
47
50.6
60.4
63.9
55.9
49
44.9
39.4
37.8
36.7
34.9
34.4
34.5
35
35.9
39.5
45.8
49.4
48.1
47.7
52
49.2
50.1
49.1
46.6
46.6
53.5
61.8
62.2
55.1
48.8
43.8
40.9
39.1
35.5
34
30.8
30.9
32.7
38.8
44.8
53.8
58.9
58.9
74
90.5
88.5
97.3
99.5
100
100
100
100
89.8
65.4
61.7
60.9
53
46
41.9
38.4
37.5
38.2
42.5
52.9
67.2
71.8
76.4
78.4
81.8
84
86.3
88.9
89.4
90.2
90.7
81.2
64.1
54.8
48
44.7
41.6
38.7
35
32.6
27.8
28.4
35.1
44.4
52.3
59.3
67.2
70.7
70
75
77.2
78.3
80.7
82.7
84.6
77.5
60.1
48.8
45.2
46.5
48.5
41
39.9
39.4
40.4
41.1
44.3
50.6
52.8
47.8
56.3
54
54.2
62.4
65.4
59.4
57
60.4
59.9
55.5
50.1
46.7
43.8
54.1
64.3
61.4
56.5
46.8
36.2
37.9
44.7
52.7
62.9
63.3
69.1
74.3
77.7
76.8
78.6
82.1
84
87.7
88.5
77.5
53.9
47
43.9
39
34.8
31.7
29.3
28.9
27
30
35.9
47.2
56.1
62
66.4
70.3
74.5
76.7
76
78.7
83
85.1
87
76.8
54.3
42.2
39.7
39
35.9
34.5
33
30.7
28.4
27
35.3
45.5
51.9
53.2
52.7
55
53
49.4
61.6
76.1
80.3
84.9
85.2
75.1
56.7
45.7
43.9
43.4
42
39.8
37.8
36.9
38.3
39.9
47.1
52.7
55
56.6
60.2
62.1
63.9
63.8
62.6
69
80.5
83.2
81.1
67.7
68.3
67.4
63.4
58.6
52.2
50.3
49
48.6
44.5
46.2
50.5
57
64.7
68.6
69.4
75.7
79.8
79.4
82.7
82.1
77.4
79.8
68.8
62.6
55.3
48.9
45.4
40.2
35.8
34.3
36.5
39.6
36.4
36.6
39.2
44.9
57.1
58.5
62
68.7
74.1
79.3
83
83
82.9
87.6
87.5
78.8
46
35.1
21.7
16.5
14
13.5
13.4
14.2
23.1
24.3
33.5
39.1
41.1
39.5
41.3
42
41
53.8
60.7
57.7
64.1
66.8
70.6
68.1
44.8
33.9
28.7
24.8
24
23.7
23.8
23.8
23.7
23.8
27.1
38.9
41.5
42.4
32.4
32
40.5
53.2
57.3
58.5
61.9
64.6
61.5
57
38.1
36.1
36.5
33.4
32.1
30.1
28.7
27.9
28.2
29.4
34.2
42.9
46.4
55.8
61.3
64.7
61.6
53.9
63.7
72.4
75.9
80.1
81.2
75
49.2
42.1
42.4
39.5
36.6
33.2
30.8
30.2
29.9
30.2
34.9
44.3
47.6
34.5
31
33.9
34.7
35.4
36.1
39.6
41.9
41.6
40.8
42.4
37.7
35
30.6
26.1
27.6
29.4
24.1
23.9
24.3
26.1
30.6
40
46.4
41.9
42.1
50.8
53.8
58.9
63.3
66.3
68.1
72
73.6
69.4
52.5
37
32.9
31.5
30
27.4
25.1
25.4
27.1
29.1
35.4
44.2
49
55.8
54.7
47.1
56.7
56.4
58.9
62.2
64.7
70.6
74.5
69.3
51.8
37.8
32.9
30.1
27.7
24.5
24.2
24.4
32
36.9
41.4
47
38.6
38.9
40.2
41.6
45.8
57
67.8
70
69.3
74.1
63.5
62.9
56.7
48.5
38.7
31
27.8
26.1
24.2
24.6
28
28.6
34.1
41.4
43.9
50.8
55.4
58.5
59.4
60.6
65.7
69.3
70.1
72.4
68.3
66.2
48.9
42.4
41
35.8
34.7
33.5
29.4
27.2
24.5
28.2
33
42.4
47
52.3
72.2
72
80.8
82.1
89.6
95.2
97
98.5
89.4
96.6
93.5
87.2
89
83.3
76.7
78.3
69.4
64.3
63
60
61.3
69.1
68.6
67.7
64.8
68
69.5
70.7
66.7
61.3
74
78.5
79.5
82.7
64.9
64.6
63.5
50.9
47.1
46.1
45.9
48.6
76
69.8
68.4
68.1
64.5
65
66.4
69.5
74.3
84.2
76.7
71.7
76.7
80.6
71.7
71.4
73.6
69.8
83.3
81.7
90.1
87.9
81.2
80.8
80.9
81
84.6
87
86.2
96.1
98.8
100
100
100
100
100
100
100
100
100
99.8
88.8
81.5
70.3
64.6
60.6
57.9
54
52.7
54.5
63.8
74.6
78.7
83.5
93.1
98.4
99.9
96.6
98.7
100
100
100
100
100
96.2
70.9
60.2
53.3
48.8
47
45.4
46.2
50.6
49.9
56.9
62.5
72.6
78.2
78.5
80.5
87.7
93.5
97.3
98.6
100
100
100
99.9
89.5
69.2
63.5
55.5
49.7
46.3
43.3
43.3
46.3
57.6
62.3
74.4
81.7
84.9
86.4
86.5
92
92.3
95.4
95.6
94.3
95.8
96.6
94.3
83.5
70.3
57.2
51.7
47.1
42.9
41.3
40.5
42.9
50.1
56.6
60.2
67.2
74
80.3
84.7
87.2
89.8
99.9
100
99.8
100
100
91.5
84.8
84.1
82
61.6
58.2
49.2
47
43.8
42.1
47.6
66.8
83.7
77.1
81.5
91.4
95.1
96.7
97.8
98.3
98
97.3
97.9
97.5
96.5
73.1
61.1
52
50.3
47
44.4
42.9
42
41.9
45
58.3
75.4
82.5
87.8
90.2
92.6
94.2
96.8
98.3
99.7
100
100
100
100
82.7
65.5
58.6
53.3
51.9
47.6
44.5
44
41.9
43.7
59
72.8
79.1
83.6
87.8
89.8
92.9
94.9
94.7
96.3
97.7
98.6
99.8
99.1
80.2
67
61.3
54.9
49.4
46
42.5
35.8
34
35.1
48.3
62.8
67
71.2
75
76.3
77.9
82.7
85.9
83.2
84.4
85.9
88
85.3
65.6
56.4
45.5
41.8
41.4
37.5
36.6
37.3
39.8
44
50
58.4
68
69.7
71.3
71.2
60.7
52.3
59.5
73
80.8
83.5
78
89.9
98.2
89.8
69.9
56.4
49
50
47.4
47.7
50.5
55.3
62.5
70.1
73.3
74.9
77.7
82.8
86.9
88.1
87.1
85.7
89.8
90.5
90.6
90.4
70.6
63
56
52.5
48.9
46.4
42
40.6
40
44.1
60.3
70
76.4
83.2
87.6
89.9
91.3
91.9
93.6
94.6
95.8
97.2
98.4
98.4
75
57
51.6
50.7
48.5
44.1
42.1
41
41.6
45
57.2
67.7
78.9
86.4
90.5
93.2
95.7
96.5
97.3
98.6
99.6
100
100
100
84.7
61
56.6
53.5
49.5
45.1
44.4
42.8
44.9
46.1
54.8
59.4
77.1
84.4
88.4
90
93
94.4
96.1
97.5
99.7
100
100
100
84.1
64.3
61.5
61.7
59.4
59.5
51.4
46.2
47
50.9
62.8
78.6
86.4
88.8
88.5
86.5
85.4
87.9
92.5
93.6
92.5
95.2
96.3
94.5
83.7
74.2
59.5
55.5
51.5
52.3
48.7
46.9
47.9
52.8
62.3
68.7
71.7
72.5
73.3
66.4
66.5
69.3
85.6
93.8
97.7
99.7
97
97.5
88.4
76.3
74.2
71.7
64.8
60.8
56.4
52.4
53.6
57.5
64.2
69.6
67.2
71
79.2
75.7
66.9
63
70.5
92.1
96.6
99.1
100
100
89.4
67.7
62.6
56.9
46
46.1
42.7
38.3
37.2
42
54.9
64.9
76.5
81.8
86
88.3
89.2
89.3
92.2
95.2
97.8
99.4
100
100
85.1
61.4
56.2
53.9
49.1
45.4
43.3
43.6
45.6
50.4
60.4
62.8
62.7
67.3
75
86.9
91.4
90.9
91.5
94
97
98.8
96.4
92.5
81.4
71.2
67.7
65.8
60.4
57.4
57.6
56.8
57.9
58.7
61.4
66.2
67.2
72.2
81.4
83.1
81.8
79.3
83.4
82.6
87.1
88
88.8
88.5
80
69.1
66.2
65.5
62.2
61.8
61.6
63.9
64.1
65
67.1
74
78.3
84
81.5
80
79.1
72.5
69.3
69.9
72.9
79
90.2
95
84.4
73.1
60.9
51.5
48.4
47.8
46.5
45.4
46.3
51.4
60.6
70.2
79
78.2
77.8
78.9
79.4
82.5
84.8
87.3
92.8
97
98.3
98
79.4
63.1
59.8
56.3
50.5
50.9
50.8
49.3
52.5
57.7
65
71
75.7
82.7
85.4
87
87.4
87.4
90.3
89.1
95.5
97.9
94.3
95.2
89.5
80.2
76.7
79.1
74.9
68.1
67.5
68.3
71.2
72.2
72
80.2
87.3
80.7
83.5
82.7
84.6
93.5
99.2
99.9
100
100
100
100
100
99.5
90.4
85.7
87.5
94.7
83.8
71.2
74.1
84
96
98
99.9
100
100
100
100
100
100
100
100
100
100
100
100
86.4
65.8
61.6
57
51
52
52.2
55
60.5
69.4
79.5
85.7
88.8
94.8
97.4
100
100
100
100
86.8
84.3
65.1
69.3
68.3
56.8
29.4
22.1
13.2
11.9
12.1
12.5
13.1
15.6
18.4
22.6
25.5
27.8
38
48.5
43
39.4
24.5
20
18.6
16
35.5
49.7
35.6
27.5
23.6
23.6
23.1
21.6
19.9
18.4
15
19
29.4
15.3
13.7
13.1
21.9
35.3
33
41.7
40
44.8
52.6
56.6
35
24.2
25.8
26.6
31.4
37.4
40.3
35.7
35.2
32.4
32.7
37.1
47.9
52.6
52
44.2
40.4
26.6
34.4
55
64.2
66.5
65
64
56.9
56
39.4
27.6
23.1
23.4
23.7
23.1
23.9
24.8
26.5
33
48
55
57.3
56.5
50.3
48
59.2
78
80.5
79.9
84.3
89.1
89.6
91.5
66
43.4
42.5
37.5
36.7
34.6
33.1
33.7
36.2
42.1
49.1
49.6
49.7
54.4
62.9
67.5
78.1
72.9
73.1
72.9
86.3
87.2
90.3
92
71.8
60.2
47.7
45.6
43.2
41.1
42.1
42
42.5
51.3
58.3
64.4
69.3
75.2
76.6
83
80.1
84.6
90
92.9
92.1
93.5
94.2
94.5
71.8
46.9
38.6
39.2
37.7
37.5
40
56.3
61.9
61.2
69
74.7
76.5
79.3
64.7
74.5
83.2
90.3
94.9
96
96.2
97.8
96.9
93.3
85.1
58
47.7
45.1
43.6
40.9
39.1
39.2
38.5
43
46.6
54.8
62.1
72.3
77.9
80.6
82
88.7
91
90.9
92.1
93.3
93.6
93
77.5
65.2
58
52.4
50.8
49
43.7
44.2
46.3
49.8
50.2
53.1
60.4
63.3
64.5
70.8
74.1
82.4
80.8
81
79.9
78.3
80.3
85.4
83.1
71.2
56.9
56.9
61.3
61.4
63.5
65.2
71.8
76.5
77.6
82.8
90.1
92.7
75.5
68.7
66.5
82.7
94.3
89.8
98.5
99.9
100
100
100
100
99.9
98.2
96.8
95.3
79.3
83.7
88
93.7
97.9
98.3
99.9
98.5
98.3
98.8
98.3
99.9
100
99.9
99.9
100
100
98.9
96.5
89.3
84.6
84.1
77.7
79.3
81.6
85.9
88.4
93
98.4
99.7
100
100
100
100
100
100
100
100
100
100
100
100
100
95.1
65.3
54.5
51.6
48.2
47.4
46.5
49.7
59.4
72.5
86.8
93.5
95
94.4
95.8
97.1
97.6
98.7
99
99
97.5
99.4
100
94.3
67.7
52.6
48.3
44.9
42.8
40.6
40.8
44.7
62.9
76
90.9
94.8
98.2
99.8
100
100
100
100
100
100
100
100
100
100
86.7
59.4
54.8
51.8
48.6
47.5
46.4
47.7
66.2
86.3
93.7
98.1
99.8
100
100
100
100
100
100
100
100
100
100
100
100
78.2
61.5
51.9
48.9
48
47.2
50.7
69
88.1
95.8
99.3
100
100
100
100
100
100
100
100
100
100
100
100
99.8
74.5
65.3
62.5
60.6
60
61.1
68.2
81
91.6
92.7
99
100
100
100
100
100
100
100
100
100
100
100
100
100
90.5
73
68.9
63.4
66.2
68.3
75.3
91.2
98.5
100
100
100
100
100
100
100
100
100
100
100
100
100
100
100
77.7
53.7
51.4
49.8
50
57.1
58.4
63.6
70.7
71.7
73.6
76.4
75.9
68.5
69.7
68.3
68.5
67
64.7
59.8
62.5
58.7
51.7
51.1
52.9
52.5
53
49.7
51.6
52.9
57.8
66.3
82.1
91.9
95.4
98.6
99.9
100
100
100
100
100
100
100
100
100
100
100
81.7
65.7
65
61.8
58.1
58.2
62.9
75.2
87.5
92.1
93.4
96.6
97.5
98.3
99.9
100
100
100
98.6
99.4
100
100
97.8
93.2
89.7
85
87.2
87.7
88.2
91.8
92.5
92.1
95.6
96.3
97.5
98.3
100
100
100
98.5
96.9
99.8
100
100
100
100
100
100
95.5
65.7
56.4
54.8
50.8
46.5
47.3
61.6
69
75.5
77.8
87.6
95.8
97.6
88.8
89.2
81.4
79
75.5
73.9
73.9
73.3
70.6
71
68.3
67.1
71.1
78.6
86.6
78.5
78
87.9
91.7
94.8
98.8
100
100
100
100
100
100
100
100
99.6
100
100
100
96.8
76.7
62.3
65.3
65.2
61.3
54.6
59.6
70.7
85.3
85
76.1
78.1
87.5
93.3
84.7
80.1
74.3
86.3
95.9
99
100
100
100
100
97.8
93.7
97.7
93.8
91
89.6
94.4
98.1
100
100
100
100
100
100
100
100
100
100
100
100
100
100
100
100
93.2
71.9
61.5
53.4
62.1
70.6
73.1
68.4
72.5
82.3
77.1
72
67.4
72.5
71.5
72.1
71.6
73.2
69
61.6
61
55.1
69.9
79.2
79.3
79.3
85.1
87.2
59.9
63.3
71.3
93.6
93.7
92.7
97.2
99.8
100
100
100
100
92.8
91
89.8
85.5
81.9
83
67.9
64.1
63
58.4
56.3
57
62
70.8
87.9
96.4
96.7
97.2
96.7
95.8
90.9
95
97
99.8
100
100
100
100
100
100
100
100
99.7
94.7
91.9
84.9
83
81.7
78.7
81.2
90.8
76
90.3
99.3
100
100
100
100
100
100
100
100
100
100
100
100
85.6
59
51.2
48.8
43.1
43.7
45.9
72.7
92.7
96.5
98.6
99.5
100
100
100
100
100
100
100
100
100
100
100
100
66.9
54.1
48.8
46.8
45.9
44.2
49.1
65.9
84.9
90.6
93.6
95.8
97.3
98.3
95.9
96.2
98.5
96.1
92.2
94.6
99.3
99.9
93.1
71
58.5
56.8
55.8
59.5
65
67
69.1
71.2
76
82.2
84.8
87.2
89.5
90.8
90.4
88.9
86.5
95
99.3
100
100
100
100
100
99
93.3
88.1
89.4
86
88.3
90.6
94.5
97.1
98.8
98.8
99.4
100
100
100
100
100
100
100
100
100
100
100
100
100
100
100
100
99.8
100
92.4
93.9
95.5
97.3
99.9
100
100
100
100
100
100
100
100
100
100
100
100
100
100
97.8
94.6
94.5
90.9
91
95.5
98
98.8
99.7
100
100
100
100
100
100
100
100
100
100
100
100
100
100
100
100
96.9
95.6
94.5
90.7
91.8
92.8
93.5
97.9
98.8
99.6
99.9
100
100
100
100
100
100
100
100
100
100
100
100
98.9
95.3
89.6
93.1
95.8
96.1
96.8
96.9
96.4
96.1
98
100
100
100
100
100
100
100
100
100
100
100
100
99.9
97.4
89.7
80.2
76.7
77.6
84.2
89.9
91.4
93.7
96
96
97
98.2
99.5
100
100
100
100
100
100
100
100
100
90.4
69.3
65.5
65.2
65.9
66.8
73.8
84.1
84.4
86.2
87.2
87.8
90.4
92.3
86.6
82.1
81.9
80.5
79.2
79.7
81.4
82.9
83.4
77.3
71.9
70.3
68.7
69.6
69.1
76.3
81.5
83.7
84.3
88
86.3
87.8
87.3
87.4
87.3
88.2
87.9
87.3
87.1
87.6
88.2
89.8
87.3
87
84.3
82.3
81.7
77.5
80.2
86.1
87.9
90.8
94.4
96.1
99.7
100
100
100
100
100
100
100
100
100
100
100
100
98.8
92
90.1
91.9
91.4
91.4
92.1
93
94.7
98.8
100
100
100
99.4
98.3
97.5
96.9
96.3
96.6
98.6
97.8
95.6
91.9
91.2
90.1
87.2
86.3
82.1
75.5
69.5
68.9
80.4
88.5
90.1
91.4
92.5
94.2
97.4
97.3
97.5
100
100
100
100
100
100
100
100
99.8
89.2
85.2
82.1
85.1
88.4
89.8
91.6
92.7
95.7
96.2
96.9
99.8
100
100
100
100
100
98.8
99.5
99.9
100
100
100
100
100
100
100
100
100
100
100
100
100
100
100
100
100
100
100
100
100
100
100
100
100
100
100
100
99.9
92.3
87.2
85.1
83.7
85
88.3
91.2
93.1
94.1
95.6
98.8
100
100
100
100
99.3
99.3
98.9
98.7
98.5
98.8
98
95
89.2
82.5
78.2
70.4
63.2
64.9
73.1
88.8
91.9
97.1
83
82.4
81
77.4
77.7
79.4
81.1
80.7
84.3
87
85.6
71.8
75.3
74.5
66.1
66.6
70.2
73.5
70
67.5
63.3
62.9
63.5
74.1
85.5
84.2
84.7
88.3
91.1
85.9
84.7
82.6
81.7
75.4
80.7
77.9
72.9
76.8
84.1
79.5
77.8
82.6
81.2
87
89.7
90.3
93.5
94.2
82
73.8
76.8
75.7
66.5
70.2
81.8
86
92.6
95.7
97.6
99.4
99.5
90.3
81.8
70.3
63.5
60.8
73.3
87.9
94.6
94.3
93.7
85.8
76.8
78.3
91.5
98.8
100
100
100
100
100
100
100
100
100
100
91
63.8
56.9
51.8
49.2
52.3
62
73.5
91.9
97.6
99.5
100
100
100
100
100
100
100
100
100
100
100
100
100
100
87.7
70.3
62.2
68
69.4
77.1
88.5
95.3
93.7
90
89.4
89.8
93.7
95.8
93.9
81.3
95.2
99.3
100
92.2
89.6
92
92
93.6
95.5
95.8
96.3
97.6
98.4
99.7
100
100
100
100
100
100
100
100
100
100
100
100
100
84.8
93.9
85.3
84.9
71.1
63
56.6
51.5
53.4
52.3
61.7
78.2
86.2
93.8
99.2
99.9
100
100
100
100
100
100
100
100
100
100
100
100
100
89.4
68.9
69.8
75.1
81.2
86.9
93.8
98.3
100
100
100
100
100
100
99.8
96.1
95.7
97.9
98
97.3
96.9
96.2
94.2
88.7
85.9
87.8
87.6
92.2
97.6
99.5
100
100
100
100
100
100
100
100
100
100
100
100
100
100
100
100
100
100
100
96.5
94.7
92.5
82.1
82.8
89
95.3
94.5
85.4
89.4
92.3
89.9
85.5
92
95.7
98
98.5
99.4
97.4
97.8
99.5
90
67.6
54.6
52.9
50.7
45.9
41
43.1
73
84.4
85
84.8
87.9
93.3
95.2
95.3
92.7
91.8
95
88.1
88.9
89.7
89.4
89.3
81
71.2
57.5
46.5
44.4
44.8
47.9
55.5
75.1
89.8
93.5
96.7
98.1
99.5
100
100
100
100
99.9
99.7
95
94.8
96
96.9
81.5
62.9
55.5
57.7
59.9
63.5
76.1
86.6
91.8
95.5
91.7
89.6
83.9
83
84.4
85.5
85.9
85.5
87.3
90.3
94.2
95
95.7
95
78.1
48.8
38
44.3
58
58.2
60
60.6
62.6
58.8
55.1
52
51.9
51.3
49.9
49.7
50.1
49.2
41.9
39
37.8
38.3
41.7
40.8
39.8
40
43.8
40.6
39.9
41.7
45.5
42
40.4
44.1
41.8
43.3
44.5
52.5
57.3
63.5
61.5
62.9
60.6
63
67.6
74.4
72.2
67.8
62.8
60.3
60.6
61.6
61.4
58.4
60
62.2
67.7
71.3
70.3
69.3
79.3
88.6
90.3
93.6
96
96.7
97.1
97.1
97.5
97
94.1
87.9
78.3
63.6
57.1
52.8
54.5
57.3
59.7
62.6
71.9
79.8
83.2
90
92.7
95.1
96.2
95.3
96.3
96.5
96.9
96.8
97.3
97.3
97.5
97.4
98.1
94.2
62.8
49.5
41.2
41
42.3
46.2
60.5
69.8
76.1
83.9
82.4
63.1
62.1
65.2
63.2
60.9
74
91.3
95.4
95.7
95.9
97.5
98.7
97.6
87.2
83.4
85.4
83.1
83.1
88.6
94.4
96.7
97.9
99.2
98.7
98.5
98.5
98.1
97.7
97.5
84
74.1
86.8
89.9
89.3
85.9
69.4
59.2
56.4
52.1
43.7
44.8
46.3
49.8
55
57.9
53.1
54.2
57.7
80
87.7
79.9
79.9
88.2
92.8
94.4
95.2
94.9
92.9
92.3
90
85.7
81.4
72.2
70.7
72.3
73.5
78.3
86.2
92.9
93.7
93.7
91.4
89.1
88.4
86.6
87.4
92
92.9
93.5
92.8
91.8
91.6
91.3
90.6
83.6
70
65.3
60.2
62.4
67.7
74.3
84.6
91.1
91.8
92.5
92.7
92.8
93.2
93.1
93
93
93
92.8
92.8
92.8
91.9
91.9
91.3
86.4
81.7
81.8
83.1
85.3
86.1
89.4
92
93.3
93.9
93.5
93.8
94.1
94.5
94.8
95.2
95.5
95.5
95.4
94.8
94
93.8
94.3
95.4
94.3
92.8
92.1
90.8
91.6
93.7
93.8
95.2
96
97.3
98.4
98.9
99.8
100
100
100
100
100
99.2
95.2
95.8
98.4
99.8
99.1
91.7
81.8
63.8
64.2
69.8
82.5
89.4
92.3
94
95.3
94
85.8
89.4
81.5
94.4
99.7
100
100
100
100
100
100
100
100
100
100
100
100
100
100
100
100
100
100
100
100
100
100
100
100
100
100
100
100
100
100
100
100
100
99.2
98.8
98.4
99.2
98.6
98.6
100
100
100
100
100
100
100
100
100
100
100
100
100
100
100
100
100
100
100
92.7
70
65.7
70.8
82.8
86.5
90.6
88.5
89.3
92.2
91.7
92
93.4
93.3
93.2
95.5
96
97.3
98.5
99.5
100
98.3
87
75.1
55.8
48
41.3
44.5
49.7
65.3
78.1
82.9
85.4
88.3
89.1
89
92
96.1
97.6
97.8
96.8
95.7
95.6
95
93.7
86.2
72.9
62
54.8
50.3
51.4
60.7
71
73.4
76.6
81.8
83.7
86.3
91.3
93.4
93.8
95.8
97.8
98.6
99.8
100
100
100
100
100
100
98.4
83.5
65.4
59
69.5
75.1
78.8
82.4
83.2
87.4
89.3
89.7
89.3
90.5
91.8
92.5
92.6
96
98.9
100
100
100
100
100
99.9
98.5
99
100
100
100
100
100
100
99.8
96.6
99.9
100
100