96.7
96.6
96.7
97
96.7
97.1
97.5
97.6
97.6
97.6
97.2
95.4
92.3
73.8
76.3
76.9
76.5
79
83.2
83.7
80.3
78.7
75.8
73.4
73.7
79.8
84.2
91
94.4
95.8
94.8
94.5
94.8
95.8
97.1
97.5
97.6
97.1
96.4
96.3
96.6
96.5
96.4
96.4
96.5
95.1
87.6
87.3
86.6
85.6
84
82.8
84
85.9
88.4
87.8
85.7
86.3
83.2
79.1
71.3
66.5
64.1
66.2
68.5
74.6
81.9
84.8
88.2
91.5
92.2
91.7
90.8
84.8
79.5
79.7
79.5
82.1
82.2
80
77.3
76.3
75
72.3
70.5
69.8
71.5
72.2
70.6
76.5
82.4
86.5
90.7
92.1
93
93.3
94
94.9
93
84.1
84.7
88.1
92.4
94.1
94.3
94.8
94.7
94.4
92.8
84.3
88.2
90.2
91.9
93.8
94.7
95.5
96
96.5
96.5
96.5
96.5
96.1
96.2
96.3
96.4
96.4
96.3
89
88.3
87
84.1
80
75.6
73.2
75.2
77.7
79.9
83.2
86
88.1
89.5
90.8
91.4
92.2
92.3
92.5
91.9
93.4
94.3
95.3
95.8
96.2
96.5
96.9
96.7
95.7
93.5
92.7
90.5
89.7
89.7
90.1
90
90.5
91
90.9
90.1
89.3
89.7
90.1
90
90
89.9
90.5
91
91.5
91.8
91.8
91.1
83.8
78.3
81.9
82.8
83.3
85
85.9
85.9
86
86.2
86.3
86.7
89.8
91.8
91.2
92
94.3
95.6
95.8
96.1
96.7
96.9
97.4
97.3
96.8
95.8
94.3
91.9
90.6
89.7
89.4
90
91.2
91.5
91.9
92.2
92.6
92.2
93.4
93.8
92.9
92.7
92.4
92.8
93.8
94.8
95.2
91.5
88.6
89.9
84.7
78.3
75.3
74.3
80
88.7
89
37.5
48.5
80.3
83.1
85.3
86.3
85
86.1
85.2
83.2
81.8
83.7
85.8
88.1
83.3
75
60.5
56
63.4
72.2
80.2
84.7
89.1
91.6
93.1
91.2
90.3
89.9
89.9
89.6
88.1
87.2
86.8
88.7
90.7
92.5
94.1
95.6
93
80.4
75.5
71.4
65.5
64.4
61.6
66.1
68
71
73.9
73.6
74.5
77.2
78.1
76.2
77.5
81.3
83.2
84.2
84.3
85.1
88
88.5
87.3
80
75.2
71.9
71.9
70.5
72.1
77.7
84.4
87.5
88.6
90.3
91.7
92.2
93.5
93.7
93.5
94
93.9
93.7
95.1
95.6
96.5
96.8
95.1
94.3
93.5
79
77
82.6
81.3
79.7
78.7
77.5
75.9
83.2
85.8
90.4
92.4
94
92.6
87.5
84.1
85.6
88.4
92.8
94.4
78.2
51.6
50.8
43.3
33.9
29
27
27.4
27.7
33.2
38.6
34.8
36.6
33
48.8
62.7
66.7
71
71.9
72
73.4
71.2
60.3
64.8
71.2
63.4
52.6
42.9
38.5
40.1
40.1
47
56.4
64.5
62.8
61.5
64.6
66
67
67.3
64
56.6
60.7
66.1
67.3
70.1
71.1
72.3
71.7
70.3
82.2
87.1
83.3
75.6
71
72.5
77
82.7
78.4
80.1
85.5
90.4
91.3
78.5
81.6
74.9
80.8
76.5
80.8
91.1
93.6
94.1
95.7
96.3
96.8
97.1
97.2
97.3
97.4
97.4
97.6
97.7
97.7
97.7
97.7
97.7
97.7
97.7
97
95.8
95.3
96.1
96.7
96.8
97
97.1
96.7
92.2
82.8
78.2
74.2
71.6
69.5
74.3
77.1
84.2
86.5
87.3
87.1
88.5
89
89.1
90.7
91.8
93.3
94.2
91.1
89.2
85
86.5
88.2
90.8
85.5
65.5
67.1
66.3
67
69.2
74.8
84.2
89.4
92.1
87.7
80.5
77.1
75.5
75
81.6
88.4
91.1
92.5
93.3
93.8
94.3
95
93
81.1
67.6
61.9
67.9
66.4
66.1
69.8
76.2
82.5
82.8
79.9
78.6
76.8
76.6
73.2
69
69.6
72
72.9
73
71.7
66.3
65.1
65
62.9
61.8
60.5
59.1
57.8
57.3
67.2
80.1
80.5
73.9
67.2
63.8
64.3
69.8
74
72.4
71
66.5
64.5
65
67.3
65.8
63.2
61
65.6
66.7
64.5
65.6
66.6
66.5
66.9
67.8
69.9
80.7
80
78.8
79.1
79.4
78.9
78.7
79.2
79.3
80.8
81.3
81.8
82.3
83
83
82.5
80.8
77.7
77.5
76.1
75.1
77
79.4
84.1
84.9
86
87.2
87.8
87
87.5
87.7
77.8
83.4
87.7
87.7
83
78.9
78.8
78.7
76.5
73.9
72.8
72
72.9
70.8
74.8
81.5
81
79.7
84.7
88.1
90.5
90.7
91.5
92.3
92.8
93.1
94
93.9
93.8
94.5
94.5
94.6
92.6
89.1
85.3
83
80.8
79.5
82.1
85.9
86.2
87.4
89.7
91.5
93.2
94.2
93.7
93.7
93.6
93.7
93.7
94
94
94
93.9
93.4
92.1
90
87.9
78.1
74.7
78.8
84.3
87.8
88.5
89.2
89.4
90.2
91
92.8
93.7
94.1
94.4
94.7
94.7
94.8
95.1
95.4
95.7
95.7
95.4
91.3
84.5
78.3
65.2
57
55.7
63.3
72.6
80.1
83.9
83.3
83.9
87
87.6
87.4
88.2
88.8
89.7
89.5
88
67.2
60
57.7
58.6
58.1
57.1
57.6
63.9
58.2
63.5
77
82.5
84.3
81
84
84.8
82
82.4
83
83.5
84
84.2
85.9
86.3
87.7
85.9
68.3
58.1
48.9
45
42
44.3
46.4
51.2
60
62
62.6
71.1
75.2
76
76.7
78.4
79.9
79.1
81
80.4
79.8
76.5
75.9
75.4
72
69.5
65.6
65.2
64.9
64.6
65.1
65.5
67.4
71
75.2
78.5
81.5
85.5
87.2
87.5
86.8
87.5
80.1
82.4
84.5
83.3
86.3
88.1
86.8
82.8
78.3
70.8
67.5
67.2
69.6
70
77.2
85
87.6
86.6
84.8
82.5
82.7
84.6
87.6
86.3
83.7
84.8
85.9
86.2
86.7
88.3
84.3
75.3
71.1
68.6
66.8
69.1
66.6
71.5
76.5
82.6
85.7
87.7
90.2
92.1
93
93.4
94
94.9
94.9
94.5
94.7
95.1
95.6
95.4
95.2
93.2
85
76.8
72.3
67.9
68.8
71.7
78.3
85.3
89.3
89.9
91
92.3
93
93.2
93.4
94
94.2
94.6
94.8
95.2
95.7
95.4
93.5
72.8
64.1
61.6
62.1
61.2
65.9
69.9
79.8
86.1
89
90.8
91.4
92.5
93.2
93.7
94
94.3
95.2
95
95.2
95.4
95.9
95.3
91.8
64.9
53.5
55.2
53.6
54.4
55.8
60.4
67
69.1
69.4
68.8
74.8
74.6
72.7
72.1
71.5
71.8
72.2
72.9
72.8
76.8
86
89
83.4
72.6
68.7
64.3
62.1
63.1
64.5
68.5
74.3
79.3
83
87.3
89.1
89.1
90.2
90.8
92.2
93.5
94.2
94.5
94.7
95
95.2
95.4
95.7
95.7
94.5
91.6
90.1
88.4
88.4
86.5
86
87
89.9
90.7
91.7
92.9
94.3
94.7
94.7
95.2
95.4
95.7
95.8
96.1
96.3
96.3
95.7
85.6
53.5
43.9
40.5
34.9
34.6
39.6
48.6
49.6
52.6
45.9
44
52.5
73.4
78.3
78.3
80.1
82.7
82
85.4
85.5
84.5
77.4
57.3
46.8
41.5
35.6
34.3
34.2
34.6
35.2
42.6
51.4
47.7
55.6
61.4
48.8
54.8
59.5
52.8
42.2
33.4
40
50.6
45.7
40.2
47.2
38.3
36
30.8
31.2
30.7
31.8
32.3
35.9
45.6
56.1
59.2
66.5
71.1
73.2
74.7
74.4
76
77
76.5
66
64.7
64
56.7
47.4
51.3
51.6
46.3
45
45.4
44.7
47.5
51.5
62.7
65.4
71.6
75.4
79.8
82.2
83.3
79.7
70
67
66.1
66.8
65.4
70.6
74.4
73.1
71.5
71.5
70.2
63
58.6
57.2
59.3
60.1
62.3
63.6
65.6
68.3
69.2
68.8
67.9
67.7
66.9
66
66.5
66.8
68.4
70.1
71.5
72.3
70.3
69.3
66.8
64.8
61.3
64.7
65.2
67.3
69.3
71.5
72
71.6
74.5
78
81.2
83.4
83.7
85.9
87.8
89.5
90.1
90.9
92.5
92.5
81.8
69.1
66.3
62.1
58.2
59
61.4
64.5
71.8
76.7
81.3
86.2
87.4
88.8
89.7
89.4
89.9
91.1
92
92.2
90.2
80.8
85.4
86
80.1
71.9
70
65.3
63.8
59.6
58.3
58.2
57.4
57.9
68.3
74.4
79.9
82.8
85.3
87.7
89.4
89.8
92.3
91.1
92.3
92.9
93
93.4
89
77.3
72
68.3
65.1
63.8
62.1
65
71.2
79
82.9
85.9
85.3
85.4
84.3
82.3
81.3
81.6
82.2
81.9
85.4
83.2
85.3
86.2
86
86
84.8
81.4
78
75.5
71
72.8
78.5
83.3
84.4
85.3
88.7
90.1
91.5
92.1
92.3
92.7
93.3
93.9
94
94.4
94.9
95.4
92.6
81.7
77.3
71.4
68.8
68.4
71.2
72.9
80.3
81.5
80.1
87.1
92.5
94
95.2
96
96.4
97
97.2
97.4
97.6
97.5
97.3
96.7
96.7
97.3
97.5
97.6
97.5
97.6
97.6
97.5
97.5
97.5
97.6
97.6
97.6
97.6
97.5
97.6
97.6
97.6
97.6
97.6
97.6
97.6
97.6
97.6
97.6
97.5
97.4
97.2
97.3
97.5
97.4
97
96.8
96.4
96.6
96.6
96.7
96.8
94.5
92
93
93.6
93
95.3
96
97
95.8
97.6
97.6
97.6
97.6
97.6
97.6
97.6
97.6
97.6
97.6
97.7
97.6
97.6
97.6
97.6
97.7
97.7
97.7
97.7
97.7
97.7
97.7
97.7
97.6
97.6
97.6
97.6
97.7
97.7
97.7
97.7
97.7
97.7
97.7
97.7
97.7
97.7
97.7
97.7
97.7
97.7
97.7
97.7
97.7
97.7
97.7
97.7
97.7
97.7
97.7
97.7
97.7
97.7
97.7
97.7
97.7
97.7
97.7
97.7
97.7
97.7
97.7
97.7
97.7
97.7
97.7
97.7
97.7
97.7
97.7
97.6
97.6
97.6
97.6
97.6
97.6
97.6
97.6
97.6
96.9
96
92.3
89.4
92.4
94.1
94
93.7
94
95.6
96.7
97.1
97.5
97.2
96.9
96.8
96.9
96.8
95.3
84.4
71.3
66.7
68.8
73.9
78.5
80.4
82
82.9
81.8
77.2
74.4
77.4
79.5
81.6
86.5
89.7
91.1
92.6
93.4
92.7
92.4
91.2
90.1
87.8
84.7
79.8
78.7
77
77.4
78.7
84
90
93.3
95.6
96.6
97.1
97.4
97.2
97
97
97
96.6
96
95.7
96
95.2
93.9
94.8
96.9
97.6
97.6
97.6
97.6
97.6
97.6
97.6
97.6
97.6
97.6
97.6
97.5
97.5
97.5
97.5
97.5
97.5
97.5
97.5
97.5
97.5
96.8
93.3
84.8
81.3
80.8
78.3
75.5
80.9
87
87.2
88.8
90.4
90.7
90.8
91.1
90.9
90.6
86.9
77.8
74.2
82
83.1
84.7
84.9
79.9
71.9
67
66.3
64.3
61.1
62.6
65
77.1
81.9
82.4
78.7
77.5
82
85.4
88.5
87.5
89.3
91.3
92
92.3
92.6
93.7
92.4
79.5
63.8
55.3
47.4
49.9
51.9
54.8
59.8
65
70.9
75.7
79.5
81.9
78.2
80.6
86.2
89
90.7
92
92.5
93.1
92.9
93.5
92.7
70
58.2
56
54.2
52.7
51.4
50.3
52.5
57.7
62.1
64.9
69.2
70.1
73.3
78
81.1
84.9
85.8
87.6
88.2
88.4
89.2
89
78.8
66.2
55.8
51.1
50.6
47.5
45
43.2
44.6
51.4
59.1
60.6
65.4
70.9
76.4
79.5
80.2
81.8
85.2
85.6
73.3
70.1
68.8
65.8
61.8
62.5
54.4
50.4
49.3
48.9
49.1
50.2
50.7
55.1
61
65.7
64.8
70.7
72.4
74.9
71.8
71.3
70.2
68
65.8
65.9
66.2
65.6
61.8
60.6
56
56.7
58.3
60.6
61
61.2
61.3
65.1
71.4
73.3
76.7
81.7
83
79.1
76.9
70.6
71
73.7
80.7
87.9
93.4
93.8
90.2
84.6
83
90.3
93.5
94.3
94.7
94.5
94.1
94.9
96
96.3
96.5
96.8
97.1
97.3
97.5
97.5
97.3
97.5
97.6
97.5
97.4
97.3
97.6
97.6
97.5
97.6
97.6
97.6
97.6
97.6
97.6
97.6
97.6
97.6
97.6
97.6
97.6
97.6
97.6
97.6
97.6
97.6
97.6
97.6
97.6
97.6
97.6
97.6
97.6
97.2
NA
NA
NA
86.9
85.8
87.1
88.8
88.6
87.9
88.8
89.3
89.4
91.4
93.2
94.8
95.5
96
96.5
96.5
96.9
94.5
74.2
64.5
62.1
60.2
57.9
53.8
51.2
47.5
54.4
65.7
74.3
78.6
81
85.2
88.3
89.2
74.5
70.7
69.9
67.8
61.5
60.1
60.2
62.4
69.9
86.8
93.2
95.1
96
95.5
88.2
79.5
78.9
82.4
78.9
76
75.3
79.9
87.2
93.5
94.5
95
95.2
96.2
97
97.2
97.3
97.3
97.4
97.5
97.6
97.6
97.2
97.2
97.3
97.3
97.5
97.5
97.6
97.6
97.6
97.4
96.7
95.3
94.3
94.4
94.3
94.4
95
95.8
96
92.5
76
67.7
67.2
66.8
66.8
64.9
62.2
63.8
68.7
77.6
83.2
83.9
83.9
83.9
86.5
87.2
87.3
87.8
87.7
88.3
88.9
88.9
89.3
86.4
77.3
72.6
68.8
64.2
63.5
63.8
64
68.4
72.4
73.7
75.8
80.2
78.9
80.1
78.5
77.9
78.2
79.9
82
81
82.3
85.3
85.4
84.3
79.3
77.5
76.3
79.7
79.8
78.1
79.7
80.3
81.6
83.6
85.3
87
87.7
88.4
89.4
90.8
91.8
92.1
92.8
93.7
93.8
94.3
95
94.5
85.6
73.5
72.5
70.3
68.8
66.1
63.8
64.8
69.5
77.8
83.7
88.1
90.1
92.1
92.8
93.2
93.6
94.2
94.5
95
95.4
96
96.7
94.7
84.5
66.7
62
57.4
54.5
51.1
50.7
51.7
57.9
66.8
74.8
83.5
86.3
88.1
89.9
90.6
91.3
92
92.7
93.3
93.7
94
94.7
92.4
67.1
61.1
58.8
53.9
50.1
47.7
46
46.6
50.9
63.3
73
79
82.9
85.5
87.4
89.5
89.8
90.4
91.3
92.8
93.3
93.5
94.3
85.2
60.3
53.2
52.1
49.5
47.5
45.5
42.1
42.5
47.8
61.8
69.7
74.5
80.8
84
85.9
86
87.8
89.4
90.1
90.6
91.2
91.7
91.1
79.5
63.3
52
49.2
50.8
45.7
45
48.5
51.6
56.3
64
69.5
73.9
74.6
72
71.4
72.8
70.6
69.4
70.2
72.8
73.4
74.6
75.1
70.3
66.3
64.5
63
59.5
56.8
56.2
59.5
64.5
67.8
72
75.9
76.2
78.1
76.9
76.9
78.8
78.9
78
78.7
80.2
80.1
76.3
75.1
74
74.2
70.5
67.6
64.7
63.3
62.7
63
66.8
67.9
70.1
72.4
73.5
77.9
79.2
80.9
82.2
86.2
88.3
84.6
84.5
81
84.8
85.8
78.6
66.9
62.2
55.5
56.1
51.5
42.7
36
35.3
52.2
63
64.5
68.9
70.3
65.8
67.8
79.1
85.7
90.9
94.5
95.6
95.8
96
96.5
96.9
97.2
97.3
97
96.9
97.3
97.5
97.6
97.7
97.6
97.7
97.7
97.7
97.7
97.7
97.7
97.7
97.5
92.1
90.5
90.9
90.2
89.7
89.3
87.6
81.4
77.2
74.2
72.1
72
71.1
71.2
68.9
68.5
72.5
78
81
80.5
73.2
59.3
56.6
55.9
66.8
74.2
79.1
80.3
83.1
82
72.5
63.3
60.4
54.7
55.5
56.9
53.6
50.2
53
55.1
57.8
61.8
63.8
70.3
77
74
73.6
76.5
86.8
85.2
83.3
76
79.5
81.3
78.4
73.4
73.3
83.6
89.8
89.2
86.5
85.8
81.1
81.8
83
85.8
85.8
86.8
92.3
94.2
94.5
92.6
89.8
85
80.9
80.6
79.9
80.3
79.2
77.5
76.4
74.8
66.3
61.1
57.7
58.6
59.7
60.6
66.6
72.9
77
78.8
79.4
82
82.3
84
87.2
86.5
87.7
90.3
88.9
84.6
78.6
71
67.7
64.2
59.8
55.9
55.9
54.2
52.2
56.2
65
75.5
80.8
85.2
87.7
89.7
91.1
89.2
90.7
91.8
93
93.5
94.2
94.5
77.6
62.7
57.9
55.3
54.1
53.7
53.6
52.6
52.7
54.9
63.3
70.2
75.7
78.5
82.5
84.8
87
88.8
90.6
90.6
91.2
92.2
91.8
87.8
62.8
54.5
51.8
53.9
52.3
48.3
48.7
47.5
53.7
58.8
62.8
64.9
67.2
69.9
67.5
69.3
71.3
72.4
74.6
74.8
75.8
75.3
78.8
75.3
66.1
59.8
61.3
61.2
60.1
59
52.9
50.1
50.3
55.8
63.8
67.8
74
78.1
80.5
83.4
85.1
86.9
87.1
88.4
89.1
90.3
91.3
86.5
71.7
60.2
56
54.9
54
51.5
49
47.1
49.1
52.7
58.8
65.7
67.3
68.9
71.2
74.3
82.4
85.3
88.5
89.9
90.9
91.8
92.8
91.9
71
61.7
59.2
57.1
53.9
52.6
50.6
47.9
50.9
53.8
61.4
66
65.4
66.6
65.9
68.7
71.1
73
73
80.5
86.7
89.3
90.7
83.6
75.3
68.7
65.3
60.7
58.2
57.9
58
57
56.8
57
61.5
68.3
67.8
72.2
75.8
79.5
83.6
86.6
88.5
90.5
91.9
92.4
93.1
91.6
79.9
75
78.2
72.5
67.1
66
56.7
52.6
48.9
51.7
57.8
64.3
69.5
76.2
76.3
81.6
80.2
81.9
84.4
85.7
88.8
90
90.4
90.5
85.8
73
60.1
52.6
52.4
53
52.4
52.3
53.8
54.1
58.6
63.8
66.7
69.8
70
73.6
78.2
80.2
73.6
74.4
75.5
77.9
79.3
78
76.1
73.3
69.3
69
65
62.6
73.2
93.2
93.6
94.3
92.2
94
90.6
80
84.1
82.8
79.9
77.8
77.2
79
89
91.5
88.9
87.1
86
84.3
77.2
73.6
67.6
54.2
52.9
44.3
53.5
56.4
62.5
67.2
71.2
67
69.6
68.2
68.4
77.1
83.5
87.4
89.5
91.2
92.3
85.8
66.6
60.3
59
54.1
50
49.6
49.3
50.9
52.5
55.5
58.8
61
62.7
68.1
66.9
62.8
62.1
59.9
59.9
64.4
67.3
67.9
69.1
76
85.4
91.4
92.5
89
77.3
81.4
82.1
91.1
94.2
95
95.5
96.1
96.3
96.3
96.5
96.5
96.8
96.9
96.8
97
97.2
97.3
97.4
97.4
97.2
96.7
90.8
84.7
79.7
74.8
71.8
68.1
62.2
63
71.5
77.6
78.6
81.3
78.5
79.9
76.3
77.7
84.5
87.5
91
92.6
93.7
83.5
66.6
57.9
55.2
58.3
55.8
53.2
52.2
51.8
52.4
56
60.5
69.7
76.1
81.5
81.8
81.8
83.2
80.2
78.8
81.2
82.7
81
72.8
70.7
58.4
47.3
55.8
60.1
58.5
54.5
57.6
69.2
81.7
83.3
81.2
83.8
85.4
87.9
88.7
90
90.7
90.8
91.6
94.6
96
96.6
96.9
97
96.9
96.7
95.3
91.2
81.7
79.8
74.6
74.4
75
75.6
81
83.8
85.9
86.2
87.6
89.2
90
82.9
78.1
83
86
86.5
88
86.2
76.1
72.3
72.7
66.8
59.9
54.3
52.6
55.6
55.6
59.6
64.4
62.7
62.8
64.2
67.1
68.1
70.1
66.6
63.3
63.2
63
60.9
60.7
61
60
63.2
70
83.9
76.5
66.3
64.3
65
67.1
68.8
68.4
69.3
71
70.8
72.8
77.7
82.1
81.2
79
75.3
73.5
75.4
83.2
83.6
81.1
74.7
71.7
72.4
73.3
72.5
68.6
71
81.1
86.6
94
95.4
95.8
96
95.9
95.8
95.4
95.5
95.8
96.3
96.4
96.4
96.7
94.2
82.5
75.8
67.6
64.7
62.2
63.5
67.5
71.4
68.8
70.6
71.5
73.9
76
76.9
77
77.2
79.8
80.5
82.8
83.3
85
86.6
86.2
83.1
74.1
75.3
70.8
67.4
66.2
83.4
79.8
91.5
84.1
74.8
78
75.7
72.5
71.7
74.3
74.7
78.4
80.5
79
76.7
75.9
75.7
78
92
93.8
91.5
90.6
87.1
87.5
93.8
96.2
96.5
96.5
96.9
97.1
97.2
97.2
97.5
97.4
97.6
97.5
97.5
97.6
97.6
97.7
97.7
97.4
95.1
86.5
73.3
63.3
57.9
58.3
54.4
51.9
52.6
51.6
52.1
56.9
63.8
67.6
72.3
81.5
82.8
82.7
81.3
73.3
72.1
69.9
69.9
72.8
71.9
61.3
58.8
57.2
54.3
51.5
49.5
50.3
48.5
48.4
49.9
56.8
69.8
76.2
80.9
83.4
85.9
87.5
89.5
90.3
91.1
92
92.4
93
79.8
62.9
56
55.2
54.6
51.7
49.6
44.6
39.9
41.7
46.7
52.3
61.8
70
75
78.1
80.1
81.1
82.3
82.8
85.2
87
88.5
85.9
78.1
64.5
57
53.6
51.1
47
44.7
44
43.2
44.5
49.3
45.5
44.5
46.1
57
61.6
63.5
66.8
67.9
71.8
76
78
79.8
77.2
70.4
54.7
48.7
47.6
45.7
45.6
42.7
40.8
42
61.9
84.5
58.3
69.3
78.5
78.5
76.4
70.1
64.5
66
67.7
69.3
76.5
84.1
76.3
60.3
58
56.8
56.3
51.8
49
45.3
44
48.9
49.5
53.7
57.4
62.4
66.3
73.8
77
78.7
81.7
83.3
82.7
77.3
71.3
81.3
79.9
58.9
61
60.7
54.6
53
48.6
44.9
43.2
43.5
41.4
43
48.3
60.9
68.4
69.4
68.4
69.4
72.7
77.1
80.9
82.7
84.2
85.3
81.9
72.2
63.7
56.9
53.8
51.7
48.8
46.1
45
43.9
45.7
48.1
51.6
61.4
69.8
73.6
77.1
74.9
60.5
64.3
72.9
78.2
82.1
84
80
61.3
53.7
48.9
48.1
46.1
44.4
43.1
41.3
40.1
41
44
48.1
51.1
54.5
59.6
57.8
55.1
49.5
51.4
61.4
72.4
75.9
77.5
79
68.5
65.9
63.2
56.9
54.8
53.6
53.2
55.7
59
57.9
64.6
65
70.7
80.5
80.5
79
77.3
78.2
79.5
81
90.4
94.8
96
96.4
96.9
97
96.5
93.4
77.2
70
73.3
73.8
71.8
72.3
82.8
91.4
89.6
86.2
90
89.8
93.8
95.3
95.8
95.8
96.1
95.9
95.9
95.5
82.2
76.4
68.6
64.1
62.8
57.8
55.3
62.9
64
54.5
53.9
60.9
66.9
68.8
76.3
83.2
85.9
82
69.1
66.8
67
68.9
68.4
64.8
66.5
66.1
59.6
55.4
53.4
51.8
47.8
45.1
44
48.7
50.3
55.5
63.1
68
72.5
72
74.8
74.7
75.7
80.2
80.4
80.4
79
81.6
78.2
74.4
76
82
85.3
84.3
69.6
65.8
65.6
65.5
72.2
87.8
78
69.2
71.1
90.8
94.1
90.3
81.6
85.5
92
95.5
96
96.3
95.2
88.5
89.7
91
90.5
93.9
95.1
94.7
94.1
94.5
95.1
93.7
91.7
91.8
94
96.6
94.8
90.2
91.9
91.8
94
94.6
94.5
93.5
93.8
95
96.3
95.8
93.7
93.3
94.7
90.7
81.7
79.2
76.3
76.3
84.4
90.2
92.5
95.2
96.7
97.2
97.5
97.4
97.7
97.7
97.6
97.5
97.3
96.8
88
89
89.6
69.3
67
71.9
93.1
92.3
89.4
76
85.2
91.2
93.4
94
94.7
94.9
95.5
95.3
95
95.2
95.8
93.1
84.8
74.5
70.7
69.7
62.3
59
60.1
69
86.7
75.1
69
73.6
79.6
85.1
87.5
91
95.4
95.1
96.1
96.4
96.4
96.8
96.7
97.1
97
96.2
83.1
70.9
68.5
61.8
58.6
56.9
53.9
51.1
54.5
62.8
68.3
74.2
76.8
80.5
73
73.3
72.4
72.9
73.4
75.3
78.6
80.8
71
65.4
65.2
63.4
56.8
53.4
51.5
49.1
50.8
53.3
59.2
88.6
93.4
94.8
95.8
96.4
90
82.9
86.1
88.8
90.2
91.1
93.2
88.1
74.3
72.3
67.4
65.2
59.7
58.7
58.1
52.8
48.9
45.7
49.5
58.3
65.1
72.7
77
82.5
84.7
84.4
75.9
76.5
80.3
84.7
87.2
80.8
69.5
64.5
60.1
58.5
56.3
53.3
52
51.3
65.3
54.8
54.6
61.5
73.3
80.6
82.9
86.9
88.2
80.8
70.3
72.5
74.3
72.8
66.5
65.1
63.7
59.7
55.8
54.2
52
49.1
44.3
41.1
38.5
48.5
53.5
63.5
64.7
65.5
64.7
67.7
63.6
66.3
68.6
74.3
77.3
77.5
72.1
70.8
72.3
69
65.3
61.7
57.7
54.1
52.7
50.1
49.4
51.9
71.3
94.3
95.1
95.3
95.2
95.2
95.5
95.7
95.7
95.9
95.9
96.1
95.9
95.7
95.4
88.1
67
49.7
47.6
47.5
46.3
46.2
46.3
47.2
46.5
56
64.4
65.9
62.5
62.6
89
94.2
93.2
77.8
82.8
86.4
88.4
74.3
73
72.5
69.5
66.9
61.7
58.7
52.8
53.2
50.6
50.5
51.7
55.7
62.9
70
76.3
80.4
83.1
85.9
88.6
89.9
91.2
92.2
93.3
89.4
72.6
65.1
61.7
56.6
52.1
48.8
42.2
41.6
50
50
46.4
50.5
61
64.7
66
61.9
56.9
55.2
52.1
50
50.4
50.4
55.5
57.5
44.7
41.4
42.5
42
42.5
42.4
41.8
40.6
40.2
39.1
38.9
41.5
52.1
59
54.5
53.1
51.2
54.2
53
48.7
47.1
54.4
55
50.3
47.9
45.5
44.9
44
43.3
42.5
41.2
39.8
38.8
38.9
39.2
42.1
56
65
68.5
65.4
63.4
62.8
69.2
78.7
82.4
85.5
86.6
79
63.8
56
51.6
50.8
49.2
46
44.8
43.2
41
40.8
39.9
41.9
53.3
64.2
67.4
60.1
59.4
58.4
58.4
63.4
75.8
79.8
81.7
74.7
61.4
53.5
50.1
48.5
47.4
46.3
44.5
42.6
40.2
40.3
41.8
45.5
52.9
57.5
59.5
60.5
65.2
71.8
75
77.8
81.3
81.3
83
79.8
64.9
54.9
48.1
43.5
42.8
43.9
41.5
37.7
36.3
36.3
38.6
43.7
49.9
53.9
54.8
57
55.5
52.2
57.1
66
67.1
69
70
70.7
69.5
69.4
68
66.8
63.5
59.8
58.5
55.7
53.5
55.7
60
88.7
92.4
90.6
93.7
95.4
96.2
96
95.5
94.9
92.5
91.1
86.4
81.7
75.8
70.3
64.6
60.9
61.1
59.5
55.7
54.8
52.9
50.1
52.7
57.8
61.7
69.8
90.1
93
83
73
70.5
66.8
68.1
72.8
79
66.7
51.2
47.9
43.1
40.8
40.2
41.1
40.9
41.5
38.9
38.6
39.3
42.3
50.2
57.6
54.6
60.1
50.4
50.2
54.8
64
71.1
74.5
74.7
66.6
52
47.3
40.9
39.9
38.2
36.2
37.5
37.5
37.1
36.7
38.3
41.7
51.5
54
55.6
61.9
59.8
61.2
65.4
74
79.2
82.6
82.6
72.6
61.4
54.8
51.7
46.9
41.8
41
40.6
38.6
36.9
36.5
38.8
41.2
49.8
58.4
65.1
70.2
66.9
69.1
74.6
78.2
79.8
81.3
82.9
74.8
59.7
53
50.9
49.8
48.9
46.4
42.2
39.3
36.4
36
38
46
47.9
48.3
52.3
62.4
61.1
55.3
57.1
65.6
67.8
68
70.6
75
75
64.2
62.2
60.1
63
68.9
74.1
65.5
74
92.5
94.4
92.2
77.8
72.5
74.8
74.7
84.2
88
90.5
91.5
92.5
93.9
94.4
89.2
69.2
64.4
62.7
58.1
56.1
52.2
49.5
48.8
47.6
46.1
47.3
49.2
54.7
59.2
61.1
63.7
61.5
63.6
67.5
68
71.8
77
80.1
72.2
52.8
43.9
42.5
43.2
43
42
40.8
38.2
38.7
39
39.8
43.2
53.8
62.8
67.6
68.7
72.4
74.9
76.9
77.4
79.1
80
81
70
54.1
51.6
46
46.5
45
43.7
44
44.3
43.6
43.7
44.7
46.7
51.8
57.2
62
65
70
71.5
70.7
74.7
73.8
78
86
87.2
91.2
95
95.8
88.1
73.6
67.3
58.1
60.9
61.8
64.6
67.7
74.1
76.1
75.8
75.8
75.1
75.2
78.2
81.7
84
84.4
84.5
85.3
82.7
81.7
76
66.8
64
61.1
57.6
54.5
55.9
57.4
56.1
58
63.3
67.6
73.9
79.5
80.7
79.2
75.2
72.4
77.6
77.7
77
77.5
74
68.3
66.4
66.3
58.9
56.6
53
52.2
71.1
75.2
90.8
92.6
74.2
67.5
68
68.5
77
80.2
82.8
82.2
81.7
82.7
84
85.5
79.4
61.5
53.1
51.5
49.3
46.6
45.2
40.9
39.7
39.1
39.5
65.8
89.5
93.3
94.1
79.7
73.1
71.1
71.7
72.1
77.1
83
86.8
89.3
83.6
73.8
59.3
54.9
54
53.6
53.5
50.4
48.5
46.3
51.6
52
63.4
70.3
73.3
69.8
69.1
71.4
81.7
78.3
74.2
69.7
77.3
84.3
76.3
65.9
58.8
56.8
54.3
51.4
51.2
50
45.9
44.6
41.8
42.8
46.2
55
65
69.8
72.2
75.8
77.5
78.2
80.8
82.4
84.5
85.3
74.8
58.1
48.9
46.9
46.1
44.9
44.3
43.3
43.8
44.2
42.6
43.6
47.1
53.1
59.6
67.3
72.5
75.5
78.4
80.3
83
85.3
86.4
87.3
78
61.5
52.5
49.2
48
46.4
45.3
44.2
41.9
41.7
42.8
42.7
46.8
51.8
51
47.9
50
60.3
61.6
60.4
68.6
76
81.1
82.1
72.6
57.5
48.7
46.3
44.9
44
41.9
40.5
38.7
39
37.6
35.8
40.2
49
56.1
65.1
70.1
73.5
76.1
78.3
80.5
82.8
83.7
84.9
74.2
60.1
49.3
44.5
41.2
36.1
36.6
35.3
32.7
25.6
17.7
16.7
26.7
37.1
35.2
31.5
33.1
36.1
32.2
34.5
37.6
51.8
62.3
66.8
58.6
47
39.8
35.1
32.7
32.3
31.7
31.8
33.1
34.9
35
36
38.9
36.7
39.9
44.5
45.9
48.4
50.6
53.4
55.5
62.9
70
72.9
65
53
49.1
51.5
50.2
49.9
48.6
46.8
46.7
44.3
41.9
44.6
49.6
72.2
87
86.8
76.3
91.7
91.4
84
88.8
85.1
85.3
86.6
82.8
80.3
75
67.8
64.5
60.5
60.8
56
53.2
57.8
62.9
56.8
61.9
68.5
72
76.9
78.4
77.9
79.1
74.4
76.8
78.5
78.4
74.6
66.8
68.8
63.2
57.9
54
45.4
40.7
39.9
41.4
45.1
49.1
49.4
53.1
57.7
61.4
63
59.7
60.2
71.5
78.2
80.8
83.5
83.5
83.8
72.6
62.3
54.7
53.1
48.8
47
46.6
46.1
47.2
46.8
45.7
48.3
50.6
55.1
60.3
64.3
68.1
63.6
62.4
68.1
72
72.5
73.7
71.5
59.4
59.6
59
53.6
52.1
48.6
46.1
47
44.9
47.4
46.5
47.8
46.8
54.2
63.6
61.2
57.8
59.5
60
62.4
71.6
77.5
81.7
78.9
70.3
62.1
60.5
64
59.2
53.1
52.5
50.6
51.6
52.3
54.4
55.9
58.2
63.5
67.8
69.9
70
71.6
75.3
80.4
83.6
86
88.4
89.8
83.3
67.6
57.5
53.8
52.7
50.7
49
45.3
42.7
39.8
37.3
35.4
35.5
46
53.5
57.2
63.2
68.6
61
61.3
62.9
69.9
76
79.6
74.9
68
60.6
59.3
54.4
49.5
50.7
51.6
50.4
51.9
54.8
65.3
89.8
93.8
94.7
95.1
94.8
90.8
84.8
75.7
73.7
74.6
72.9
72.5
72.7
73.4
77.7
87.2
89.4
73.2
62.7
73.1
88.4
90.6
80.5
66.7
63
71.5
70.8
80.2
87.7
89.7
91.2
92
92.8
93.2
93.6
93.8
79.5
63.6
62.3
62.5
58.4
55.5
51.1
49.4
50.6
52.8
58.6
58.4
60.4
63.8
71.1
79.5
83.2
84.4
85.1
85
76.2
71.2
73
72
71.9
66.7
65.5
60.5
56.3
52.8
54.3
53.3
51.1
48
50
50.6
52.1
57.7
63.3
67.2
67.2
67.5
68.7
75.9
80.2
82.6
86.1
84.5
77.6
70.7
62.8
58.6
57.6
57.8
56.9
58.1
57.7
55.6
52.2
52.8
56.7
62.2
67
68.1
69.2
70.9
73.9
74.8
75.9
80.2
83.4
82
78.1
69.7
65.5
61.3
58.4
55.9
55.3
54.6
53.1
52.5
51.7
51.6
53.9
60.5
68.8
72.5
76.4
80.2
79.3
71
69.9
74.2
81.1
81.9
77.5
72.2
69.5
76.3
61.7
57.2
53.7
52.8
51.2
50.1
46
47.6
51.7
62.3
63.4
60.2
60.9
63.6
65.8
72.4
89.3
86.7
89.2
89.8
84.9
74.1
60.9
56
54.9
51.8
52.9
50.5
48.4
47.6
46.2
46.7
49.9
57
67.7
74.1
76.5
78.8
80.5
81.3
81.9
83.7
86.3
87.1
79.8
66.4
55.6
53
52.5
51.2
51.4
50.4
47.9
47.1
47.2
47.5
49.8
55.9
66.5
72
75.5
77.5
70.8
73.7
79.1
81.8
83.4
84.4
76.3
61.9
54.4
51.5
51
52.1
51.4
50.9
49.3
49
47.5
49.6
52.1
59.8
63.5
60.9
58.6
59.3
59.6
59.6
68.1
77.8
78.5
78.5
74.6
67.5
66.4
62.5
58.4
55.5
55.3
53.2
51.1
50.4
50.3
51.4
55.4
58.7
62.9
66.2
66.5
66.2
64.4
59.4
58.1
62.9
70.6
74.3
70.5
64
61.2
58.6
53.1
50.1
46.7
42.5
41.2
42.9
43.1
42.9
45.9
53.6
63.5
68.9
70.6
73.6
74.8
69.3
67.6
68.5
74.9
79.2
72.5
65.3
59.4
59.1
54.3
53.3
53.2
52.9
53.7
57.2
59.5
61.9
62.3
67.8
71.8
74.6
74.3
72.2
76.7
78.9
81.5
83.1
85.9
87.1
82.3
76.4
68.4
64.3
60.2
59.4
57.6
52.6
50.4
48.4
48.6
47.5
49.8
54.2
64.3
65.4
68
71.6
74
74.3
73
69
63
60.8
59.9
53.6
51.9
48.9
47.3
45.6
46.9
46.8
47.8
49.2
51.8
51.2
54.6
60.9
68.9
75.7
79.3
81.6
83.1
85.3
85.8
87
88.3
75
68.2
66.3
57.5
54.5
52.1
49.3
44.5
41.2
39.8
39.3
39.3
39.5
44.4
50.1
60.2
67.3
71.1
73.5
76.3
77.9
79
80.1
81.4
81.9
73.4
59.7
52.2
48.7
47.9
46.4
45.4
44
43
41.7
42.4
44.2
48.7
55.4
87.8
92
83.1
76.8
72.4
81.2
86.6
88.3
89.7
90.8
84.3
70.6
63.6
61.8
58.3
56.8
54.4
51
45.8
47.3
50.8
56.2
58.8
62.3
66
69.5
75.1
78.5
77.7
66.3
64.6
62.9
65.3
74.6
72.9
67.3
60.4
60.6
56.3
53.3
50.5
55.6
63.2
65.5
60
60.4
57.8
59
62.7
63.2
70.9
74.8
78.3
63.6
74.5
80.2
82
81.6
81.8
80.5
85
76
58.5
50.6
58.1
55.5
47.8
50.4
53.1
56.8
66.5
62.8
71
88.3
94.2
95.2
80.7
72.8
70.5
70
74
74.4
68
62.3
56.8
57.8
58.7
54.8
50.7
47.1
40.5
40.1
39.5
39.5
40.8
47.5
60.3
67.5
70.3
74.7
75.8
78.9
81.3
84
84.5
84.4
75.9
65.5
59.3
49.5
46.4
44
46.4
42.5
42
41.1
36.6
37
37.8
48
56
57.3
52.6
62.4
65.8
64
62
66.5
67.4
67.2
63.1
62.3
60.9
57.2
52.8
52
49.4
46.4
42.5
40.6
41.5
42.8
47.9
62.4
67
63.6
63.2
64.3
88.1
92.5
84
86
94
95.7
96.1
96.4
96.1
82.9
71.7
63.5
52.4
49.8
64.9
53.5
47.9
49.6
58.9
68.5
75.4
78.4
85.8
89.8
91.2
92.9
94.5
95.7
95.9
96.7
90.1
71
65.1
62.1
60
58.5
55.9
52.1
63.8
53.8
50.3
52.3
57.5
62.8
60.3
63.7
64.5
62.4
70.5
77.2
81.9
85.8
88.5
89.8
81.7
66.3
58.6
55.3
55
55.5
54.7
52.6
53.7
52
53.2
54.5
55.5
62.6
72.4
78
81.5
83.2
85.2
88.8
90
91.8
92.9
93
86.7
71.5
65.8
62
60.3
58.7
57.1
56.2
55.7
55.5
54.6
54.5
58.9
65
64.7
63.4
69.5
69.4
65.5
64.5
66.5
69.6
78.2
83.7
79
67.3
62.1
62.1
61.6
61.5
59.1
55.6
52.1
51.6
53.9
57.3
60
64.5
71.8
76.1
74.2
74.4
76.8
83.5
87.5
90.1
91.8
94
90
77.4
71.7
67.1
65.6
65
64
64
63.9
60.6
56
53
54
64.4
70.9
76.3
78.4
75
81
79.6
82.5
87.9
92
93.7
91
84.5
76
69.7
68
67.2
65.5
64.5
62.3
61.7
59.9
59.5
60.7
67.2
72.4
79
82.4
85.2
86.5
86
87.1
87.3
88.9
90.5
87.3
72
66.4
65.2
63.6
64.4
66.4
59.2
56
53.6
56.8
59.2
60.6
66.6
69.4
72.5
78.5
81.7
81.8
82.8
85.1
85.1
86.5
87.6
83.8
75.2
67
64.1
59.3
59.5
60.9
61.3
61.2
65.8
67.7
61
63
66.1
68.3
75.7
80.8
83.7
85.5
87.4
88.1
89.3
91.4
92.9
88.3
74.8
68
66.1
64.5
63.6
60.9
57.8
56.5
54.9
56.3
56.8
60
66.2
73.5
78.3
81.3
84.7
87.1
87.8
88.8
89.4
90.9
92.4
86.8
73
64.9
65.1
62.9
60.3
59.1
58
56.7
56.9
56.8
58.5
59.8
67
73.3
79.3
83.7
86.1
87.4
89
90.5
91.5
92
93.3
87.8
73.9
64.1
63.7
64.7
64.4
64.8
62
60
59.3
57.6
59.1
60.9
65.9
73.6
80
83.2
84.3
85.1
79.3
70.5
72.4
75.7
77.3
73.7
69.1
68.3
82.3
97.3
98
98
98
98
98
98
98
98
98
98
98
98
98
97.9
94.2
94.2
97.8
97.9
97.9
95.3
83.8
73.8
68.3
66.8
64.9
64.3
64.1
65.3
64.6
65.3
68.3
84.5
91.8
95.3
94.3
93.7
91
79.1
75.7
88.6
94.7
92.5
92.5
92.5
82.2
77.3
71.6
66.1
67.5
66.5
68.9
69.2
65.3
67.5
69
68.3
70.7
75.4
80.2
84.2
86
86.7
84.9
76.8
83.5
83.6
85.5
88.2
91.8
86.5
79
76.5
73
67.6
67.5
67
64.1
63.8
66
69
74.2
78.5
76.8
72
72.3
73.8
71.7
75.7
75.8
71.2
65.8
63
63.2
65.3
63.4
62.8
61.2
61.5
61.6
62
61
64.4
64.9
67.6
70.3
69.5
70.1
70.4
67.7
64.2
64
68.4
66.4
74.5
70.1
69.5
60
58.7
60.4
55.6
56
57.9
58.4
57.7
57.8
56.7
58.9
62.1
69
74.2
78.5
82.6
78.9
73.5
73.1
66.7
74.5
76.6
85.9
84.8
72
63.3
62.3
62.9
64.1
63.5
63.1
63.1
62.2
63.1
64.6
67.7
72.6
77.1
83.3
86.5
83.3
84.1
86.7
91.2
94.4
95.8
96.5
94.4
84.9
73.5
68.3
66.4
67.3
66.8
66.6
64.3
64.2
64
66.5
69.7
75.5
81.9
87.4
89.4
91
93.8
94.9
95.7
95.7
96.2
97.7
94.5
84.3
75.5
70.8
68.3
70.4
70.9
67.7
67.7
67.1
67.4
68.2
71.5
78.5
86.4
89.5
92.8
94.7
96.1
92.8
82.6
78.8
78
85.7
89.5
87.6
83.9
79.4
75.7
74.6
73.5
71.5
72.5
71.3
72.1
73.8
76.7
82.8
86.5
89.1
86.2
89.2
92.2
94.6
96.9
98
98
98
97.1
93.9
87.6
83.2
80
75.7
75.2
74.1
72
76.7
78.3
73.5
67.4
72.4
81
89.5
95.6
95.1
95.9
92.3
89.8
95.4
96
97.9
97.3
92.3
86.7
82.5
81.7
77.2
76.6
74.1
74.1
74.6
72.8
78.8
81.5
85.4
88
89.5
91.5
94.8
96.5
97.9
97.9
98
98
98
97.5
90.3
89.6
88
84.5
76
71.5
71.1
69.6
70.5
69.7
73.4
78.5
82.2
94.6
98
98
98
98
98
97.9
97.9
97.9
97.9
97.9
92.4
81.5
81.2
79.4
76.7
80.8
94
98.1
97.9
90.7
87.3
89.7
91.8
95.7
97.1
97.3
97.9
97.9
97.9
97.9
97.9
97.9
97.9
98
93.5
84.2
76.8
74.1
72.8
74
72
69.2
66
67.3
66.5
73.3
83.2
90.2
95
96.1
92.9
90.8
88.8
95.2
97.9
98
98
98
98
97.8
93.1
87.9
86.2
80.2
77.3
74.7
73.3
72.2
72.7
77.6
83
84.7
84.9
88.6
87.3
91.5
95.2
96.9
97.9
97.9
97.9
97.4
94.2
90.4
82.1
78.1
76.2
74.4
75.2
78.6
81.8
87
86.7
87.4
89.2
90.1
91.2
94.7
97.6
98
94.3
93.3
91
90.7
90.4
93
86.9
85
81.6
81.2
77.9
78.5
75.1
77
78.1
78.4
77.1
77.7
81
83.7
87.1
82.4
81.6
81.1
81.2
82
78.3
71.8
77
80.4
82.6
83.3
78.4
75.2
69.7
68.6
69.3
68.2
69.5
68.7
69.4
73.7
80.3
86.8
90.2
91.8
92.4
93.9
97.3
97.7
96.5
97.1
96.6
98
91.5
83.9
81.5
79
80
77.7
74.5
73.3
74.3
71.9
73.4
77.1
72.8
77
79.4
85.8
84.9
79.2
78
77.7
81.2
84.3
87.7
87.8
81.3
81.9
78.6
75.8
75
71.5
68.3
65.2
63.6
62
61.2
64.3
67.1
73.3
78.6
84.3
85.8
90.8
94.7
93.3
89.8
89.7
90.1
91.1
80.4
79.6
73.1
67.3
65.7
65.4
64.1
62.6
61.5
61.8
63.7
69
75.7
83.5
85.6
87.3
90.1
92.4
95.4
95.4
93.3
92.3
93.9
91.6
74.3
67.6
65
59.9
57.4
56.7
58.3
58.9
58
57.1
61.6
67.8
74.4
76.5
75.4
75.5
76.5
75.5
65.8
63.9
64.6
65.1
65.5
63.8
60.4
61.1
62.9
63.1
63.6
60.7
58.5
57.8
58.5
60.9
62.6
65.8
71.3
75.7
79.5
83.5
78.5
77.4
81.7
87.7
89.3
90.2
91.2
91.3
81
71.9
65.8
63.4
60.4
60.7
62.3
62.6
59.1
56.9
61
67.4
69.8
75.8
84.7
86.7
86.5
80.1
72.7
69.6
69.3
74.2
78.5
83
77.5
71.5
70
67.8
68.8
70.1
65.4
65.1
65.3
62.2
64.6
68.1
70.9
70.5
69.9
73.6
74.5
75.5
76.7
81.7
86.5
82.8
81.4
84.1
78.7
73.7
71.3
68.2
67.4
66.6
63.9
60.6
59.9
62.1
65.1
68
68.1
68.2
70.9
76.9
77.1
78.3
79.8
81.3
81.8
81.1
80.6
79.8
79.1
NA
68.6
72.4
66.9
64.8
63.3
64.6
63
60.3
60.9
66.6
66.6
66.4
72.9
77.5
81.4
77.9
71.4
69.6
71.7
78.9
78.2
75.5
78.5
78.3
93.6
82.5
69.3
66.3
68.3
68.7
79
74
68.1
64.2
64.2
76.7
82.9
87.8
93
93.3
95.5
97.7
97.8
97.8
97.8
97
78.6
66.5
60.2
59.1
58.1
55.1
53.1
52.7
52.3
52.6
51.8
57
68.3
75.5
79.3
76.7
74.8
75.6
74
73.4
80.4
88.7
92.2
92.6
79.9
70.8
65.8
64.2
63.8
64.6
63.5
60.4
58
56.2
57.6
62.3
71.4
80.1
84.3
85.8
86.9
85.5
80.2
80.7
84
87.8
90.6
89.6
82.3
76.1
74.3
79.4
74.3
72.1
67.3
65.5
63.9
60.8
65.4
67.3
72.7
77
81.9
85.4
88.1
90.4
87.3
86.3
83.5
85
86
87.8
82.9
80.6
76.6
71.9
67.8
64
61.4
62.1
60.8
61.5
63.1
65.1
70.8
75.6
80.3
84.2
85
84
84.9
84.1
92.3
98
98
98
98
87
79.2
76.5
70.6
66.1
63.8
59.6
50.9
49.9
50.9
55.8
60
68.2
77.5
75.1
73.2
75.8
82.3
87.7
92.7
95
95.4
93.8
78
65.4
60.5
60.8
59.5
59.8
58.1
54.5
50.6
49
48.3
55.4
68.2
74.3
79.3
82.8
84.3
80
82.8
87.8
90.8
92.7
93.8
92.9
79.4
70
63.2
61.3
60.8
58.4
56.3
58
57.4
55
55.6
59.2
64.1
70.5
73.8
74.8
77
71.8
71.9
81.8
83.8
87
91
91.7
82.3
76
71.4
69.3
66.3
64.9
63.6
62
59.9
56.7
58.4
64.2
73.7
79.7
83.4
85.3
86
83.2
82.1
97.5
98
98
98
98
98
92.3
76
73.3
69.6
66.6
64.1
63.7
62
60.7
61.6
67.8
79
85.5
86.1
84.5
82.8
82.5
81.3
80.9
81.8
86.9
90
89.2
87.2
83
78.3
70.8
69
69.1
66.3
64.3
64.2
62.8
64.3
73
81.6
77
79.3
80.1
84.2
90.3
93.7
91.8
90.1
88.9
86.7
85.1
82
79.1
73
72
70.3
68.5
65.8
67.8
66.9
69.4
70
74.6
78.7
79.3
84.9
87.4
82
84.7
89.5
90.8
94.1
96.5
97.7
97.2
86.5
78
74.4
71.8
69
66.5
65.8
64.7
64.1
62.7
64
71.1
80.4
86.9
89.4
91.5
92.7
94.5
94.8
97
97.8
97.9
97.9
97.9
92.7
78
70.7
68.9
69.1
66
64.5
62.2
61.5
65
66.5
74.2
82
87.7
90.6
92.3
94.4
88.5
83.4
83.1
87.9
94.1
97.2
97.9
93.2
79.3
72.5
70.5
69.7
69.5
67.1
62.8
63
62
67.2
74.9
70.7
76
79.5
76.2
71.1
72.8
82.4
77.8
75
72.3
73.5
73.6
72.3
69.5
65.2
64.9
65
63.2
62.3
61.3
61
62
63.5
68
69.4
67.9
68.6
68.9
68.8
67.2
67.2
68.1
69
67.9
67.7
68.4
68.1
67.2
63.5
62.2
58.5
57.5
57.1
55.1
55.2
54.2
56.2
64.1
72.7
75
78.2
82.3
84.2
86
88.1
89.7
91.8
93.9
96.1
96.1
92
79.6
67.3
62.4
60.6
59
59.7
60.3
58.9
59.7
61.7
68.9
77.2
80.6
82.8
76.7
83
86.4
87.7
89.3
90.7
92.2
94
95.5
86.7
71.1
65.6
62
59.5
58.7
58.2
57.5
58
58.4
60.6
68.8
76.5
79.8
82.3
84.5
75.8
69.4
76.2
83.3
87.2
90
91.7
93.6
85.1
72.1
66.2
65.3
63.9
61.7
61.3
61.4
61.2
61.7
63.5
67
69.5
71.8
71.5
71.4
68.1
69.4
71.3
73
74.3
74.2
74.9
76.6
77
75.3
70
67.3
65.1
62.6
62.9
60.2
59.4
61.7
64
69
71.6
71.6
72
76
78.5
75.1
73.6
77.9
85.3
88.2
90.3
91.4
83
73.3
68.8
66.3
65.5
62.7
62
61.7
61.3
62.5
66
68.8
70.5
71.3
69.9
73.9
78.2
78.7
76.2
76
76.2
76.7
79.3
81
81.2
79.5
78.8
79.7
87.6
86
82.8
79.3
73.8
78.4
80.7
89.3
93.5
96
95.2
95.8
97.8
97.9
97.9
97.9
97.9
91
87.3
86.9
84.2
82.3
87.4
92.7
97.7
83.2
74.8
68.8
67.9
69.7
73.3
78.3
82.6
87.2
89.3
90.7
93.1
91.1
84.4
86.3
89.1
91.7
94
94.5
90.3
86.3
78.1
75.7
89.4
97.9
97.9
97.9
97.9
97.9
97.9
97.9
97.9
97.9
97.9
97.9
97.9
97.9
97.9
97.9
97.9
97.9
97.5
97.5
96.4
90.7
86.5
82.2
77.1
75.2
75
74.8
66.3
65.3
67.5
75.6
79.3
82.9
85.2
89.4
93.1
94.8
95.7
96.4
88.2
81.2
93.7
95.6
96
95.7
92.6
80.6
74.9
71.3
63.5
59.5
62.4
61.8
65.1
71.3
78.6
84.9
87
88
89.6
90.4
91.4
92.2
92.1
92.7
93.1
93.6
93.7
73.1
57.4
56
54.5
52.8
49.6
51.9
50
51.5
55.1
65.5
67.3
70.8
70
66.9
69.1
72.5
77.5
81.1
84.1
85.2
87.1
88.9
86.3
60
52.6
52.4
51.4
50
48.9
47.7
46.9
48.4
53.6
65.7
75.9
80.7
82
85
86.4
87.5
88.7
89.7
90.3
90.8
91.3
91.6
92.1
78
64
60
56.3
53.5
51.3
49.6
50
49.9
56.3
62.2
64.2
65
65.6
66.7
70.1
71.2
75.2
82.9
84.6
86.4
87.8
89.5
86.5
69.3
62.5
59.6
54.7
51.4
49.9
48.9
47.6
52
55.8
66.3
73.8
77.6
80.9
84
85.1
86.7
87.9
88.7
89.6
90.4
91
91.8
92.4
78.6
64.4
59.7
57.9
55.1
52.2
50.9
50
53.3
58.8
63.6
64.6
66.3
72.1
69.1
69.9
72.6
79.5
85.8
88.2
90
90.9
91.7
92.6
83
66.2
62.2
59.3
51.4
50
43.5
42.1
41.8
43.2
51.5
65.6
69
68.6
72.1
66.7
65
74.1
80.8
83.4
86.3
87.8
90
88.1
72.4
58.7
48.7
46.8
45.6
43.2
40.7
39.3
41.1
45.7
51.5
56.5
57
59.5
61.7
62.4
64.8
66.6
68.8
68.6
69.1
68.2
67.5
66.1
64.7
64.3
62.7
61.3
56.3
51.5
42.3
57
67.1
90.2
92.2
80.7
74.3
74.6
74.8
79.5
82.5
78.7
77.5
76.9
76.9
76.8
73.2
72.7
64.3
58.6
57.1
52.4
44.8
38.2
32.3
28.8
29
38.8
50.3
48.4
55
55.3
65
72.6
78.3
80.8
82.6
83.2
83.7
85.2
87.3
79.9
58.9
51.3
50.1
46.4
42.6
38.5
39.9
41.2
36.8
39.6
49.9
49.9
51.4
59.5
68.1
71.9
76.5
80
82.3
84.7
86.8
88.1
89
88.5
66.3
52.4
51.4
49.6
48
46.3
44.5
43.7
44.3
49.4
61.6
68.6
73.7
77
75.2
63.1
72.2
79.7
82.2
84.3
85.1
86.3
87.1
82.4
64.5
52.9
49.4
47.3
43.4
41.3
41.4
42.4
46.1
52.8
61.9
67.3
71.3
73
77
79.6
81.2
82.7
84
86
86.8
87.6
88.8
89.2
69.3
56.5
53.1
51.5
51.2
52.3
55.5
54.2
56.3
59.9
65.5
68
71.1
71.6
73.9
72.6
70.2
69
70.3
72.5
71.7
76
84
84.9
71.2
61.7
59.4
60.9
59.5
57.4
53.9
55.9
56.5
61.4
72.8
79.2
82.5
83.4
85.3
83.4
83.8
83.5
84.3
86.8
86.1
87
88.1
83.4
76.7
73.2
68.6
64
60.8
59.9
58.4
56.2
59.6
66.8
70
71.5
71.9
71.7
71.9
73.6
71
71.5
74.9
76.7
85.1
87.4
88.8
88.6
81.8
73
70.1
67.1
65
62.6
60
58.8
63.8
67.7
75
77.3
79.7
80.7
82
83.6
83.3
85
85.5
86.3
86.5
86.9
88.5
88.6
80.7
74.9
71
68.9
65.3
62.3
60.8
61.3
63.9
71.5
75.3
75.4
77.8
79.5
79.3
80.4
84.5
87.2
88.9
89.7
89.3
87.3
87
88
83.7
77.7
73.1
70.5
68.5
69.1
67.1
67.2
68.9
72.4
77.5
79.1
82.3
84.7
86
87.2
86.6
86.4
85.6
85.3
86.3
89.4
90.5
91.6
89.9
75.1
67.3
67.5
67.4
61.8
60
60.3
62.2
69
77.2
81.2
84.5
86.1
88.1
89.4
88.2
79.5
82.1
85.1
88.7
90.3
91
92
88.7
75.7
71.3
68.1
66.3
66
63.2
62.9
66.4
73.5
78
77.7
77.1
76.3
78.8
81.7
81.2
85.3
86.9
89
89.5
88.7
88.3
89
86.2
81.5
76.5
72.1
67.2
66.5
63.2
69.5
72.9
75
78.3
81.4
82.6
85.7
87.1
88.8
90.7
90.2
90.9
90.9
90.4
90.2
90.6
92.2
88
81.4
77.5
74
69
64.7
65
63.2
64.6
69.2
72.7
73.8
76.9
81.3
83.9
85.9
82.8
75.3
79.5
83.2
86.9
86.3
88.7
89.3
77.1
72.4
65.5
61.7
60.4
60.2
61.2
63
63.8
66.8
72.4
75.2
70.6
75.6
77.6
79.6
81
80.1
80.6
84.2
87
88.9
90.3
90.9
83.4
77.9
70
69.1
81.1
93.2
92.5
82.5
76.2
78.3
77.6
75.9
76.1
73.9
79.8
82
88.7
94.3
94.6
94.8
95.1
95.8
94.3
91.8
89.4
86.6
83.3
78.8
75.6
69.3
70.2
72
74.7
73
72.1
71.3
78
83.5
78.1
77.7
76
78.8
84.8
87.8
88
85.6
86.3
87.2
82.7
75.4
68.2
64
60.5
59
60.5
60.8
61.4
65.2
66.6
69.8
75.8
78.4
68.6
66.9
65.9
65.8
66.8
66.3
70.4
71.7
69.8
70.1
68.5
67.2
64.1
58.8
56.2
54.4
55.3
56.8
60.9
65.2
70.2
76.3
80.5
82
84.2
86.2
84.7
77.7
81.3
84.8
87.3
87.7
86.2
86.2
78
70.7
65.9
62.3
62.6
66
67.7
69.8
71.6
72.4
73.7
75.4
77.8
81.4
91.2
94
95
95.5
95.6
95.7
96.1
96.3
96.4
96.5
96.5
96.1
95.8
94.7
89.9
81.6
81.3
81.9
81
80
79.9
82.2
88
94.2
95.5
93.8
87
83
81.2
80.4
90.2
94.9
92.3
90
93.8
94.5
77.2
65.7
66.8
65.3
60
62.9
68.5
76.5
73.6
67.5
69.6
67.2
72.2
72.9
59.7
63
69.8
73
79.8
86.6
86.1
80.6
69.7
63.3
61.3
60.6
57.6
53.4
51
48.7
53.4
67.7
75.2
81.3
83.3
87.2
89.3
90.1
90.7
91.5
92.2
92.8
93.3
93.9
93.8
94.3
93.5
89
73.3
69.1
68.7
65.7
67
70
73.9
77.8
81.1
84.2
85.3
84.4
85.2
85.9
85.8
85.3
86
86.2
88.9
93.6
93.7
94.9
95.5
95.5
95.5
95.5
94.9
95.2
95.9
96.3
96.1
96
96.5
96.5
96.5
96.5
96.5
96.7
96.5
96.3
96.3
96.2
96.3
96.3
96.1
96
95.8
95.5
95.7
94.7
93.7
93.8
93.8
93.6
93.6
93.7
94
94.3
94.5
94.9
95.8
95.8
96.1
96.2
95.9
95.8
95.8
96
96
96.2
96.2
96.1
96
95.3
91.3
84.9
82.5
82.7
84.2
87.5
89.3
90.8
91.8
91.9
90.4
90.2
90.1
90.3
90.5
90.3
90.3
91.3
92
94.9
96
96.3
96.7
96.4
96
88.6
79.1
81.8
84.3
86.8
87.5
88.2
90.5
91.7
91.9
91.7
91.5
91.6
91.6
91.6
92
92.4
92.8
92.9
93.1
92.3
87.3
85.7
76.9
75.9
75.3
75.9
81.4
87
89.3
89.4
89.3
89.1
89.7
90.5
91.6
91.8
91.8
92.5
92.9
93.1
93.6
93.4
93.4
93.6
92.4
88.4
84.3
80.3
80.3
83.1
88.3
90.8
91.8
92.4
92.2
91.9
91.8
91.8
92.5
93.1
93.3
92.9
92.8
92.8
92.9
93.5
92.6
90.2
89.3
85.8
84.7
84.5
82.4
82.1
84.2
86
85.3
84.1
81.3
81.7
82.7
82
78.2
78.8
78.3
78.1
77.8
77.2
75.6
79.4
82.8
83.5
72.6
76.3
76.9
75
76.7
75.7
76.5
88.2
89.5
92.3
94.2
95.5
93.6
80.4
78.4
84.8
88.4
92.8
95.5
96
96.8
96.9
96.6
96.2
95.9
92
82.5
80
75.2
74.8
79.2
86.2
88.7
88.6
89.4
90.2
90.3
89.7
90.7
90.9
90.3
91.1
91.2
91.5
92
91.6
84.9
80.9
80.1
79.3
80
74.3
74.2
75
76.3
68.4
72
76.5
82.9
74.6
69.2
69.1
83.9
85
78.7
77.6
83
82.6
88.4
90.1
88.1
90.9
87.4
79.4
77.9
78.8
82.8
85.8
84.4
84.3
83.8
86.8
88.8
90.2
91.3
92.3
91.3
84.5
78.3
85.3
87.7
88.4
90.9
92.4
91.2
81.3
73.6
71.5
70.1
71.2
71.3
72.5
78.8
85
87.7
90.1
91.3
91.5
91.9
91.5
92.8
93.7
95.1
95.9
96.2
96.2
96.6
96.1
96.2
96.4
96.3
96.3
95.7
93.4
88.3
86.2
87.5
89
90.8
91.5
91.5
90.8
78.5
75.3
87.2
85.9
90.2
90
90.5
91.5
93.8
95.3
89.6
84.3
81.8
85.7
91
87.4
80.6
76.5
83.3
94.3
93.4
81.9
87.5
92.7
95.1
95.6
95.8
96.1
96
96.2
96.5
96.5
96.3
93.9
83.5
73.2
67.5
70.8
70.9
72
72.2
71.9
76.5
79.3
84.2
83.6
82.6
83.8
87.4
90
91.3
92.4
92.6
93.1
93.4
93.9
94.5
94.5
94
94.4
77.6
65.6
63.2
58.7
58.4
67
74.5
81.9
86
89.3
90.7
91.2
91.4
91.4
91.8
92
92.1
92.3
92.5
93.1
93.9
94.6
94.6
89.5
66.8
63.8
60.6
60.8
64.1
71.8
76.1
83
88.2
89.4
90.5
91.2
91.8
92.3
92.9
93.2
93.5
94
94.5
94.7
94.9
95.6
95
84
73.5
68.4
65.3
66.2
67.5
70.5
76
81.3
79.7
78.5
82.5
82.9
82
78.7
81
83.5
85.1
86.2
87.6
85.3
83.6
86.2
86.3
85.1
87.8
88.7
85
80.9
80.1
81.8
84.8
86.6
86.7
86.8
87.5
89.2
90.3
90.9
90.7
91.3
92.7
88.5
85
73.1
72.2
75
72.5
69
65.4
62.1
58.7
58.3
56.8
60.5
67.4
69.1
67.3
66.8
66.9
70.3
78.9
80.2
80.2
78.5
83.2
88.3
90.5
88.8
91
92
87.3
65.1
56.1
50.5
48.1
45.7
47.9
48.7
54.3
62.5
61.1
54.5
71.9
76.3
77.8
81.6
84.1
84.5
87
87.7
89
90.5
91.2
91.6
89.7
62.1
46.5
43
44.2
48.3
56.4
64.5
70.3
73.4
74
77.2
69.1
69.3
71.6
73.6
73.9
78.1
83.8
87.6
90.3
92.3
92.1
89.9
88.3
91.5
94.2
95.4
94.6
94.2
93.7
93.5
95.2
96.1
96.5
96.8
97
97.1
97.2
97.3
97
97.4
97.6
97.7
97.7
97.7
97.7
97.7
97.3
97.1
97.1
96.4
96.1
96
95.7
95.5
94.8
95.1
95.5
96.4
96.6
96.9
97.1
97
97
97.1
97
97.1
96.9
97
96.9
96.8
96.9
96.6
96.3
96
95.7
93
90.2
85.1
87.5
89.6
91.9
93.5
94.8
95
94.6
95
95.2
95.3
95.5
96.3
96.2
96.3
96.7
97.1
97.2
95.9
94.1
81.3
75.2
74.1
72.8
72.8
76.6
84.1
87.5
88.9
89.9
91.7
90.8
85.7
85.2
87.7
85.9
84.9
85.6
86.4
70.2
53.5
54.2
38
38.7
32.6
31.4
32
29.9
30.4
42.4
60.7
61.7
45
56.6
57.6
59.9
58.5
56.9
55.6
56.7
64.4
69.5
71
71.4
73.5
73
72.7
66.7
60.9
51.1
48.1
50
57
68
71
64.8
58.2
56.2
60.1
71.5
79.7
83.3
85.8
87.8
88.4
89.5
90.1
90.9
91.5
91.6
70.8
55
54
50.7
48.4
45.9
48.8
59.9
75.3
81.2
85.3
87.9
89.3
90
90.5
73.3
81.5
86
88.2
89.6
90.7
91.7
92.1
92.8
77.1
61.1
59.1
59.2
58.4
58.5
61.3
70
78
84.3
87.2
89.1
90.1
90.6
91.1
91.8
92.4
93.2
93.8
94.2
94.7
95.6
95.7
95.5
93.5
79.7
67.2
62.6
61.5
59.9
62.6
70.7
79.4
85.3
89.4
91.4
92.5
92.3
91.9
89.3
88.3
88.1
86.8
82.9
79.9
83.4
86.2
85.5
73.9
72.5
68.2
64.1
60.5
56.9
42.4
23.1
26.5
28.6
27.6
26.4
25.5
25.9
37.9
53.2
62.5
67.5
67.1
65.5
66.9
67.5
72.2
69.9
48
36.1
36.9
36.5
34.1
36.7
36.8
44.2
49.6
54.8
65.4
73.4
75.6
77.6
77.1
77.8
76.1
78.9
79.7
82.1
84
84.7
86.3
86.5
60.5
48
38.9
32.4
31.9
31.4
33.3
45
61.1
70.4
73.9
76.5
78.4
80
79.7
81.9
82.7
83.9
84.5
84.2
84
84.1
82.5
79.1
66.5
59
55.4
54.9
56.8
57.6
58
64
72.1
74.5
76.8
76.9
80
82.1
81.8
81.3
82.4
84.1
85
85.3
88.5
88.4
89.7
88.7
76
69.2
66.1
63
60.6
59.5
62.3
70.9
81.7
86.4
88
89.5
90.7
91.5
92
92.5
92.8
93.5
94.2
94.6
95
96.4
96.7
96
86.9
67.8
65.2
64.3
64.2
65.1
67.5
71
73.2
73.2
74.2
74.6
76.9
85.5
88.2
88.6
89.5
90.3
90
89.3
88.4
87.6
88
88.3
87
77.2
73.5
72.5
70.4
70.5
69.3
74.9
83.6
85.1
84.3
84.6
87.8
88.6
90.3
91.5
91.9
92.3
92.6
93.6
93.8
94.2
94.6
95
94.7
93.5
86
75
72.4
77.6
79.4
78.4
80.3
81.7
82.4
84.5
85.2
85.8
86.7
87.8
88.5
89.1
89.9
90.9
91.1
91.7
92.5
92.9
93.3
86
78.2
75.7
74.1
75.8
78.8
83.9
88.7
90.3
91.2
91.9
92.7
93.2
93.8
94.1
94.4
94.8
95
95
95.3
95.7
95.8
96.1
95.4
93.5
90.8
76
70.9
72.8
77.7
83.1
88
90.3
91.3
88.5
87.2
88
89.5
89.3
78.7
70.7
72
78.3
83.4
88.4
93.1
95.6
96.3
96.5
96.8
96.7
97
97.4
90.8
78.6
74.2
78
87.9
94.6
90.5
90.6
90.3
92.5
94.7
94.8
94.3
94.9
94.4
94.1
95
95.7
97
97.4
96.7
94.9
95
90.4
77.2
87.5
90.9
92.2
93.4
93.3
94.3
94.7
95.4
95.1
95.2
87.5
90.4
94.1
95.6
96.2
96.4
96.8
96.8
96.7
94.6
77
74.3
78.9
80.2
81.6
89.6
92.3
91.7
91.6
91.8
91.8
92.4
93
93.4
93.5
93.8
94.3
94.2
94.4
95
96.1
96.8
96.6
96.6
96.2
95.1
91.4
85
87.6
90.9
92.9
93.3
93.8
94.5
94.9
95
94.8
94.7
95
95.3
95.8
96.6
96.4
96.5
96.5
96.4
96.4
96.8
96.5
95.5
94.1
93.2
93.3
93.8
95
95.5
95.5
95.6
95.4
95.2
95.7
95.8
95.9
96.1
96.1
96
96.4
97.2
97.3
97.2
96.7
96.3
95.8
92.3
87.9
87.8
89.9
91.1
91.5
91.9
92.2
92.8
93.5
93.9
94.5
94.9
95.2
96.2
96.8
97.1
96.9
97.1
97
97
97.1
96.5
96.4
96.1
95.1
92.7
91.6
92.3
92.2
92.7
93.6
94.3
94.8
95.2
95.2
95.3
95.6
95.5
95.5
95.5
95.8
95.9
96.1
96.1
95.8
90.3
81.7
78.8
83
84.2
87.4
90
91.9
93.2
94
94.5
94.9
95.2
95.3
95.8
96.4
97
97.1
97.1
97.5
97.6
97.4
95.6
92.3
72.3
65.8
66.3
62.5
65.4
76.5
87.3
89.5
91.6
92.5
93.1
94
94.5
95.2
95.4
95.8
96.2
96.1
96.5
96.5
96.7
97
96
94.4
93.5
80.8
73.7
72.7
76.9
83.5
88.7
89.7
89.4
89.5
91
92.2
93
93.7
94
93
93.3
93.4
93.8
94.2
94.8
95.5
95.5
83.7
64
60.6
63
63.1
65
74.1
84.4
86.3
88.8
91
92.3
93.2
93.6
94.3
94.7
94.7
95
95.3
95.9
96
96.4
96.5
94.9
83.2
61.6
57.3
61.5
64.2
67.1
76.6
87.1
89.3
90.8
92
92.9
93.1
93.5
93.9
94.5
95.1
95.1
95.3
95.1
95.5
95.6
95.5
93.3
71.2
59.6
54.3
54.7
54.2
58.1
71
82.1
86.1
88
89.3
89.4
89.3
90
90.8
91.5
92.2
92.4
92.7
93
93.4
93.9
93.8
87.3
63
56.6
53.4
51.3
51.9
54
67.3
80
84.6
87.1
88.9
89.5
90.5
91.5
91.6
91.9
92.3
92.5
92.5
92.9
93.2
93.3
93.8
91.9
65.4
56.8
55.5
56.5
56
58
68.7
80.5
85.7
87.7
89.6
90.3
90.9
91.5
92
92.4
92.7
93.3
93.1
93.3
93.6
94
94.1
92.7
73
59.2
55.2
56.7
56.5
61.5
71.5
82.3
85.8
88.2
89.6
90.5
91.5
91.6
92.4
93
93.1
93.5
93.3
93.8
94
94.2
94
93
76.9
64.3
61.3
60.4
62.3
66.3
74.4
81
83.9
86.5
88.8
89.1
89.6
88.6
89.7
90.7
91.6
91.4
89.1
85.6
85.5
84.3
84.2
81.5
76.8
75.2
72.1
69.8
74.8
79.3
81.5
83.6
86.7
88.9
89
90.2
90.3
89.5
89.3
87.9
88.2
90
91.2
92.5
92.8
93.2
93.8
93.6
92.8
89.6
83
83.1
84.2
86.3
89.1
89.5
89.1
89.7
89.7
90.2
91.8
93.9
96.2
96.5
97
96.9
96.8
96.9
88.6
64.5
51.5
51.6
51.4
44.2
40.7
35.7
32.5
24
26.4
32.5
35.3
36.4
48.4
55.7
65
69.8
72.7
69.5
71.4
71.2
73.4
73.8
73.9
75.9
74.8
69.5
61.1
52.9
50.6
51.2
51.9
53.1
56
60.7
63.5
67
68.2
70.7
72
71.7
73.9
77.2
77.6
80.3
81.8
73.4
53.1
54.3
54.8
53.7
53.4
52.1
49.6
48.3
48.8
50.2
57.6
67
72.5
76.1
77.7
80.3
82.5
84.7
85.6
86.8
87.9
89.2
89.4
90.2
91
91.4
92.2
88.3
70.8
63.4
54.9
52.6
53.8
57.4
64.8
73.8
79.7
81.3
82.4
83.4
82.9
83
81.9
83.7
83.6
85.3
85.9
86.5
87.5
88.6
89.2
76
58.7
53.3
50
50.8
53.3
58.5
67
71.8
75.3
78.1
81.5
83.9
85.5
86.1
86.8
88.4
88.8
89.9
90.2
90.6
91
91.4
91.3
81.3
63.5
62.3
60
62.3
61.4
64.3
72.8
78.4
82.7
87.3
87.2
82.7
85.2
87.8
88.8
91.3
92.6
92.8
93.3
93.5
93.8
93.3
93.5
92.9
89.9
80.5
77.4
75.3
75.1
75.3
77.6
77.2
77.3
77.6
76.4
75.1
75.5
77.1
78.3
79.3
80.2
80.6
80.8
80.6
83.2
85.6
87.8
89.7
91.5
89
89.6
90.9
91.9
91.9
93.1
93.8
95.2
96
96.1
96.2
96.5
96.4
97.3
97.5
97.7
97
95.4
94.7
95.5
94.7
93.4
92.8
92.1
82.5
89.7
95.2
95.9
96.3
96.7
96.8
97.1
97.3
97.4
97.3
97.2
97.1
97.2
97.5
97.7
97.6
97.7
97.7
97.7
97.7
97.5
97.6
97.5
97.1
97.4
97.4
97.2
96.8
96.5
96.7
96.8
96.5
96.4
96.3
96.1
97
97
96.7
96.7
96.7
96.8
96.7
96.7
97
97
96.9
97
96.9
95.3
92.8
92.2
91.7
92.1
93.3
94
94.4
94.6
95.4
96.1
97
97.1
97.3
97.6
97.6
96.3
95.1
92.8
93.1
94.2
94.3
80.9
77.7
80.7
82.5
81.9
82.2
86.2
89.5
90.2
89.8
90
89.9
89.4
90.7
87.9
87
88.3
89
90.3
92.2
92.7
93.2
93.2
82.7
66.5
58.9
54.2
50.6
50.6
55.4
67.3
77
82.2
86.2
88
87.4
86.1
86