60.4
52.3
60.5
60.8
62.6
60.8
63.4
63.9
65.6
65
60.3
49.9
43.1
40.6
40.4
45.4
51
61.1
60.2
63.6
59
54.5
59.1
62
61.4
59
60.2
61.1
62.2
62.8
59.6
62.1
61.6
63.1
62.8
57.2
57.3
56.5
58.6
68.7
69.8
68.2
63.3
60.2
60.2
62.6
62
63.7
65.2
65.7
74.1
88
91.8
92.9
93.5
88.7
90.1
87
97.1
97.3
97.3
97.5
97.4
97.6
97.8
97.9
97.9
98
98
98
98
98
98
98
98
98
98
98
98
98
98
98
98
98
98
98
98
98
98
98
98
98
98
98
98
98
98
98
98
98
98
98
98
98
98
98
98
98
98
98
98
98
98
98
98
98
98
98
98
98
98
98
98
98
98
98
98
98
98
98
98
98
98
90.9
79.9
78
78.9
89.8
97.6
97.8
97.9
98
98
98
98
98
98
98
98
98
98
98
98
98
98
98
97.4
89.9
91.4
97.6
97.5
97.5
97.6
97.7
97.7
97.8
97.9
97.9
97.9
97.9
98
98
98
98
98
98
98
98
94.2
70
62
62.6
60.2
59.7
65.7
78.7
95.2
97.6
97.7
97.8
97.8
97.7
97.8
97.8
97.7
97.5
97.6
96.9
97.4
91.7
97.3
94.3
91.2
81.1
67.6
71.4
71.4
70
68.9
79.8
87.2
92.5
96.5
97.4
97.4
97.5
97.4
94.5
82.3
82
83.6
81.5
81.7
91.5
97.1
96.9
85
73.9
68.7
65.3
63
64.1
61.9
70.2
86.6
89.6
91.1
73.5
80.1
85.3
77.6
90.7
91.2
88.5
91.1
88.5
93
96.9
97.5
89.9
95.7
93.3
97.4
97.6
97.9
98
98
98
98
98
98
98
98
98
98
98
98
98
98
98
98
98
98
98
98
98
97.8
97.6
98
98
97.9
88.8
95.5
98
98
98
98
98
98
98
98
98
98
98
98
98
98
98
98
98
97.6
95.8
91.9
97.4
97.6
97.3
97.8
98
98
98
97.9
97.9
98
98
98
98
97.9
97.8
97.8
97.8
97.6
97.9
98
97.7
97.5
92.8
88.3
71.4
80.5
95
97.6
97.6
97.7
97.8
98
98
98
98
98
98
98
98
98
98
97.8
97.3
97.5
97.6
97.6
97.6
97.3
95.9
88
95.8
97.6
97.5
97.6
97.6
97.5
97.6
96.2
97.2
97.5
97.6
97.3
97.8
98
98
98
98
98
98
98
98
98
98
98
98
98
98
98
98
98
98
98
98
98
98
98
98
98
98
98
98
98
85.4
66.8
62.9
61.2
59.4
64.5
76
81
90.9
97.2
97.8
98
98
98
98
97.9
97.7
NA
97.6
95.6
91.8
91.2
90.1
70.4
60.9
54.5
54
55.2
54.8
55.2
64.7
75.9
81.7
80.7
74.7
81.9
87.3
93.7
97.5
97.5
97.5
97.5
97.5
97.6
97.6
97.6
97.6
94.4
70.4
62.5
60.4
59.9
57.5
57
68.1
87.7
95.6
97.7
97.7
97.8
97.8
97.7
97.7
97.8
97.9
98
98
98
98
98
98
92.2
74.4
72.9
69.1
66.7
67
80.3
97.6
97.9
98
98
98
98
98
98
98
98
98
98
98
98
98
98
98
98
98
90.2
70.9
71.1
69.4
70.1
86.4
97.7
97.9
97.8
97.8
97.8
97.8
97.9
97.7
97.5
97.6
97.8
97.6
97.8
97.9
97.8
97.8
94.4
77.1
77.7
61.4
61.3
67.2
55.1
32
33
30.2
25.4
20.9
21.6
29.5
33.3
39.2
42.6
41.8
44
35.6
50.1
53
51.4
45.4
35.5
30
28.7
31.4
29.6
33.1
40.5
43.6
45.8
49.7
48
57.9
60
61.3
61.2
65.2
65.6
63.9
64.2
61.8
63.6
61.3
62
57.3
47.2
43
40.7
41
41.8
40.4
43
48.7
60.2
65.9
69.8
68.5
64.1
67.9
67.6
70.4
69
67.6
67.1
65.7
65.6
64.1
63.8
59.2
58.1
55.4
45.6
40.6
37.8
34.2
33.7
38.3
48.7
57
57.9
58.3
58.8
60.7
61.3
59.6
60.8
62.5
64.3
63.8
66.3
67.7
67.4
59.1
49.1
42
38.2
36.4
37.6
39.5
40.5
48.7
60
66.2
69.2
70.5
64.9
60
55.9
54.1
50.9
49.4
48.9
47.7
47.1
45.6
42.1
34
23.4
20.1
20.1
24.3
27.2
26.5
28.5
33.3
30.1
31.2
38.3
36.5
36.6
38.4
36.9
35.1
37.5
33.7
35.9
37
39
32.1
33.8
41.3
41.2
38.2
33.7
44.1
45.1
42
43.2
46
51.5
62
65.6
68.4
69.8
72.9
77.1
75.9
75.6
76.7
78.8
78.6
79.7
82.1
84.4
75.9
60.7
55.5
56
59.1
59
59.8
63.2
72.3
82
90.7
96.5
89
94.7
96.3
82.6
81
75.4
82.5
85.6
79.8
85.4
75.6
86.7
92.7
92.8
95.5
97.4
97.5
95.8
96
97.4
97.5
97.5
97.5
97.5
97.5
97.6
97.7
97.6
97.6
97.7
97.6
97.5
97.2
92.1
97.5
97.7
97.7
87.3
70.9
63.5
62.8
84.3
94.8
96.9
95.3
92.5
85
93.1
97.5
97.4
97.2
97.5
97.5
97.5
97.5
97.1
97.2
95
97.4
97.5
97.5
96.2
94.6
89.9
96.9
97.5
97.6
97.5
97.6
97.6
97.6
97.7
97
97.3
97.8
97.9
98
98
98
98
98
98
98
98
98
98
98
98
98
97.8
93.3
89.8
90.1
96.7
97.5
97.6
97.8
97.8
97.9
97.6
97.8
91.4
90.3
97.4
94.5
97.3
97.5
95.9
94.4
85.2
69.6
63.4
68.3
82.3
81
81.8
80.8
87.6
95.4
97.5
97.5
97.7
97.8
98
98
98
98
98
98
98
98
98
98
98
98
98
98
98
98
98
98
95.5
94.5
98
98
98
98
98
98
98
98
98
98
98
98
98
98
94.2
63.9
64.8
61.4
52.7
53
54.6
54.4
71.6
83.4
87.7
89
81.7
84.1
83.4
93.6
97.5
97.6
97.5
97.5
96.2
87.8
87.1
74.1
53.9
51.7
49.1
45.5
44.8
41.2
42.4
48.4
59.7
66.2
71.1
77.7
77.6
73.9
65.5
49.1
32.4
45.6
40.7
32.7
28.5
35.2
39.6
39.6
33.4
24.6
22.7
21.4
28.1
30.3
30.1
35.9
46.3
50.1
48.9
46.5
45.1
42.1
53.2
59.3
61.3
51.7
60.8
60.8
61
61
61.7
52.9
44.6
35
32.9
34.4
35.3
36.1
36.7
39.3
48
56.2
62.6
66.2
69.9
72.6
72.3
73.6
73.2
74.7
75.2
77.5
79.2
69.5
68.9
59.7
51.5
45.3
44.1
44
43.8
43.4
44.6
47.1
55.1
63.2
71.9
75.8
77.7
81.3
79.8
80.1
78.6
78.3
74.7
74
72.4
72
70.5
59.9
49.5
47.4
47.9
47.7
47.8
47.4
48.2
50.6
58.2
65.2
70.7
74.5
77.2
77.7
78.5
80.2
79.6
80.2
79.5
81
83.6
85.9
80.1
63.3
55.3
51.1
48.4
46.5
48.2
47.4
47.7
51
58.9
68.8
77.2
81.5
82.9
83.3
88.7
91
92.4
89.9
82.9
85.1
76.8
65
80
71.4
59
54.7
52
49.9
49.3
49.4
50.6
53.6
59.9
63.7
72.9
78.3
84.2
88.8
92.7
95.6
96.8
96.6
95.8
92
92.3
93.8
94.1
77.9
61.5
51.9
47
44.9
45.6
45.9
46.2
50.3
60.5
63.8
71.5
76.5
79.6
83.3
86.6
84.6
87.2
87.7
83.8
85.7
69
72
74
59
48.6
41.4
40.3
37.8
39.3
38.1
38.1
41.2
50.7
55.3
58.3
64.4
65.3
66.8
63.5
65
69.4
71.3
72.4
71.7
69
69.9
67.9
60
47.7
40.5
39.3
39.6
40
40.7
41.1
44.5
51.5
57.4
57.8
56
57.9
63.9
63
60.9
64.6
65.2
59.4
55.9
55.3
52.8
50.9
51.2
51.8
52.1
50.6
49.1
48.1
47.5
47.4
49.3
53
56.8
58.4
57.1
54.8
54.4
54.1
58.2
61.2
64.2
68.1
69.3
69.9
64.4
61.3
59.1
55.7
52.3
48.7
46.6
45.5
44.9
44.6
46.9
52.8
59.2
62.6
63.6
60.2
59.1
65.4
70.1
72.1
70.8
77.1
77.4
80.6
81.4
85.3
66.7
55.7
52.7
49.3
47.3
46.9
45.5
45.9
46.5
53.1
59.7
66.2
69.2
71.4
73
75
76.6
76.1
77.1
78.5
74.1
75.6
73
72.4
59.4
47.9
44.2
44.7
45.3
44.3
44.3
46
48
53.6
60
66.1
70.5
77
81.3
86.4
90.8
88.9
83.9
78.6
75.2
73.3
74.1
70.4
67
65.2
63.3
59.1
57.3
56.7
59
61.5
62.8
67.5
73.7
80.9
85.8
96
97.5
97.5
97.6
97.5
97.1
97.5
97.6
97.6
97.6
97.7
81
72.3
65
60.5
56.5
55.4
54.9
54.2
55.2
62.7
67
77
83.3
88.8
93.7
97.3
97.5
97.5
97.5
97.5
97.5
97.5
92.6
91.3
81.8
68.7
61.6
59.1
55.3
55
54.4
55
58.6
65.5
73.6
79.8
87
97.3
97.5
97.6
97.6
97.7
97.7
97.8
97.8
97.7
97.8
97.8
91.3
72.1
64.7
59
56.5
57.1
57.6
60.1
63.4
76.6
88.6
96.6
97.5
97.6
97.5
97.5
97.6
97.8
97.9
97.8
97.9
97.9
98
98
97.9
81.5
62.7
59.5
60.4
58.4
56.9
55.7
57.7
66.9
82.6
92.9
97.1
97.5
97.6
97.6
92.3
93.7
94.6
97.5
97.4
97.5
97.4
92.3
68.1
56.3
52.8
56.3
54.1
52.9
51.3
52.2
53.5
62
73.8
77.4
90.2
97.5
97.8
98
98
98
98
98
98
98
98
98
98
98
98
81.6
64.8
63.2
63
57
55.1
64.2
83.3
96.7
97.5
97.6
97.6
97.5
95.6
95.1
90.2
84.4
89.9
92.9
92.4
95.2
85
79.5
80.7
76.2
64.6
61.6
67.6
70.4
74.1
81.3
88
91.4
90.5
92.4
94.6
97.4
97.3
91.8
85.4
84.3
82.4
81.3
83.1
85.3
76.3
74.2
71.9
70.7
70.1
69.2
68.3
66.7
66.5
70.2
78.4
88.3
96.6
97.5
97.5
97.6
97.7
97.7
97.8
97.7
97.8
97.9
97.9
97.9
97.6
83.6
68.1
57.6
53.1
50.5
50.2
51.8
54.8
60.4
67.7
73.7
76.4
73.9
76.3
77
76.2
75.4
73.3
74.2
75.9
78.5
81.3
83.2
76.8
66
57.2
52.7
52.6
50.3
47.9
47.6
47
25.6
21.6
23.5
26.3
29.6
34
35.2
34.9
34.8
36.7
43.3
38.6
41.5
38.6
43.5
39
36.5
32.3
29.3
23.7
21.2
21.2
20.5
23
27.2
31.5
32.5
34.1
41.7
45.3
52.2
57.3
60.9
59.6
64.2
71
75.5
79.2
69.3
50.9
50.8
50.3
49.4
47.3
45.7
45.9
46.7
48.9
54.8
64.9
69.7
68.5
68.7
69.9
76.4
71.6
77.5
85.8
88.3
85.7
89.7
97.6
97.7
94.9
76.6
56.2
49.7
60.7
63.5
52.2
51.9
65
97.7
98
98
98
97.9
97.6
97.4
97.5
97.5
97.5
97.6
97.5
96.9
94.8
94.7
92.3
84.5
68.7
60
54.6
48.5
46.9
48.3
53.7
59.6
56.9
59.6
65.9
71.8
79.4
59.2
43.4
42.8
46.4
49.3
45.3
51.9
55.6
53.6
40.9
34.7
31.6
37.1
35.2
32.4
29.4
32.1
37.3
39.9
42.6
49.8
53.4
52.8
55
51.7
56.2
56.8
53.4
51.7
53.2
54.2
53.7
54.3
53.1
47.8
41.6
37.9
38.8
38.8
41
40.7
44.9
52.1
57.1
65
69.5
69.1
72.3
71.5
72.7
70.3
70.1
69.9
63.6
66.3
68.6
68.4
65.2
64.5
60.9
61.5
63.5
64.5
67.7
68.5
71.8
72.2
76.1
81.7
83.2
85
84.6
86.6
87.2
88.4
89
91.9
93.4
97.4
95.4
97.4
92.7
83.2
81
86.6
91.5
94
97.4
97.4
97.9
98
98
97.8
97.7
97.7
97.6
97.6
97.7
98
98
98
98
98
98
98
98
98
98
98
98
98
98
98
98
98
98
98
98
98
98
98
98
98
98
98
98
98
98
98
98
84
76.1
69.2
61
59.2
55
54.1
51.8
55.3
64.6
70.1
76.6
72.7
71.5
67.7
71.1
69.3
71.9
76.2
67.6
79
85.5
71
55.4
52.6
45.8
44.9
42.2
40.9
40
39.1
39.3
43.4
49.4
44.3
30.3
26.5
26.2
25.4
24.3
22.4
29
35.9
30.9
34.5
36.2
39.4
32.7
26.4
21.1
20.2
20.3
20
20.4
20.7
21
23.9
30.2
31.7
39
42.1
48.4
60.2
67.4
70.7
76.2
78.7
81.4
63.4
65.6
63.3
54.9
48.8
48.1
49.8
52.8
50.9
48.6
47.8
47.6
50.1
56.8
61.9
69
68.4
77.3
85.1
93.3
92.8
91.9
97.5
97.5
97.5
97.6
91.6
74.1
69.1
63.7
57
56.1
58.3
61.3
60.8
61.5
64
69.2
72.1
72.1
72.5
76.7
79.1
77.9
79.2
89.1
96.8
97.6
97.8
97.9
98
98
98
98
98
98
98
74.9
58.8
55.9
63.4
79.6
86.3
71.8
83.2
89.8
96.7
97.5
97.6
97.7
97.6
97.5
97.6
95.7
79.8
62.2
57.7
53
53
54
48.5
44.9
40.7
40.5
44.2
53.1
58.1
53.9
54.8
59.7
66.1
77.6
82.9
71.2
66.2
77.4
85.7
92.4
89.4
66.3
55.1
52
51.5
52.3
49.5
46.3
46.6
48.5
60.4
69
77.7
74.1
64.4
65
67.9
72.7
57.9
59.9
65.7
60.6
60.7
61.6
52.3
40.3
34.3
33.1
32
33.5
33.3
33.1
32.5
33.2
34.9
40.6
48.4
55.2
58.8
57.6
54.1
52.2
50.2
56.7
56.6
54.8
52.8
47.2
44
32.2
22.9
21.8
21.6
21.6
21.4
20.5
20.1
20
20
20
20.1
20.3
25.6
32.3
28
30.4
38.8
42.2
38.4
41.7
43.3
41.3
44.2
38.8
38.8
44.4
47.6
45
41.1
40.6
43.1
44.1
46.8
49.6
50.9
52.6
59.4
66.9
69
70.5
76.8
84
91.7
84.9
83.5
91.2
67.8
54
48.4
46.6
38.8
34.4
27.1
22.3
21.2
21.1
21.5
39.5
42.7
44.4
48.1
52.4
50.8
55.6
58.2
55.8
57.2
58
60.8
58.9
73.7
97.8
98
98
98
98
98
89.5
66.6
60.3
64.2
76.6
92.3
96.8
96.1
97.4
88.3
81
80
87.5
97.3
89.4
73.9
61.9
53.6
46.7
49.5
47.7
46.9
44.5
39.2
25.6
20.2
20.2
20.4
20.5
22.2
22.3
22.4
34.5
38.7
40.6
43.8
45.9
44.5
41.2
46.1
43.6
40.6
33.8
26.3
22.1
21.8
21.4
20.5
20.1
20
20
20
20
20
23.5
23
24.5
31.6
31.6
33.4
40.1
47.5
49.6
53.5
51.3
40.9
33
32
35
34.8
33.6
33.4
31.7
31.9
30.5
31.8
35.5
38.4
41.9
46.7
51
57.6
57.9
61.8
66.2
69.9
72.2
70.7
70.7
64.5
54.4
50
48.3
49.1
47.9
45.3
43.6
43.5
43.5
47.2
53.7
74.2
81.4
85.5
94.6
97.9
98
98
98
98
98
98
98
98
83.3
62.5
54.3
49
46.1
43.1
40.8
39.5
42.9
47.1
51.4
63.4
66.7
72.5
85.8
91.5
95.5
97.5
97.5
97.5
97.5
97.5
96.8
72.4
56.9
48.2
45.8
45.5
43.5
41.8
41.3
39.9
40.8
42.8
48.3
50.7
51.2
61.5
65.4
67.4
73.2
78.8
83.6
83.5
89.6
91.1
88.7
74.6
55
50.1
48.3
46.7
45.5
45.4
44.5
41.8
41.6
44.2
50.9
53.8
62.7
60.8
58.1
57.8
59.3
64.9
64.2
65.1
66.5
66.2
73.1
67.1
51.8
46.1
47.9
43
39.7
38.8
37.7
35.4
34.3
36.4
45.9
51
52.3
47.2
50.2
58.3
68.3
74.9
76.8
79.1
80.9
83.1
75.2
59
48.7
42.5
38.1
35
32.5
32.2
31.6
31.5
32.9
35.5
43.1
49.9
53.7
57.3
53.8
51.3
50
48.8
50.6
46.9
44.2
47.2
46.8
48.6
38.5
37.6
32.7
26.6
26.1
26.5
21.8
20
20
20
20
21.1
22.7
22.4
42.6
57.3
60.4
62.5
63.5
62
61.6
66.9
55.4
44.7
40.5
31.7
22.3
21.1
20.4
20.1
20
20
20
21.1
35.8
46.2
53.4
59.9
64.1
66.6
60.8
53.4
54.8
50
48.9
51.4
46.9
37.7
28.6
26.6
26.5
25.2
24.6
24.1
23
21.8
21.8
24.1
26.1
32.1
35.8
43.8
49.1
49.8
45.1
46.7
55.7
55
52.5
54.1
55.2
46
37.6
31.3
32.1
32.3
31.8
31.9
31.2
30.5
31.3
37
40
43.1
45.7
50.1
49.8
57.6
51.8
50.5
51.2
48.6
48.2
52
58.9
51.6
41.3
39.5
41.2
42.9
42.5
41.2
40.2
41.7
45.1
48.4
50.7
90.1
86.6
64.6
62.1
62.6
60.6
63
67.4
68.7
69.2
68.6
73
65.8
64.1
52.8
37.7
24
22.4
21.4
20.3
20
20
20.2
24.9
32.6
35.5
41.2
40.7
35.6
36.6
39.8
48.7
49.9
51.7
45.3
47.4
46.5
45.9
39.9
37.5
42.2
47.9
54
54.8
70.9
71.7
72.8
74.3
75.2
79
80.5
91.1
95.8
93.1
89.5
86
85.1
93.2
92.3
80.7
60.6
53
51.7
47.8
53.6
68
78.9
91.1
97.8
98
98
98
98
98
98
98
98
98
98
98
98
98
98
98
98
98
98
98
98
98
98
98
98
98
98
98
98
98
98
98
98
98
98
98
98
98
98
98
98
98
98
98
98
98
98
98
98
98
98
98
98
97.9
97.6
96.2
97.5
97.5
90.3
83.6
83.9
86.5
95.2
96.7
90.3
86.6
89.6
77.5
61.6
56.8
53.8
59
63.4
73.5
74.5
79.3
82.5
82.7
94.9
94.8
89
93.9
91.5
97.6
97.8
97.7
97.4
96.6
89
90
97.6
97.6
75.1
65.7
58.1
53.3
52.1
54.3
57.8
61.5
70.4
70.3
71.4
81.3
91.5
97
94.5
93.8
80.1
87.6
82.5
81.8
77.2
73.6
67.1
NA
56.8
65.4
63.8
86
97.8
97.9
97.9
97.9
97.9
98
97.1
93.2
93.7
96.8
93.3
97.6
97.6
97.6
97.5
95.6
84.2
69.8
65.6
63.5
52.1
51
54.3
50.2
45.1
41.2
40.7
43.6
49.4
52.4
60.5
62
55.1
56.6
50.7
49.9
57.8
65.4
73.6
62.7
47.2
37.2
30.4
37.2
36.8
34.5
28.6
29.6
32.9
31.2
36.2
40.9
43.1
45.5
49.9
52.2
54.7
61.4
64.4
66.4
63.5
64.6
65.4
66.5
66.7
83.5
84
71.3
60.5
50.7
47.9
46.3
46.2
47.8
55.6
71.6
76.8
78.4
91.2
97.8
97.9
97.9
98
98
98
98
98
98
98
97.9
98
97.9
89.8
91.8
76.8
81.4
81.7
79.8
89.5
97.6
98
98
98
98
98
98
98
98
98
98
98
98
97.9
97.2
82.2
61.6
56.6
54.7
47.5
43.4
42
44.2
48.8
55.9
68
78.7
84.4
81.8
79.1
83.5
81.6
77.1
78.4
87.3
85.1
69.2
54
49
47.7
43.8
41.6
40.8
38.3
35.7
38.5
39.5
43.4
53.6
53.6
54.4
55.4
67.9
94
98
98
97.4
87.2
90.6
97.8
98
98
98
98
98
98
98
98
98
98
98
98
98
98
98
98
98
98
98
98
98
98
98
98
97.9
97.6
97.4
80.9
73.4
76.1
69.8
62.2
60.3
58.6
55.3
58.9
73.3
85.4
91.5
88.8
97.4
96.8
97.8
97.8
96.4
97.4
96.7
89.5
78
68.4
60
56.1
57.8
52.2
52.3
52.9
51.6
52.1
56.9
54.7
55.8
66.8
73
74.9
78.3
92.4
95
97.4
98
98
97.9
97.9
94.5
76.9
64.2
51.6
49.8
52.1
52
52.2
49.4
48.2
51.3
53.6
61
73.2
81.3
91.6
95.1
97.4
97.2
97.6
97.6
97.7
97.8
97.7
82.9
72.4
60.2
56.6
58.3
56.5
53.6
48.3
43.1
33.5
21.8
21.9
24.1
25.6
26.8
37.1
73.8
79
73
75
83.8
87.2
91.9
89.8
68.9
54.7
44.3
37.6
37.4
37.4
35.6
36.8
34
33.7
34
35.7
37.4
40.3
42.2
42.3
51.2
58.2
64.8
63.8
57.3
56.6
58.4
59.3
52
52.4
48.7
43.7
36.9
37.2
36.2
35.9
34.9
35.1
35.3
37.4
41.6
51.3
58.7
60.7
62.7
65.1
66.8
69.8
70.3
75.2
76.6
78.8
64.4
49.3
42.7
41.8
40.9
40.4
40
38.4
36.8
39.3
40.9
43.2
53.2
74.4
96.7
90.7
80.8
81.6
84.2
90.1
97.7
98
98
98
98
98
98
98
90
85.5
81.9
67.9
69.8
69.3
72
73.2
81.1
92.1
96.9
95.5
93.8
97.4
95.7
97.6
98
98
98
97.7
97.5
93.7
80.1
68.1
65.3
60
55.2
47.2
45.2
49.3
67.9
90.2
97.8
97.3
80.6
71.3
72.9
82.2
76.2
73.8
91.7
98
98
97.8
97.6
77.2
61.7
56.7
53.5
49.4
47.6
45.5
49.3
56.2
51.3
47.8
57.3
67.4
76.3
84.8
88.7
90.9
94.1
96.3
93.4
95.8
84.8
91.4
69.6
54
48.5
47.4
46.9
46.3
45
44
41.5
41.1
39.5
41.5
49.3
50.8
61.2
69.7
72.5
76
76.7
79.2
83.5
85.2
86.7
82.1
65.4
50.6
45
42.5
40.4
40.3
38.6
38.3
38.7
37.6
38.6
37.8
39.4
45
52.6
51.8
59.4
58.7
62.8
64
73.3
73.1
71.2
73.7
69.1
61.7
47
41.5
33.9
35.1
36
36.1
36.4
36.8
37.5
39.4
41.1
46
49.2
49.9
51.5
53.4
53.5
56.9
62.5
62.7
59.9
57.8
58.1
58.2
56.6
54.2
53.8
52.3
51.4
50.6
52.1
50.2
49.9
50.9
53
58.1
59.6
63
64.7
65
76.9
83.2
87.1
94.6
96.9
94
69.9
56.1
48.4
44.4
44
42.1
36.4
33.5
31.5
30.9
30.7
33.2
35.1
40.8
46.4
48.5
56
62.2
65.4
66.5
67.4
61.8
57.3
57.5
55.9
51
45.4
45.2
44.2
42
40.5
40.1
39.2
38
37.8
39.1
40.4
42.7
47
51.7
46.4
49.5
54.2
65
71.8
65.8
67.3
60.4
61.8
54.3
44.2
41.1
39
37.3
36
34.5
34.4
34.3
34
35
36.4
40.7
49.8
53
55.2
58.9
58.1
61.4
60.3
66.3
73.4
73.4
61.6
51.2
42.8
35
30.6
33.1
31
30.8
30
29.2
29.5
31
33.2
37.4
43.1
50
48.3
55.5
59.9
62
65.2
64.8
64.4
64.2
59.4
47.5
38.8
37.2
36.2
34.8
34.1
34.2
33.9
34.8
35.2
42.4
59.3
68.8
62.9
63.6
59.9
59
66.4
69.8
85.7
93.1
82
75.3
67.8
56
49.1
47.4
48
46.9
44.9
54.8
45.8
43.8
42.3
42.3
42.4
43.5
46.2
49.2
51.3
51.9
50.9
52.1
59.2
69.7
75.4
71.8
55.5
48.1
39.1
37.1
36.7
35.6
33.7
33
31.6
31.7
32.7
31.4
31.5
34.5
37.1
44.4
50.8
55.4
58
60.2
60.8
64.4
71.2
65.5
53.3
45.1
37.4
30.5
29.7
29.7
29.8
29.3
28.9
29.1
30
29.8
29.8
36.1
44.8
48.7
48.8
55.4
52.3
58.8
58.6
60.7
70.5
67.8
57.1
48.9
41.4
38.8
37.4
36.7
34.3
31.2
32
36.5
35.6
39.5
40.8
43.6
52.1
60.2
62.7
64.8
68
68.3
69.1
72.3
74.9
74.3
65.8
54.1
44.5
40.3
39.4
40.2
39.9
40.4
41.6
48.2
50
57.8
66.1
66.9
70.7
68.7
69.4
71.4
73.6
79.5
82.9
76.9
72.5
72.2
64
59.2
54.2
51.6
50.5
50.6
48.1
50.3
67.5
77.9
97.1
98
98
98
98
98
98
98
98
98
98
97.6
94.6
94.5
97.1
97.8
98
98
98
98
98
98
97.3
97.8
98
98
98
98
97.8
98
98
98
98
98
98
98
98
98
98
98
98
98
98
98
98
98
97.8
97.7
97.5
97.8
98
98
98
98
98
98
98
98
98
98
98
97.9
95.2
85.8
70.7
63.4
64.1
59.6
59.2
60.9
62
60.6
60
71.7
86.9
93.7
98
98
98
98
98
98
98
98
98
98
98
98
97.3
92.1
76.8
65.7
54
61.2
77.6
97.9
98
98
98
98
98
98
98
98
98
98
98
98
98
98
98
97.9
79.3
67.5
67.7
63.9
80
79.3
68.5
59.3
56.3
65
75.2
79
69
75.8
75.7
79.2
88
92.4
84.1
78.4
81.8
83.8
89.3
97.6
97.9
95.9
72.9
61.2
54.4
50.8
52.8
54.6
77.9
97.7
98
98
98
97.9
97.8
97.5
97.8
92.8
87.4
97.1
97.6
96.2
88.1
65.6
61.9
57.8
56.5
65.1
59
51.8
49.7
48.9
50.8
55.7
62.6
68.1
71.8
75.6
73
73.5
74.7
80.5
95.3
95.8
92.9
88.7
76.6
68.4
58.3
56.8
55.6
57.3
63.7
77.6
72.1
79.7
76
71.6
72.6
72.5
83.2
79
76.9
80.2
75.6
70.3
76.2
89.6
93.3
92.3
87.7
80.3
67.2
60.5
56.2
57.2
61.6
72.1
83
96.3
96.8
90.6
94.2
91
73
73.7
71
77.8
73.3
69.8
71.1
84.6
77
87.3
73.7
65.4
58.8
54.9
54.9
55.5
52.5
50.2
49.6
48.4
50.3
55.7
56.9
66.8
79.7
81.3
73.3
69.5
74.1
79.1
93.9
97.6
76.1
73.2
66.8
57.2
58
56.1
53.9
53.2
51.4
50.1
50.2
47.4
46.9
48
48.8
53.4
57.6
58.3
55.6
58.3
61.9
61.7
69.2
67.4
66.1
68.3
63.9
57.9
52.1
48.2
44
43.2
43.3
44.7
45.2
44.8
45.8
48.9
53.1
59.2
60.3
57.9
57.9
65.4
63.8
52.6
52.1
69
81.4
94.9
96.9
96.2
77.4
56
60.2
60.5
55.4
53.6
61.5
66.4
90
83.5
77.9
73.3
62.6
60.8
73
92.4
98
98
97.6
79.5
69.1
64
68.4
69.6
68.7
56.4
52.4
52.4
61
73
72.9
68.8
71.2
76.3
79.6
97.6
98
98
98
98
98
98
98
98
98
98
97.9
92.3
67.8
65.3
57.2
56.7
56.6
52.2
53.3
47.7
50
53.1
60.7
71.4
80.7
88.6
97.2
97.4
97.6
97.7
97.7
97.7
97.7
97.3
81.6
64.7
57.3
53.7
52
48.8
46.1
44.7
42.9
43.7
42.3
48
55.2
63.5
67.6
74.9
83.2
85
91.7
75.2
86.4
78.3
69.2
72.2
64.8
62.6
60.6
57
58.3
58.3
60.5
63.7
63.9
60.9
64.4
65.4
59.3
70.2
70.5
73
85.3
87.2
95.2
97.1
97.5
97.6
97.6
97.6
83.5
57.1
51.9
52.2
49.5
47.3
45.2
43
42
40.9
38.6
42.5
51
61.5
65.2
72.7
72.7
70.7
72.7
75.8
95.3
98
98
98
98
98
98
97.8
97.6
97.8
92.7
64.6
65
95.2
94.9
91.2
96.2
97.6
97.6
97.6
97.6
97.7
97.7
97.8
97.7
97.7
98
97.9
97.7
98
98
98
97.8
90.1
94.8
97.6
98
98
98
97.7
97.6
97.7
97.8
98
97.9
97.8
97.6
97.8
97.8
97.9
97.9
97.8
95.3
82.5
67.3
61.7
56.7
57
55.9
58.3
58.1
70.4
74
70.2
81.1
97.9
98
98
98
98
98
98
98
98
98
98
98
95.8
70.8
63.1
58.5
52.9
54
51.4
65.8
78.2
75.5
73.6
77.7
73.9
75.9
81.4
80.6
79.4
79.4
90.4
89.8
89.3
94.2
96.1
84.5
75.7
68
57.7
50.1
48.9
47.2
57.5
63.3
67.3
70.9
71.4
75.3
68.6
66.3
68.1
74
78.2
79.6
74.1
82.7
76.7
94.7
90.8
78.1
72.2
60.4
51.2
45
46.8
45.9
49.2
50.8
52.4
54.9
53
58.5
71
83.5
93.9
96.6
93.6
87.4
96.8
97.3
96.8
97.5
93.8
66.1
56.8
51.1
49.9
48.6
46.7
45.6
44.8
44.3
41.7
48.3
58.4
60.4
63.4
72.4
77.7
81
91.9
96.5
97.3
97.5
97.5
97.5
93.7
68.8
57.8
50.7
48.8
49.9
48.8
45.2
45.9
47.3
47
56.2
55.1
53.6
55.9
57.9
63.1
67.9
69
76.3
68.3
67.7
73.2
74.7
66
72.3
67.7
60.7
56.6
55.4
53
50
52
87.8
53.3
48.6
49.1
49.9
57.6
64.9
66.8
75.3
80.7
97.9
86.5
83.1
89.6
97.5
97.8
93.8
75.2
66.4
58.5
51.8
50.9
48.7
49.5
46.7
47
65.9
97.9
98
92.4
91.6
97.4
97.8
98
98
98
98
98
98
98
98
98
98
98
87.4
63.1
59.1
60.1
59.6
57.1
56
59
61.4
65.2
69.4
70.3
88.6
86
78.7
88.7
90.1
97.6
81.8
77.3
72.8
67.5
60.3
60.2
71.2
88.5
75
69.1
77.6
85.3
97.3
97.6
97.7
98
98
98
98
98
98
98
97.6
97.6
97.7
97.8
97.9
98
98
97.8
97.5
97.4
85.2
83.9
96
97.8
98
98
98
98
98
98
98
97.9
95.5
95.7
88.8
96.4
88.5
91.2
90.3
97.5
97.7
97.5
97.6
97.6
97.5
87.9
75
90.9
97.9
98
98
98
98
98
98
98
98
98
98
98
98
97.9
82.4
67.6
60.9
61.3
57.8
55.9
55.3
53.4
51.4
49.2
50.8
52.9
54.7
69.1
85.2
97.4
97.6
96.9
97.2
97.8
97.9
98
98
97.9
80.7
63.5
54.9
53.7
51.9
48.2
44.3
41.7
41.3
40.9
40.4
43.8
50.5
59.8
70.9
79.8
74.7
89.5
95.9
97
97.5
92
90.9
69
66.4
53.5
49.7
48.2
48.1
46.8
45.7
43.4
40.4
40.7
40.7
42.8
46.8
54.7
65.6
74.6
78.7
67.3
78.3
72.7
83.2
68.6
83
78.5
68.6
58.4
51.9
46.9
48.9
48.8
47.1
46.1
43.9
42.4
44
45.2
46.7
54.2
63.7
74.1
70.2
74.1
68.9
77.5
82.6
86.4
87.7
84.6
67.1
59.7
52.4
46.6
46.2
47.1
47
45.7
42.2
40.4
39.2
40.1
49.8
60
68.6
74.8
81.3
86.7
92
90.3
93.2
96.3
93.3
82
62
NA
NA
45.6
43.9
42
41.9
41.8
37.8
35.3
34.7
36.2
41.2
50.4
58.9
65.1
68.3
72.3
76.8
80.8
81
78.8
81.5
77.8
64.3
55
47.2
44
44.4
45.5
44.1
42.6
39
35.6
38.2
42.3
44.6
53.5
58.1
67.7
71.8
73
74.9
77.9
78.6
84.5
71
76.9
64.6
56.4
49.3
43.4
43.8
43.3
42.4
41.5
39.5
39.1
38.4
39.6
45.1
51.4
58.5
67.2
68.6
72.2
80
82.4
85
87.3
93.1
74.6
61.7
52.4
46.8
43.8
42.8
39.5
38.1
36.3
35.2
32
32.8
37.3
43.6
54.9
62.2
63.1
64.6
69.5
70.2
70
67.2
70.4
67.6
61.4
56.8
49.4
45.5
43.9
41
41.1
37.6
36.7
37.4
38.1
37.9
39.2
42
44.1
50.8
54.4
58.1
60.4
67.2
69
72.2
68.7
72
65.1
65.5
60.2
55.7
54.3
53
49.3
45
42.7
40.2
39.4
40
41.7
43.9
48
54.1
59.6
64.2
59.4
66.2
71.1
68.5
73.9
78.3
77.3
65.8
54.9
49.4
51.2
50.7
45.5
42.2
41
40
39.9
42
45.3
50
57.4
69.5
98
98
86.3
67.5
72.6
80.2
97.3
94.6
87.3
66.3
56
48.4
44.3
44.3
42.6
42.5
40
38.7
37.8
38.8
38.8
46.8
55.5
63.3
60.5
63.9
64.1
63
64.7
68.6
68.8
94.2
98
97
65.6
57.7
46.4
43.4
43.5
44.5
45.8
44.9
42.5
42.1
46.2
53.8
57.6
58.9
61.1
64.1
66.2
72.6
79.2
80.7
85.3
83
67.6
64.9
62.4
53.4
44.7
40.1
40.5
41.2
40.5
41
41.7
40.3
44.2
52.4
57.3
64.6
64.4
66.4
77.9
77.6
76.4
83.7
70.7
80.2
82.2
64.8
56.5
NA
53
50.5
46.5
42.7
NA
NA
39.3
NA
NA
NA
55.8
63.4
65.8
68.4
68.4
75.3
78.7
82.8
85.6
92.8
89
66.9
52.2
42.8
42.1
41.5
42.7
44
43.8
41.2
42.1
42.9
43.2
45.1
50.3
55.4
58
70
70.4
79.9
83.9
86.4
71
75.1
69
63
68.9
60.5
53.5
50.6
48.3
46.4
43.7
41.6
40.1
40.7
44.1
47.7
56.3
64.1
65.7
65.1
64.3
72.9
71.8
68.2
82.5
78.8
77.3
66.4
61.3
58.5
58.6
53.9
56.2
63.2
57.8
55.7
52.8
58.7
80.2
98
94.4
92.7
80.4
78.1
81.2
94.7
90.7
83
77.3
83.5
79.4
70.1
64.1
57.6
54.1
51.9
48.7
47.2
46.5
50.7
53.7
54.1
55.8
58.6
61.5
67.5
71.8
82.4
85.5
85.8
82
76.3
71.5
80.1
94.9
78.1
73.6
67.2
60.9
57.2
51.4
45.9
37.6
31.8
27.9
25.6
26.6
33
45
61.4
63
68.2
66.8
68
68.2
73.2
74.6
77.9
74.4
66.5
51.5
45
44.7
44.3
42.6
40.8
40.4
38.9
39.2
39.6
41.3
45
52.1
59.9
65.3
67.3
73.1
72.7
68.6
79
82.1
88.2
82.6
61.9
54.8
49.6
46.8
46.4
43.8
41.3
40.4
39
39.9
41.3
40.4
40.8
51
61.2
66.1
70.6
69.1
73.2
73
63.3
67.7
74.2
72
65.3
56.1
48
45.7
43.5
43.1
42.3
41.8
42.6
54.1
62.3
57.8
57.3
58.2
59.3
64.2
63.7
61.8
79.4
98
97.9
85.5
71.9
75.9
75.3
69.6
60
54.3
52.6
50.6
44.8
44.5
42.6
43.7
43.7
46
51.5
52
51.3
84.9
96.7
68.4
65.1
64.3
67.6
68
68
73.5
87.3
87.2
70
62.5
51.5
46.9
47.5
54.2
57.9
63.8
59.2
62.2
72.8
63.4
67.5
51.8
61.6
54.6
52.5
75.5
96.2
96.1
98
98
98
98
94.8
88.5
86.4
65.1
52.5
47.7
46.3
42.2
38.3
35.8
40
43
37
47.6
47.2
47
44.1
39.9
47.4
53.9
62.5
65
50.5
44.3
38.4
36.3
36.1
33.8
34
33.5
33.6
32.6
32.6
33.4
36.8
45.1
46.8
51.3
56.3
53.5
65.4
72
73.8
81
83.3
80.8
61.9
50.6
41.9
39.7
38.7
37
34.4
34.1
35.5
34.7
35.3
32.1
37.6
43.9
50
57.5
66.3
72.3
75.3
74.4
76.5
65.6
77
82.1
63.4
55.1
49.8
47.5
46.4
47.6
44.8
45
42.6
44
45.2
47.3
52
60.7
66.6
70.6
75.4
78.6
90.4
97.5
91.3
88.1
84.6
74.1
77.2
67.8
81.7
80.6
71.6
67.6
63.5
59.8
57.2
55.2
56.2
61.1
62.8
67.9
71.9
76.7
82.8
86.3
93.6
94.1
97.6
97.5
97.6
96.3
69
56.3
45
43.6
43.3
43.4
43.4
42.2
43.4
41
40.7
41.4
45.5
52.7
61
70.8
76.9
74.8
70.1
75.2
93.4
93.6
97.1
92.2
67.3
57
50.8
49.5
48.8
50.2
51.4
53
52.7
51.9
53
56.8
69
97.7
98
98
98
98
98
98
98
98
98
94.2
68
60.3
51
48.5
48.5
46
45.4
48.1
47.8
44.1
43.1
47.4
51.8
53.8
56.2
62
67.9
70.5
77.5
82
83.3
87.8
95.5
82.4
63.5
57.4
57.4
50.9
47.4
42.6
40.9
37.3
35.6
32.7
35.1
34.7
25.1
26.8
30.8
44.4
41.4
40.9
46.4
43.3
43.4
42.9
47.4
54
46.7
41.5
35.2
29.7
27.1
24.7
25.3
26.4
25.7
25.2
28.4
31.1
33.5
36.4
38.2
43.4
44.3
45
54.8
51.5
64.3
69.2
74.9
71.8
54.1
45
40
34.5
32.8
31.2
30
27.9
28.2
28.6
28.4
26.6
32.1
42.7
49.1
53.9
58.4
62.1
64.6
66.4
70.6
68.8
75.7
74.7
58.3
48.6
41.8
40.4
36.3
33.7
32.7
33.1
32.2
30.6
33.4
39.4
40.6
48.5
53.8
57.1
62.3
67.7
74.9
76.9
79.5
79.5
71.9
68.8
68.7
66.6
64.1
59.9
55.1
50.1
45
41.5
44.4
37.4
35.3
34.3
41.1
48.1
51.5
54.1
56.5
56.3
52.3
63.2
71.2
71.8
71.8
81.8
75.1
64.6
57.3
52
47.8
44.3
38.8
38.5
37.2
44
62
66.2
65
62.8
59.5
65.9
70.6
76
74.7
72.5
75.3
81.8
87
80.2
62.8
52.6
44.3
42.6
40.6
38.2
36.3
38.2
40.9
70.3
48.4
49.5
52.1
55.8
54.9
62.3
72.1
80.5
78.8
85.3
84.8
85.1
77.6
83.3
82.5
58.6
45.7
42.2
40.7
40.2
39.6
39.1
37.5
36.4
37.7
41.7
46.7
53.6
57
60.9
69.4
77.9
86.5
85.3
88.7
92.8
94.4
91.8
70.2
57.9
48.3
44.3
42.9
40.5
37.2
34.3
31.7
35.8
41
42.9
43.5
51.1
56.7
56.8
58.5
57.6
87.5
98
98
93.8
79.8
97.4
83.5
69.4
57.5
53.9
51.3
47.4
46.7
43.1
40.4
40.9
45.3
49.8
54.2
61.6
61.3
59.6
58.3
63
66.5
70.9
82.6
92.5
73.4
80
74.3
67.1
52.2
45.9
46.3
45.3
44.3
43.2
42.4
45.5
45.9
47.9
53.2
60
68.3
71.9
97.8
92
57.9
66.2
77.6
94.4
97.3
95.1
71
59.4
51.5
48.3
47.1
44.7
44.2
43.1
41.5
41.1
40.8
41.1
43.5
55.8
66
68
77.2
90.7
94
94.7
95.2
97
92.7
94.5
72.6
59.6
51.6
47.3
45.4
44.7
44
42.2
41.3
42.5
42.5
44.8
50.5
61.5
72.8
78.6
81.2
92.5
96.4
97.5
97.6
95.7
92.2
92.6
86.5
68.1
52.1
47.6
43.7
43.3
43.3
43.7
45.8
46.4
49.1
53.6
62.6
72.8
76.4
73.2
79
83.3
96.3
96.4
97.6
97.6
97.7
91.8
70.6
61.3
55.4
52.7
48.3
46.6
43.8
42.6
41.9
41.4
44
47.7
53.2
60.1
68.1
74.6
75.2
86.4
90
97
85.4
74.5
73.3
74.1
72.6
65.9
62.3
62.2
59.5
52.8
52.1
46.5
45.6
47.2
51.4
73.6
98
98
91.8
64.6
74.2
93.1
94.3
84.8
91.3
89.2
97.7
97.7
83.9
62.8
53.4
50.5
48.5
48.5
47
44.6
42.6
43
45.4
53
58.4
72.4
82.3
90.3
97.2
97.6
97.7
91.6
95.8
95
89.1
97.5
82.9
63.9
56
52.1
48.8
47.3
45.8
43.8
41.8
41.9
41.9
43.8
47.5
53.9
44.6
39
34
32.4
41.8
46.4
54.5
63.4
73.9
80.7
62.3
58.5
45.8
42
41.9
42.7
41.6
40
37.1
36.3
34.9
36.2
40.8
47
53.8
65.1
69.4
74.5
72.1
72.5
73.1
72.4
75.9
83.9
72.6
56.4
45.3
41.3
41
39.4
37.2
35.7
35.4
35
35.1
37.6
44.8
53.7
63.6
69.1
71.4
73.5
74
75.1
79.6
82
86.9
87.6
66.9
56.6
48.5
42.1
40.8
41.1
40.5
39.7
38
36.2
33.8
36.6
45
55.7
67.5
68.8
73.7
75
83
81.8
80.8
83.2
80.7
83.9
80.7
78.4
72.5
59.7
60.2
58
56.6
56.5
51.7
50.3
49.2
50
54
54.7
54.5
56.3
53.1
60.5
56.8
59
58.7
59.6
60.5
60.7
66.7
67.5
62.9
61.1
58.7
56.8
50.5
49.3
47.5
44.1
44.7
48.3
51.2
57
55.9
56.6
96.3
98
83.7
72.1
75.2
89
90.7
91.8
81.2
70.6
58.5
54
54.3
51.6
48.6
44.1
43.9
42.1
41.4
43.8
60.2
63.9
59.9
63.8
65.3
60
61.4
62.5
58.7
62.7
67.1
70.3
75
72.4
55.2
53.5
88.7
80.6
53.4
52
64.7
97.2
55.1
57.4
51.2
62.7
66.4
74.8
84.8
82.3
94.4
97.7
97.8
97.8
97.2
97.6
70.2
62.8
50.3
51.4
53.1
48.1
41
41
37
35.8
37.4
43.5
50.5
53.1
48
50.2
51.1
58.7
68.2
69.1
53.7
60
60.3
70.2
65.1
56
46.3
42.4
42.9
41.8
42.7
43.1
40.4
40.2
40.1
42.3
49.8
55.1
54.9
56.6
65
68.7
79.8
94.3
97.5
97.5
97.6
97.6
80.1
61.7
52.8
50.4
49.7
46.1
43.9
42.7
40.1
39.7
39.2
42.2
50.7
59.6
72.2
79.2
78.3
81.8
95.1
95.4
97.1
97.4
93.3
97.1
81.1
61.4
50.3
45.3
44.3
42.9
40.2
40.5
41.9
41.7
42.5
43.6
51.8
60.1
67.8
74.9
68.3
67.3
69.2
71
62.3
58.8
62.4
74.4
75.9
60.1
53.2
51.1
49.6
47.7
44.9
44.2
42.4
41.4
41
44.1
51.1
62.2
71.8
74.5
75.3
76.5
75.5
84.7
89.2
97.5
97.5
97.5
84.2
61.7
53.9
52.9
50.1
49.2
45.7
37.4
33.4
30.7
30
36
50.1
57.5
63.7
65.3
66.1
66.4
72.6
67.1
61.8
71.5
78.7
81.9
69.6
56.3
49.5
44.9
42.5
40.8
41.2
39
40
39.3
38.2
37.5
43.8
54.3
59
58.5
68.1
71.1
76.6
86.1
94.7
96.2
93.7
77.7
75.3
65.5
60
58.1
56.3
49.3
45.9
45.3
45.4
39
42.6
50
54.5
59
61.2
81.4
87.7
90.6
81
69.9
70
81.8
97.5
97.6
81.3
60.5
52.5
50.5
44.8
40.1
35.8
33.3
36
36.4
36.2
38.8
44.8
52.8
56.1
57.9
62.5
57.9
58.5
70.4
80.2
82.9
82.3
84.9
68.7
53.9
45.5
39.2
35.7
34.9
34.6
34.1
32.5
32.1
32
34.4
40.4
48.3
57.2
58.4
61
64.7
66
56
66.2
76.3
90.1
92.8
78.6
57.1
46.1
35.5
35.9
36.1
33.1
29.2
27.1
26.6
26.5
29.7
42.6
48.2
51.9
53
51.2
52.6
50.4
55.5
58.8
59.9
72.3
77
67.1
58.3
52.8
38.6
37.8
36.6
36.6
36.3
35.6
35.8
36.5
39.4
41.1
45.3
51.4
52.6
56.4
57.9
61.5
58.9
62
69
80.8
85.1
75.3
56.9
47.3
39
38.2
37
36.1
34.4
33.6
32.8
33.7
36.8
47.1
53.3
61.6
60.9
61.8
72.7
77.2
80.3
82.7
70.7
79.7
91.4
82.4
60.9
48.3
43.1
40
38.6
37
36
35.3
34.2
37.4
40.1
49.7
58.2
63.1
65.9
76.7
82.8
88.2
90.5
91.3
97.3
95
94.5
81.7
63.2
50.2
45.1
42.3
39.5
38.5
38
37.2
36.3
37.5
38.3
44.3
55.1
62.2
65.5
59.6
69.5
76.5
80.5
84.7
80.6
76.3
73.4
66.9
58.1
53.2
45.1
41.4
38.4
38.6
37.8
37.8
39.2
39.9
48.6
55.4
58.5
60.9
61.2
90.9
98
98
98
98
98
98
98
98
98
97.4
71
58
54
50.1
48.1
47.3
45.1
53.9
60.7
74.4
73
70.2
78.8
84.7
81.8
96.3
97.5
97.7
97.7
97.8
97.7
84.4
78.3
70.9
61.2
56.7
57.6
52.9
50.6
48.7
46.2
45.8
49.8
63.4
82.1
90.8
90.6
94
74.1
93.8
78.6
94.9
97.5
97.6
78.3
83.3
76.7
60.2
58.9
65.1
61.1
53.3
53.4
51.2
49.8
55.1
95.3
98
95.3
79.5
91.7
96.9
89.3
94.3
90.1
96
95.5
97.2
93.3
94.6
71.4
63.1
53.8
49.3
45.4
43.1
40.9
43.3
42.3
41.8
45.5
54.7
49.5
50.4
55
59.4
57.6
59
61.7
59.7
59.8
61.3
58.9
80
96.9
81.1
69.3
59.6
55.8
49.2
47.4
46.4
46.6
49.9
54.2
58.2
62.3
64.5
63.1
67.9
70.4
66.4
67.3
66.5
66.2
67.2
69.5
67.2
62.7
56.9
56.5
53.8
51.2
47.8
42.5
42.5
41.8
38.2
39.3
39.4
39.8
42.7
47.5
48.7
49.4
50.3
53.3
55.3
56.1
54.3
54.7
58
61.8
61.9
60.2
61.7
62.5
58.5
51.1
50.4
48.9
42.8
42.9
54.4
55.3
56.5
55.7
55.9
60.1
63
60.3
69.3
76.6
85.3
96.5
78.9
57.6
47.9
43.4
41.1
38.1
37
35.2
31.7
30.9
32.4
38.6
54.7
63.5
69.3
61.8
74.4
72.9
79.6
86.8
88.9
87.7
92.5
93
80.5
58.6
49
42.5
40.5
40.5
39.3
36.8
35.9
36
37.9
45.9
56.5
59.1
63.2
68.7
72.2
74
79.9
86.6
86.6
90.4
94.3
95.7
89
61.3
54.1
46.5
42.5
41.1
40
38.1
36.7
37.3
39.3
47.5
57.8
61.9
52.9
60.4
69.3
65.1
77.3
78.5
88.5
86.3
94.2
95.9
94.2
67.6
54.6
48.2
44.2
39.7
39.8
41.8
42.6
44.8
48.4
57.6
63.6
68.8
68.9
71.2
77
84.6
64.7
77.3
82.5
88
89.2
95.7
78.1
61.2
66.2
57.9
79.7
98
98
98
76.1
62.9
58.9
60.3
63.3
76.5
96.6
97.5
97.6
83.5
80.8
97.2
85.4
73.4
67.7
67.2
69.5
71.3
68.8
68.4
96.4
98
98
98
98
98
98
93.9
77.4
69.9
65.7
61.5
77.4
77.1
97.6
93.1
96.1
98
98
98
98
98
98
98
98
98
98
98
98
98
98
97.8
97.9
97.8
98
97.9
95.1
97.7
97.7
97.7
97.7
92.6
79
76.2
90.7
83.3
89.1
74.8
60.2
60.8
63.4
55.8
53.3
56.6
61.5
61.6
67
82.7
94.5
97.6
97.7
97.8
97.3
97.7
97.9
97.9
97.9
98
97.9
77.2
56.7
49.2
41.7
37.6
35.7
34.6
33.8
33.8
34.9
42
52.5
57.1
65.9
69.4
80.6
81.4
76
84.4
95.2
97.6
97.5
97.6
94.2
65.7
53.7
43.9
42.1
41.2
41.1
39.9
39.2
39.2
42
52.2
62
72.5
64.5
79.1
74.9
77.5
86.7
85.1
83.4
89.3
97.5
97.6
96.7
78.6
62.8
51.6
52.2
49.7
49.8
47.6
47.6
48.6
49.7
59.2
68.1
78.9
71.1
73.6
84.8
87.7
75.6
78.7
81.7
93.1
90.4
89.8
90.2
89.7
90.3
76.8
70.4
64.8
62.2
62.4
63.2
62.2
61.4
61.7
67.2
70.5
85.1
97.6
97.4
91.2
86.2
82.5
85.7
91.6
97.5
97.6
97
82.4
63.7
58.3
58.3
56.2
54.4
51.2
49.3
51.1
52.9
55.5
57.2
61.6
58.9
58.1
54.8
56.2
61.1
61.8
70.8
74.1
76.3
78.5
76.1
74.3
58.7
49.1
45.1
46.9
48.4
46.1
47.1
48.9
52
53.4
55.5
61.7
61.3
61.8
66.3
68.3
78.7
74.7
75.3
69.1
76.7
73.9
75.5
74.9
64
55.8
47.7
41.3
36.4
36.7
34.7
37.9
40.3
44
53.4
58.4
63.5
56.9
63.8
64.4
57.3
58.8
58.5
56.5
63.4
69.2
76.1
64.8
59.4
55.8
46.7
44.1
43
41
40
41.9
48.4
52.7
62.3
57.7
60.6
77.3
82.4
86.6
92.3
94.7
91.1
95.3
97.1
97.3
96.7
72.1
57.5
51.8
49.1
47.8
44.2
44
41.7
40.3
42.3
51.6
61.9
71.9
76.9
74.1
64.6
71.6
66.6
92
98
98
97.8
80.3
75.5
78.9
64.5
55.1
49.7
51.5
48.1
46.7
46.2
48.2
56.5
70.5
85.2
97.1
77
82
97.9
98
98
98
98
98
98
97.1
96.8
87.7
65.1
52
50.4
50.4
46.3
43.8
43.2
41.5
44.2
48.9
49
50.9
51.9
58.4
58.4
61
72.2
73.8
71.6
70.3
72.4
73.9
75.6
75.4
76.6
77.9
72.8
60.9
60
54.3
56.2
59.7
63
68.8
71.3
65.8
69.6
70.5
57
63.9
87.1
93.4
90.5
88.3
92.1
94.8
95
77.5
53.7
45.8
42
42.4
40.9
39.8
38.4
39.2
40
42.7
52.4
61.2
66.2
61.5
66.9
72.9
78.3
76.3
73.9
74.2
79.4
92.3
92.7
68.9
56
47.6
47.8
47.5
45.6
43.3
42
42.7
46.5
58.9
67.1
80
92
96
97.5
97.5
97.5
97.5
97.5
97.5
97.4
97.6
90.8
84.7
68.8
64.3
61.3
57.7
57.6
58.1
54.1
53.1
57.7
62.8
69.9
83
87.8
94
88.1
84.3
84.8
88
94.4
91.4
91.7
89.9
91.5
88.3
70.8
67.8
62.5
52.1
47.5
45.4
43.9
44.5
49.7
61.6
66.2
71.5
84.4
79.1
79.5
80.7
80.2
75.8
82.4
88.2
81.3
75.1
82.2
80.2
80.3
81.2
79.8
83.5
89.9
92.1
95.2
94
85.4
96.9
97.6
97.3
97.6
97.7
97.6
97.7
97.7
94.2
97.8
98
97.9
97.6
96.3
95.5
98
98
98
84.3
62.7
56.9
53.1
71
49.5
49
58.8
56.5
55.1
70.2
74.2
68.1
62.5
60.4
62
67
70.6
70
70.5
54.2
41
39
35.4
33.1
33.3
34.7
30.4
22.2
23.4
27.6
23.8
30
31
31.3
34.9
34.9
43.5
57.8
63.4
70.2
69.2
69
64.7
55.1
44.3
38.8
33.5
31.7
30.5
30.9
30.4
30.8
34.9
47.3
58.9
66.9
70.3
71.5
72.7
78.3
83.8
78.5
94.5
97.5
97.6
97.5
96.4
69.6
52.6
43.5
38.9
38.8
39.3
38.8
37.7
39.5
44.6
58.1
67
79.3
83.2
86.7
84.9
86.6
89
93.5
78.5
90.9
86.2
86.6
78.9
67.2
58.3
54.1
54.7
51.6
50.4
49.2
51.2
53.7
58
65.2
74.3
79.4
82.8
84.8
87.3
83.8
88
89
87.8
91.5
88.2
83.3
88.7
92.5
80.3
69.8
56.1
53.9
53.7
52.8
50
51.5
55.2
68.1
82
96
97.5
97.5
97.6
97.6
97.7
97.7
97.7
97.7
97.5
97.5
97.6
84.3
61.8
62.6
60.6
54.3
49.5
47.3
46.9
48.1
51.4
64.1
77.6
87.8
93.5
94.7
97.5
97.6
97.6
97.7
97.6
97.8
97.8
97.8
98
95.1
72
56.7
49.9
47.4
46.8
45.6
44.1
44.2
48.9
66.5
79.5
87.9
74.7
88.5
92.3
97.6
97.7
97.6
97.7
97.8
97.8
97.8
97.9
93.2
65.4
55.8
52
49.8
47
47.6
45.8
44.8
51.5
66.9
79.2
94.7
97.4
97.6
97.6
97.7
97.8
97.7
97.7
97.8
97.8
97.7
97.6
86.1
59.5
50.4
49.7
47.1
42.5
43.6
41.8
42.6
50.2
62.7
66.6
65.6
78.5
89.8
90.9
94.8
97.4
97
93.6
97.4
97.5
97.4
97.5
81.9
61.1
50.7
44.2
41
38.1
38.4
39.1
44.7
52.6
61.4
70.6
76.1
86.1
94.7
94.1
79.9
90.2
90.5
87.7
83.6
85.8
81.8
83.8
81.3
60.6
48
44.1
44.7
42.4
38.6
38.4
38.7
40.9
48.9
62
63.7
65.2
76.8
75.8
81.9
91.8
96.4
96.9
96.4
90.3
90.9
92
79.1
55.9
47.5
41.6
40.1
39.3
38.1
38.5
43.2
50.2
60.9
69.9
74.8
84.4
85.5
87.1
89.6
95.5
97.5
97.5
97.6
97.5
97.5
96.7
92.6
83.5
90.5
69.6
65.8
67
61.1
65.4
67.6
72.4
77.3
90.8
97.5
97.6
97.6
97.3
96.1
97.6
97.7
97.6
97.7
97.8
97.8
97.9
95.7
71.4
56.9
57.4
55
50.9
48
46.2
45.8
51.2
55.1
62.5
74.3
67.6
65
62.2
60.7
65.6
92.4
92.1
82.6
68.3
67.2
66.8
61.6
52.2
50.8
54.7
55.1
54.4
52.6
52.3
52.9
54.3
60.1
61.4
67.7
71.9
72.4
71.9
70.3
68.9
67.5
67.5
72.2
73.1
79.4
82.1
71.6
55.8
47.2
43.1
42.8
39.8
40.9
41.4
42.8
48.7
60.1
69.5
77.7
84.2
85.5
88.6
83.6
94.9
97.5
97.6
97.6
97.6
97.7
93.5
88.2
67.8
60.7
57
54.8
50.3
47.8
47.5
50.9
57.5
68.8
71.9
93.2
88.8
80.5
77.7
75.8
80.3
79.4
77.4
86.9
87.9
91
90.7
75.3
69.7
66.7
63.7
58.6
53.8
55.8
54.9
56
64.1
75.9
80.8
80.8
80.3
80.4
81.3
81.5
78.8
81.6
82.3
83.6
88.3
86.9
90.8
96.1
92.6
78.6
70.8
68.4
67.8
65.1
62.6
65.5
69.7
89.1
97.3
96.5
94.9
97.4
97.5
97.5
97.6
97.7
97.8
97.7
97.6
97.6
97.5
97.3
81.3
83.1
65.9
62.1
55.6
57.6
61.5
62.3
70.4
78.1
89.2
82.7
77
84.3
87.8
85.4
90.2
93.9
79.2
93.9
96.1
97.6
97.5
95.7
77.4
69.2
63.7
56.4
51.8
52
53.6
53.6
58.1
66.3
71.6
79.4
84.4
79.4
87
86.6
83.3
87.5
92.8
96
93
95.9
96.3
94.2
77.9
67.4
57.9
53.8
51.8
54.6
54.3
55.3
61.4
75
86.5
92.6
97.6
97.7
97.8
97.8
96.6
97.2
97.8
97.9
97.8
97.9
97.9
97.9
93.6
80.6
76
71.4
66.4
61.1
60.8
62.7
73.3
93.2
97
97.7
97.9
97.9
98
98
98
98
98
97.7
97.6
97.7
97.6
97.6
87.7
78.3
86.5
97.7
97.7
96.3
96
97.4
97.5
97.5
96.5
97.5
97.1
97.2
97.5
91.3
96.6
97.7
97.6
95.8
84.6
80.9
95.2
95.8
97.5
88.4
67.4
68.3
65.8
62.6
62.4
87.1
97.7
97.8
92.4
82.2
96.7
97.9
98
98
98
98
98
98
98
98
98
98
98
98
98
98
98
98
98
98
98
98
98
98
98
98
98
98
98
98
98
90.8
82.7
69.1
63
63.5
64.9
65.2
61.1
52.1
42.1
39
39.3
45.2
51.4
69.6
94.6
96.3
98
98
98
98
98
98
95.4
79.5
77.8
81.2
89
97.8
98
98
98
98
98
98
98
98
98
98
98
98
98
98
98
97.9
96.4
97.2
97.5
97.8
98
98
97.5
97.6
97.5
97.6
90.5
82.8
67.7
63.4
64.8
64.3
84.7
97.6
97.7
97.9
98
97.9
98
98
98
98
98
98
98
98
98
98
90.6
66.7
66.6
64.4
61.4
62.3
67.4
69.1
79.5
93
92.5
91.1
93.5
91
81.8
75.3
69.3
69.1
81.8
97.9
98
98
95.1
91.3
90.7
97.9
96.7
92
98
98
98
98
98
98
98
98
98
98
98
96.8
83.4
71.4
70.3
83.9
84.9
72.5
68.8
66.7
73.1
72.3
69.2
93.1
96.6
95
98
98
98
98
98
89
89.1
92.6
79
70.4
72.8
69.8
72.3
67.2
60.6
63.6
94.3
98
98
98
97.8
97.9
98
93.4
81.3
72.8
69.5
68.2
66
65.4
62.9
61.9
86.5
97.8
98
98
88.8
77
81.3
74.3
74
89.8
95.1
67.1
62.6
60.6
55.1
53.6
59
64.4
82
95.2
97.6
97.7
90.5
78.2
82.6
75.8
95
98
98
96.5
79.9
72.5
77.3
88.4
90
89.6
76.2
62.5
56
56.3
58.3
60.6
66.7
71.4
75.6
80.1
94.4
97.5
97.5
97.5
97.5
97.6
97.6
97.6
97.8
97.7
97.7
93.9
69.4
60.1
58.9
60.1
56.1
59.4
60.9
63.9
71.6
85.1
97.1
97.5
97.7
96
97.8
97.7
97.6
97.6
97.8
97.8
97.8
97.7
97.8
97.8
88.1
68.9
63.4
62.3
62.2
61.4
56.7
60.2
72.4
86.6
97.4
97.6
97.7
97.8
97.8
98
98
98
98
97.8
97.7
97.8
97.9
97.9
85.6
79.9
72
66.6
64.4
63
68.5
73.3
84.4
94.3
83.8
92.8
88.9
97.3
92.7
85.5
91.6
97.4
97.5
97.5
97.6
97.7
97.6
97.6
97.6
95.2
81.5
85.2
76.3
69.6
71.8
85.5
94.8
97.6
97.6
97.6
97.6
97.5
97.6
97.7
97.8
98
98
98
98
98
98
98
98
98
98
98
98
98
98
98
98
98
98
98
98
97.8
97.9
98
98
98
98
98
98
95.7
96.5
78.2
86.5
85.8
93.7
97.8
98
98
98
98
98
98
98
98
98
98
98
98
98
98
98
98
98
98
98
98
98
97.8
94.7
76.2
68.3
60.4
57.9
56.5
78.8
92.5
97.6
97.7
97.8
97.9
97.9
96.9
91.7
97.7
97.8
97.9
97.9
98
98
98
80.2
63.5
59.4
59
57.6
57.7
60.4
63.2
79.3
96.5
97.6
97.7
97.8
97.9
97.9
96.4
94.5
88.9
97.6
97.8
97.7
97.7
97.6
96.1
72.1
56.6
48.5
44.9
45.4
47.4
53.5
57.1
68.9
89
97
97.4
95.4
77.1
76.2
79.7
77.2
71.9
73.4
77.2
79.5
77.6
79
74.1
65.2
56.5
46.8
42.4
42.5
43.8
46.2
49.6
59.4
75.8
79.9
90.1
96.7
97.2
97.3
87.1
89.8
76.4
72.4
81.4
83.5
73.2
71.6
68.3
76.6
70.8
60.8
61.3
59.9
59.9
61.4
67.9
80.5
79.8
82.8
83.7
85.9
88.9
86.8
87
83.5
86
92.1
97.2
97.6
97.7
97.8
97.8
88.5
62.3
57
53.2
53.9
55.3
54.4
57.1
69.8
82.1
93
96.7
97.2
86.2
96.6
97.5
97.5
97.5
97.5
97.5
97.5
97.1
97.4
87.3
64
56.8
51.1
49
52.5
54.1
56.8
58.3
62.1
65.1
70.7
79
80.7
82.6
92.1
96.8
88.3
79.3
76.3
80.8
84.6
76.9
67.7
64.3
62.9
55.4
52.8
49.8
50.5
51
50.9
55.5
63
58.9
51.4
34.3
31.2
26.1
21.9
20.1
20.1
22.8
28.2
32.7
37.5
39.6
35.2
34.2
33.1
31.2
30.5
25.2
21.7
25.7
26.9
28.6
35.5
37.4
40.4
41.5
44.2
47.2
47.4
43.9
45.2
48.6
45.1
31.6
36.4
34.1
37
40.4
35.7
32.3
28
20.8
20.2
20.1
20.1
20.4
32
38
42.4
44.2
46.6
47.3
38.1
35
34
45.2
70.7
88.9
97.5
97.6
97.7
97.8
97.9
98
98
98
97.9
97.7
96.1
87.4
96.1
97.6
97.7
97.6
97.5
97.5
97.6
97.6
97.6
97.7
91.4
96
91.3
97.4
88.9
85.1
92.2
79
67.6
65.6
62.9
60.4
57.1
58.9
76.5
95.9
97.4
97.5
97.4
97.5
97.4
97.5
97.5
97.5
97.5
97.4
95.4
94.4
91.1
88.7
69.7
52.8
45
41.3
39.3
39.7
39.8
41.9
52.9
61.6
71.9
74.1
76.6
82.6
85.1
86.6
86.1
89.9
87.1
89
89.8
88.1
78.9
88.6
71.4
55.4
50.3
47.8
51.2
51
49.8
52.1
65.7
78.4
79
85.8
91.1
96.7
97.4
89.1
83.8
84.3
84
74.2
77.8
93.9
97.7
97.9
98
98
98
98
98
98
98
98
98
98
98
98
98
98
98
98
98
98
98
98
98
98
98
98
98
98
98
98
98
97.8
97
96.7
97.5
93.1
97.7
98
98
98
98
98
98
98
98
98
98
98
97.8
97.3
91.9
82.7
85.2
86.3
81.2
77.2
82.5
97.9
98
98
98
98
97.9
97.9
98
98
98
98
98
98
98
98
98
98
98
98
98
98
98
98
98
98
98
98
98
98
97.9
97.5
91
96.5
90.1
97.5
95.6
97.1
97.6
97.8
92.2
97.6
97.6
97.5
90
89.6
85.1
82.1
77.5
92.8
97.7
97.9
98
98
97.9
98
98
98
98
98
98
98
98
98
98
97.8
97.5
86.5
69.2
65.5
70.9
66.7
69.4
73.6
92.5
97.6
97.7
97.7
97.7
97.7
92.2
74.4
90.5
97.2
97.5
94.6
92.6
88.3
88.2
91.5
64.8
57.8
54.8
52.7
48.9
51.6
55.8
62
71.9
86.4
91.4
77
62
59.2
60.6
79.6
97.5
91.5
90.5
91
97.6
97.8
97.9
98
98
98
98
98
98
98
98
98
98
98
98
98
98
98
98
98
98
98
98
98
97.9
98
98
98
97.9
88.3
74.6
79.5
93.6
88.4
81.5
89.1
96.1
97.7
97.7
97.9
97.9
97.8
97.5
97.7
85.6
94.4
93.1
89.2
78.3
68
66.8
63.3
62.5
53.1
46.3
42.9
45.6
43.7
51.9
56.7
67.1
85.4
85.6
71.5
66
70.1
65.4
64.6
63.7
62.3
65.3
63
64.9
63.1
63.1
63.9
56.4
47.5
38.1
34.4
33.5
35.4
39.7
42.7
57
66
74.7
77.3
81.8
74.1
74.7
64.9
75.2
78.1
74.5
72.3
76.2
77.5
77.7
76.3
51.4
51.2
49.7
50.2
46.6
47.7
57.3
64.6
60.9
70.8
83.5
87.3
87.7
76.8
71.4
86.2
97.7
98
98
98
98
98
98
98
98
98
98
98
98
98
98
98
98
98
98
98
98
98
98
98
98
98
98
98
98
98
98
98
98
98
98
98
98
98
98
98
98
98
98
98
98
98
98
98
98
98
98
98
98
98
98
98
98
98
98
98
98
98
98
98
98
98
98
98
98
98
98
98
98
98
98
98
98
98
98
98
98
98
98
98
98
98
98
98
97.7
97.7
97.6
97.8
98
98
98
98
98
98
98
98
98
98
97.9
97.5
92.1
91.5
83.9
79.4
71.8
70.4
67.2
63.5
63.2
65.2
65.4
61.3
59.9
59.8
59
61.2
62.4
58.7
56.6
62.9
70.4
66.6
70.7
82.5
97
97.6
97.9
98
98
98
98
98
98
98
98
98
98
98
98
98
97.9
97.9
90.3
97.1
83.7
97.4
97.7
97.7
97.6
96.9
94.9
97.4
97.6
97.8
97.8
98
98
98
98
98
98
98
98
98
98
98
97.9
97.8
97.6
97.7
95.2
97.6
97.6
97.3
90.4
73.8
75.5
77.1
81.8
89.1
93.4
97.7
97.9
97.9
98
98
97.9
97.8
97.7
95.7
85.5
70.4
85.2
84
77.6
69.9
77.6
65.1
54.7
53
50.7
69.3
73.1
64.3
55
64.9
62.1
67.7
72.2
74.7
75.7
74
76.9
79.1
71.3
69.1
76.3
74.6
71.2
75.9
68.5
60.5
63
47.8
45.2
45.4
45.7
48.8
62.1
75
78.2
77
68.7
52.2
46.1
50.2
50.5
47.6
53.4
68.2
79.6
87.1
79.5
84.2
79.2
61.1
51.4
41.5
45.2
48.3
48
57.5
72.1
82.8
87
91.6
92.6
92.5
89
82.7
90.7
83
83.8
78.8
71.9
78.1
79.1
81.8
71
59.8
53.1
49.8
47.7
48.4
50.2
51.7
67.1
77.1
81.1
87.8
96.1
88.7
97
97.5
97.6
97.6
97.6
97.7
97.8
97.9
97.8
97.9
97.7
80.9
61.4
56.3
56.5
54.5
56.2
57.9
80.2
97
97.6
97.7
97.8
97.7
97.8
97.9
97.9
97.7
97.8
97.9
97.2
67.2
82.4
86.1
78.2
70.5
58.2
48.7
45.4
48.7
45.6
56.6
77.2
92.7
96.7
93.8
84.7
68.9
75.7
73.3
67.7
62.8
67.3
68.9
62.6
63.6
64.2
59.4
63.3
54.7
48.4
50.4
54.1
54.4
58
57.6
68.9
85.5
94.1
97.7
97.9
97.9
98
98
98
98
98
98
98
98
98
98
98
97.8
92.6
76.7
55.8
60.9
59.3
57.8
72.5
83
83.6
84.2
80.5
83.5
91.3
97.7
98
98
98
98
98
97.8
96.5
97.3
96.3
97.2
90.2
65.3
58.1
51.2
50.7
52.6
60.1
68
64.3
73.9
77.6
81.5
86.4
91.2
96.9
95.1
86.3
79.8
93.7
97.4
95.7
93.5
81.6
61.5
55
50.8
48.5
50.1
49.6
48.2
54.5
62.1
64.4
68.2
75
78
80.1
75.2
90.3
90.3
89.7
77.3
90.4
94.4
95.2
95.5
93.2
83.3
62.8
56.6
58.6
59.5
60.5
66.1
86.7
97.4
97.5
97.5
97.4
93.7
92
83.5
91
92.6
91.1
93.8
91.6
93.1
92.6
93
85.9
83.9
76.8
70.7
66.5
64.1
62.9
65.9
71.9
77.9
83.7
89.6
95.8
97.5
88.6
87.7
81.7
89.3
95.1
94.1
96.8
91.7
83.2
78.7
80.7
65.7
59.5
59.2
52.7
56.4
59
63
72.7
81.2
94.2
92
90.5
97.4
96
96.2