85.1
85.5
85.2
83.6
83.5
74.2
67.1
69.6
54.5
60.4
60.7
52
46.8
47
46.5
60.8
64.6
60.5
48.1
43.3
40.6
42.8
46.1
47
45.4
46.9
49.6
49
47.7
47.1
51
67
56.4
49.4
48.9
51.2
55
58.7
58.3
58.7
57.5
57.7
57.6
58.2
59.7
59.5
60.2
61.9
64.7
65.2
61.7
61.3
63.9
68.1
77.8
81
81.5
88.5
89.8
93.6
90
90.2
87.5
84.2
89.2
94.4
95.6
95.9
96.5
96.8
97.1
97.6
97.8
97.7
97.5
97.5
97.6
97.8
97.8
97.9
98
98.2
98.3
98.3
98
97.9
97.7
97.8
98
97.7
97.7
97.5
97.7
97.8
97.1
97.5
97.7
98.1
98.4
98.8
99
99.5
99.8
100
100
100
100
100
100
100
100
100
100
100
100
100
100
100
100
100
100
100
100
100
100
100
100
100
100
100
100
100
100
97
86.1
77
87.6
93.5
94.7
95.3
97.3
98.4
99
99.4
99.9
100
100
100
100
100
100
100
100
100
100
99.3
85.3
76.9
76.5
83.5
86.9
87.3
88.6
90.9
94
97
98
99.1
99.2
98.9
98.7
98.5
98.5
98.5
98.5
98.9
99.2
99.3
99.6
98.9
89.2
83.1
69.8
75
80.5
93.4
97.8
98.5
98.8
99.1
99.1
99
99.1
99.8
100
99.6
100
100
100
100
100
100
99.9
98.5
91.5
80.4
79.5
83
83
86.3
88.3
89.1
90
91.6
93
94.4
94.7
95.4
95
95.1
95.3
95.3
96.3
95.4
94.3
92.6
86.9
84.4
80.8
79
73.5
61
61.6
79
88.8
90
90.7
90.8
90.7
91.7
92.7
92.8
94.7
95.8
93
94
95
95.4
95.4
95.4
96.4
94.3
92.8
92.5
91
87.3
80.6
77.3
78.3
84.3
88.5
92.8
95.4
96.3
96.4
89.7
81.1
80.5
83.2
82.2
81.3
82.4
86.4
84.4
85.7
82.7
77.7
74.1
76.4
82.6
84.9
86
89.4
87.1
88.7
89.1
90.1
96.3
97.3
97.6
96.7
92.5
94.1
86.8
84.5
82.6
81.3
76.9
85.9
92.1
92.4
91
90.5
90.6
93.3
96
97.8
98.5
98.9
99.3
99.5
100
99.6
99.7
100
100
100
100
100
100
100
100
100
99.9
96.8
90.8
86.4
89.3
90.4
93.8
95.6
97.5
98.1
96.7
96.9
96.9
97.6
98.1
98.3
98.7
98.7
93.2
96.5
97.4
98.2
98.5
86.8
88
88.5
87.3
86.6
83.6
78.5
86.5
87.8
85.5
82.2
79.5
76.2
73.5
73.3
73.7
74.8
75.2
78
81.3
79.8
83.1
86.5
86.3
84.3
84.7
81
70.7
68.8
71.5
76
80.8
81
83.4
81.3
94.5
97.3
97.8
98.4
98.8
98.8
98
98.1
98.5
98.7
98.8
99.1
99.3
98.7
96.4
93
89.1
87.8
86.7
83.3
81.4
91.2
96.8
98.3
99
99.4
99.8
100
100
100
100
100
100
100
99.9
99.9
100
98.5
94.5
89
80.8
73.4
69.1
66.7
73
86.6
92.5
95.9
97.9
98.6
99.1
99.5
99.7
99.8
99.9
100
100
100
100
100
100
100
100
97.8
78.5
73
70.1
76
82
93.7
97.5
98.4
99
99.5
99.6
99.5
99.8
99.3
99.8
99.9
100
100
99.5
100
100
100
100
100
99
98.9
98.3
98.5
98.8
99.8
100
100
100
100
100
100
100
100
100
100
100
100
100
100
100
100
100
98.7
94.9
94.9
95.3
96.3
96.8
97.1
97.3
98.6
99.5
100
100
100
100
100
100
100
100
100
100
100
100
100
100
99.4
91.5
87.6
86
85.8
89.8
97
98.4
94.5
19.4
39.5
60.3
64.2
72.6
77.3
74.8
73
77.3
78.7
77.6
74.5
62.9
40.4
34.9
24.2
28.3
29.1
31.1
35.1
49.5
58
56.4
59.5
56.2
70.8
73.8
72.1
76.9
78.2
83.1
85.8
88.5
89.3
89.3
90.7
84
63.8
49
45.6
38.3
37.7
38.7
38.7
44.6
61
71.9
78.7
82.5
84.9
86.7
88.7
90.1
88.9
88.8
89
89
91.5
89.4
87.4
83.6
76.4
62.7
58.9
52
52.1
51.3
51
54.5
77.2
83.2
81.9
82
82.4
86.3
88.8
89.5
91
92.6
93.5
94.7
95.4
95.3
96
94.1
67.2
49.8
45.2
46.6
47.1
42
50.5
58.6
64.6
69.3
78.8
86.1
88.7
90.3
90.3
89.3
91.1
86
87.5
85
81.8
66.1
64.4
56.3
40.8
34
33.5
30.6
32.2
34.5
33.8
32.7
47.2
54.4
55.8
59.2
58.5
58.4
62.9
67.6
68.3
66.8
69.7
73
74.4
75.5
74.9
71.8
69.1
67.5
57.7
31
25.9
28.2
32.3
33
38.3
47
53.5
51.8
46.6
45.5
43.8
45.2
47.1
48.5
64.1
78.6
85.4
88.8
91.9
86
66
62.4
60.9
60.1
59.7
59.8
61.8
68.4
78.8
86.6
91.6
89.7
94.2
94.3
95.5
96.3
97.8
98.3
98.5
97.2
92.3
89.2
88.3
88.4
85.5
86
90
87.3
93
92.4
92.4
93.3
94.1
93.4
94.8
97
97.2
96.5
94.3
91.7
94.2
96.6
97.1
97.6
98
98.5
98.5
98.5
93.1
83.3
77
76.5
70.8
71.5
77.4
84
89.7
92.8
96.9
98.4
98.6
98.6
99.3
99.7
100
100
100
99.7
98.6
97.9
94.9
93.3
93.1
89.5
91.7
90.7
90.8
92
88.8
89.6
92.9
95.5
95.7
95.7
96.1
94.7
92.6
96.1
96
95.9
97.9
97.6
98.2
98.6
98.7
98.8
98.6
98.3
97.7
94.5
91
93.1
89.8
88.3
88.9
91.9
95.9
97.5
98.3
98.9
99.9
100
100
100
99.2
96.8
95.5
94.8
96.2
97.2
89.8
82.7
79
79.8
78.5
76.9
78.8
82.4
84.8
87.4
87.6
91.7
94.4
96
96.4
96.7
96.7
96.7
96.7
97.4
97.8
98.2
98.4
98.4
98.2
96.6
95
94
90.2
81.5
82.3
76.3
70.8
70.7
78.2
81.3
91.8
97.6
98.6
99
98.5
95.8
98.2
98.6
98.3
97.7
97.6
98
98.1
95.4
81
76.5
65.8
58.6
51.1
63.8
80.6
90.6
89.9
94.7
96.2
97
98
98.1
98.2
98.5
98.7
98.6
98.6
99
99.2
99.9
92.4
67
56.9
53.5
49.2
48.3
46.5
50.1
58.6
62
78.2
84.7
89.8
90.5
91.8
90.2
90.9
94
95.2
93.3
92.4
88.6
91.6
81.2
56.5
40.2
31.3
27.3
27.6
24.6
26.9
30.3
48.3
62.2
71.4
76.5
76.5
71.2
66.8
61
45.2
23.3
26.8
29.2
30.2
32.3
30.9
29.3
28.1
29.1
29.3
30.5
29.4
28.9
30.2
33.5
42.4
44.2
50.2
64.5
70.4
76.3
76.9
78.5
80.2
81.8
83.2
83.1
81.3
80.6
83.7
72.8
50.7
41.8
39.1
38.2
39
38.6
39.4
43.6
54.2
66.1
72.6
76.3
79.5
82.1
83.1
83.8
85.4
87.7
89.2
88.5
90.3
92.2
91.9
79.5
52.3
43.5
41.9
41
40.6
40.7
40.9
43.1
56.4
67.2
72.9
76.3
82.3
82.8
83.8
86.6
87.1
87.4
89.1
89.9
92.3
92.4
93.8
78.7
55.6
49.3
45.3
45.8
45.2
43.5
44.6
48.2
62.2
73
79.6
85.4
90.1
73.2
86.7
91.7
92.9
95.5
96.3
96.9
96.9
96.3
96.4
92.8
71.1
55.4
51.5
50.9
48.2
48.3
50.5
54.2
66.8
75.9
79.4
87.6
91
92.8
94.8
96
96.8
97
97.3
97.4
97.7
97.8
97.7
98.4
84.2
59.8
53.8
49.6
46.7
41.2
41.2
44.5
57.5
62.1
68.4
77.4
83.4
87.6
91.6
93.1
93.7
94.5
92.5
92.9
94.3
93.9
94
80.9
55.9
44.8
42.8
43.4
39.2
37.2
35.6
36.6
50.6
53.1
62.7
75.9
83.5
81.7
83.9
88.5
89.7
90.3
88
91
92.3
92.3
90.4
76.9
56.6
45.1
41.3
39.8
38.2
37.2
39.8
43.1
45.9
47.3
50
53
53.9
60.1
58.7
53.3
52.5
52.7
52.6
52.3
47.5
47.1
46.4
46.8
47
47.6
44.9
42.1
39.6
39.5
39.9
42.8
51.4
54
51.9
51
55.2
55.6
55.6
57.1
57.9
53.9
52.4
56.4
57.8
56.5
54.7
50.4
47
45.9
44.7
42.8
40.9
41.4
42.3
42.2
50.4
54.4
55
59.9
70.8
75.8
78.6
79
81.1
83.8
86.7
88.2
89.2
83.5
80
67.9
56.2
51.5
50.5
47.1
43.5
41.9
41.8
43.7
49.9
49.7
50.5
49.2
52.3
60.6
80.6
85.5
88
87.7
90.3
92.3
93
94.4
94.9
78.6
58.4
48.3
44.8
44.3
44.5
44
43.3
43.5
51
59
65.4
69.1
75.8
74.2
74.1
84.9
87.3
84.6
83.5
85.1
85.2
78
73.1
70.3
65.7
62.5
59.2
57.1
58.8
59.4
61.5
64.3
69.6
79.8
83
82.6
86.8
87.9
84.4
82.5
84.6
91.7
94.7
95.5
95.1
96.5
97.6
97.7
77.5
62.5
62.1
58.9
55.8
53.4
52.6
55
64.5
77
86.9
87.5
90.2
92.9
94.5
95.2
96.3
97.2
97.7
98.1
98.5
98.3
99
98.8
78
69
59.9
57.5
55.8
54.4
56.2
64.4
71.8
79.6
85.6
92.7
94.9
95.9
97.5
97.6
98.3
98.6
98.7
99.2
99.5
99.7
100
100
96.6
75.9
69
68.8
71.1
70.8
70.5
73.5
79.9
88.7
92.4
93.7
94.3
96.6
97.9
98.5
98.9
99.5
99.9
99.9
100
100
100
100
98.1
70.6
65.4
62
58
56.4
56.7
59.3
70.3
86.1
92.8
96
98
98.7
99.1
99.5
99.8
100
99.9
100
100
100
100
100
100
100
100
98.2
89.4
82.7
84.9
90.4
94
96
96.7
96.8
96.1
96
96.8
98.5
99.5
100
100
100
99.5
98.2
98.2
97.2
94
82.8
72
70.1
66.5
58.8
60.7
70.6
77
85.2
90.6
88.3
87.5
92.4
96.1
95.6
96
95.9
95.9
96.7
98.7
99.2
98.8
95.7
88.6
85.6
81.3
80.2
80.2
78.6
76.6
79.2
81.5
85.4
86.5
87
85.8
84.6
86
85.6
85.5
85.9
86.5
87.5
87.2
87.6
84.6
73.3
66.8
62.3
61.1
53.4
55.2
55
60.9
63.5
68
73.4
76.8
77.7
87.7
90.1
90.5
86.5
93.2
96.3
98.1
98.4
99.2
100
99.9
93.8
80.5
71.4
66.5
62.7
54.2
52.2
53.1
56.8
61.7
66.1
71.1
73.7
70.1
72.5
74.4
77.3
79
81.1
79.6
77
76.6
82.7
82.2
76.2
74.5
64.2
59.4
58.9
56.5
52.3
49.4
50.4
57.5
58.4
41
31.5
48.9
55.2
52.9
37.4
27.4
45.5
62.1
69.4
73.2
73.8
62.7
39.5
35.2
32.6
30.6
24
21.5
19.2
17.4
20.7
23.2
23.4
27.8
36.7
47.7
57.5
60
63.5
65
67.8
60.5
59.9
76
83.1
85.8
60.9
56.2
54.7
51.5
46.9
44.3
44.6
44.1
47.5
54
65.3
68.2
62
62.6
70.2
74.4
78.1
80.5
81.5
80.5
79.6
80.4
88.2
88.8
90.2
87.9
77.4
71.4
57.1
48.5
46.9
52
59.3
74.9
83.6
91.7
91.6
90.6
91.9
91.5
91.4
93.8
96.2
95.7
92.5
93.8
96.3
97
93.9
86.1
73.7
64
55.3
53.5
54.2
46.1
45.8
51.9
61
67.4
62.2
57.1
44.4
24.5
21.4
30.4
43.5
45.5
47.1
49.3
52.1
47.9
34.8
36.3
32.3
26.5
27.7
26.3
25.3
23.5
26.4
30.4
37.3
41.8
47.5
44.9
50.2
44.5
45.4
51
51.4
54.3
57.4
58.8
59.4
59.7
43.4
34.5
33.3
36.3
39.5
42.6
42.5
44.5
53.5
55.8
59.9
64.7
75.7
89
80.9
80.2
82.4
86.9
89.1
93.3
95.2
96.1
97.1
96.4
95.1
93
89.2
82.5
77.2
77.2
77.8
77.5
76.6
80.7
84.5
87.4
87.1
86.3
85
87.9
90
91.6
92.5
93.7
94.5
95.4
95.5
94.6
90
84.7
82.5
78.2
73.3
75.1
74.9
81.5
87.4
93
93.3
87.8
88.7
90.7
91.1
94.7
93.7
90.3
88.4
92
88.5
88.6
86
84.3
84
80.9
78.5
79.2
80.5
80.7
78.4
79.8
75.8
76.8
82.6
79.8
81.8
86
88
89.5
89.3
89.9
78.7
83.4
92.1
91.9
95.7
96.4
89.4
78.9
76.7
66.8
63.1
57
56.8
54
58
66.3
69.3
64.7
74.7
86.9
92
93.4
95.4
96.8
95.9
97.4
98.2
98.7
99.8
99.7
80.1
64.6
58.3
49.6
38.7
40.7
39.8
43.1
47.9
56.2
66.1
69.3
77.6
78.6
88.1
90.9
76.8
40.4
36.9
65.1
69.3
72.3
71.7
63.4
47.6
54.8
42.8
29
31.1
32
29.8
27.9
27.7
23.5
48.7
49
47
48.8
58
63.2
72.1
85.3
90.7
93
93.8
94.5
95.6
89.2
67.2
54.5
49.6
50.5
49.9
49.9
49
48.2
47.9
48.9
61.8
73.8
77.2
83.5
87.1
90.1
93.3
93.8
95.6
95.6
97
98.3
98.1
90.7
76.4
67.1
65.9
62.1
63.6
66.3
65.9
65.1
65.3
67.1
68.3
69.5
74
74.3
73.9
73.8
81.4
79.4
78.4
76.2
71
74.1
76.3
73.8
74.3
73.3
75.7
83.8
89.2
77.1
71.6
60.7
58.9
67.3
81.7
88.6
85.5
89.8
92
90.2
95.8
98
99.2
99.8
99.9
100
100
99.9
86.5
69.3
64
61.2
54.1
50.1
45.5
42
38.9
42.4
51.4
55.2
54.5
57.3
63.3
66.3
67.2
77.4
86.2
83.2
84.3
86.4
87
83.2
73
65.8
52.6
46.4
47.1
46.7
47.3
58.6
65.6
70.6
70.7
65
54.5
55.9
60.6
55.7
48.6
47.6
42.5
39.8
41.5
34.3
32.3
28
25.8
25.3
26.9
22.5
21.1
20.8
21.5
22.7
22.9
23.3
30.4
40
48.7
NA
NA
49.9
41.4
52.7
57.9
57.4
59
60.9
53.4
46.9
28.5
24.1
26.5
23.5
22.8
18.5
18.9
16.5
16.8
20.4
24.6
27.6
30.9
34
28.8
41
44.4
46.9
52.1
53.1
55.8
55.1
54.4
46.8
34.8
32.5
33
37.5
40
39.7
38.5
36.3
41.3
44.6
45.8
48
50
50
50.4
56
62.1
63.3
64.5
69.4
70.6
76.3
86.5
76
60
58.5
53.1
48.4
40.4
33.3
31
31.2
33
33.8
37.8
48.2
51.4
53.3
63
56.5
66.3
73.5
76.2
77
70.6
51.8
50.1
49.8
53.9
84.5
90.1
88
87
85.5
85.1
84.1
84.3
83.8
85
87.3
87.2
87.3
89
89.7
78.8
84.7
85.1
89.8
91.2
92.4
95
87.9
73
73.3
63.8
54.5
46.9
40.9
35.5
30.1
25.3
33.9
44.6
46
61.5
72.1
67.3
47.1
55.1
56.2
47.1
37.3
47
49.2
56.7
52.6
32.4
26.4
23.2
14.5
13
12.6
12.5
11.8
11
12.1
12.7
18.1
15.7
19.2
41.7
53.5
53.5
46.7
38.9
43.4
46.7
49.6
54.2
42.8
44.8
39.5
32.8
28.1
24.8
23.6
23.4
23
26.7
33.2
36
43.4
49.1
49.8
55.2
66.7
69.5
64.1
77.3
78.5
82.4
83.5
80
74.2
67.8
60.1
55.3
51.3
46.8
47.8
47.8
49.6
52
55.9
64.4
70.7
76.7
83.4
89.3
93.6
95.7
96.1
95.3
95.4
97.2
98
98.3
87.3
68
58.5
55.2
50.9
46
47.6
43
41.7
45.3
53.8
58.5
64.5
72.1
80.8
85.9
88.6
93.2
94.8
95.7
96.6
97.6
98.2
98.4
88.2
66.6
55.3
51.6
47.9
44.6
41.7
39.8
37.6
38.1
41.5
45.9
46.3
45.9
49.1
52.9
53.8
57.5
60.1
58.3
60.8
71.4
85.1
87.5
71.7
55.3
46.5
44.3
42.8
38.9
34.2
32.7
32.8
35.5
38.7
46.1
48.4
55.3
52.7
46
43.1
65.4
71.7
74.9
74.5
74.9
76.8
78.2
63.8
47.6
41.2
40.2
38.9
37.8
35.4
32.2
30.7
31.8
38.9
42.4
49.5
54.1
53.3
65.6
71.9
76.2
82.8
85.3
87.5
87.9
91.6
90.7
65.9
46.4
43.2
39.4
32.9
30.5
29.8
30.5
30.6
31.6
34.5
40.6
42.6
42.8
44.5
44.5
55.8
65.7
55.7
57.5
62.3
71.2
77.7
76.5
67.4
50.1
43.2
39
36.8
39.4
35.1
22.9
12.6
9.1
10.7
12.1
18.5
45.6
56.7
58.9
70.6
74.8
75.9
78.8
77.5
81.4
82.8
84.5
60.4
41.2
35.8
35.2
34.3
29.2
23
22.3
22.1
25
32.7
39.2
46.6
55.6
56.2
65.3
63.5
66.6
66.6
61.4
61.1
61.4
63
61.5
37.8
26.3
22.2
21.8
20.2
18.1
17.4
17.9
17.8
17.7
22.4
25.7
34.5
42.3
49.6
52.8
59.1
61.7
56.7
61.8
65.2
68.3
66
36.1
23.7
23.6
25.6
27.1
26.2
26.8
26.4
26.4
30.3
31.4
31.9
38.8
44.6
44
42.3
40.9
39.5
39
38
37.3
36
36.7
37.7
39
38
36.6
34.3
35.6
36.9
38.3
37.5
40
43.2
46
48.7
50.3
47.7
49.3
53.7
53.1
51
53.3
56.5
57.8
58.3
58.1
57.6
62.8
63.6
62.6
52.1
41.3
32.5
25.2
16.9
11.7
10.2
10
9.9
13.5
22.3
29.8
33.3
35.2
42.6
53.1
50.9
51.8
52.2
51.6
46.3
46.8
40
41.7
50.5
49.4
54.7
61.5
64.3
69.6
81.3
81.7
83.6
83.5
85.5
85.5
86.1
87
87.9
88.1
87.8
84.5
78.8
84.3
94
95.3
73.8
57.7
53.3
60.6
64.8
65.3
72.7
85.4
87.1
91.3
94.6
96.3
97.5
98.2
98.7
99.6
100
100
100
100
100
100
100
100
100
100
99.8
97.7
95.8
96.3
97.6
95.7
92.9
88.5
90.3
92.5
91.1
91.5
92.5
91.3
91.7
95.9
97.7
97.8
94.4
95.8
95.3
92.8
98.3
94.7
90.3
86.2
71.4
67.5
72
82.5
82
83.7
84.4
84
79.5
77.9
78
82.9
94.7
81
75.5
76.5
79.8
91.1
91
90.3
78.4
62.9
52
47.3
49.5
55.8
60.9
72.4
68.5
64.7
78.4
77.8
80.9
84.8
84.8
83.4
85.8
84.8
86.7
88.5
89.1
87.7
92.2
86.1
85.9
83.4
80.5
74.9
78.5
66
51.7
51.4
53.6
53.6
58
67.8
70.5
69.4
68.1
68.1
72.5
84.3
90.8
95
94.4
91.2
85.2
70.4
64.8
61.5
53.9
53.1
52
57.4
57.8
73.8
88.7
88.5
88.9
93.2
95.1
82.3
87.7
95.4
96.9
97.7
97.4
95.8
92.9
93.5
94.3
94.1
91
87.4
85
82.1
79.6
72.2
72
65.5
56.6
52.5
53.9
56
62.2
66
69.3
78
87.7
91.3
92
93.8
95.6
97.2
98.2
96.8
59.4
43.4
37.7
40.2
45.6
33.2
25.1
26.3
26.4
28.8
30.3
44.2
49.4
50.8
52.1
54.1
59.6
70.2
69.8
69.8
67.8
68.2
67.9
74.6
69.1
63.7
61.8
50.5
44.3
40.6
39.1
41.3
41.5
43.1
45
48.6
57.2
65.9
67.2
64.4
64.3
70.9
76.6
67.7
69.9
93.6
97.2
97.5
95.9
96.8
96.3
95
91
80.6
69.2
71
66.9
68.9
77.3
84.9
78.9
79.6
61.4
64.3
70
72.5
68.9
74.1
92
96
96.4
97.5
92.4
79.7
69.5
56.4
54.5
51.1
47.9
45.1
43.2
44.9
48.2
57
72.8
84.7
86.4
90.3
93.1
92.5
94.3
96.6
98.3
99.1
99.5
96.6
67.7
58.9
50
46.5
48
44.6
34.3
34
34.8
39.5
41.9
48.4
48.6
45.2
54.3
50.3
45.2
48.7
59.1
71.8
70.2
43
44.6
66.5
93.8
97
92.7
82.5
87.2
92.8
90.2
91.3
88.5
88.2
90.5
92.9
95
96.6
97.2
97.6
97.9
98.7
99.4
99.9
100
100
100
99.4
96.1
90.7
87
83.4
74
61.6
59.4
59.7
62.3
62.5
65.5
73.6
83.4
91.5
97
98.7
99.3
99.7
99.9
100
100
100
100
99.9
87.7
70.5
67.2
65.4
61.6
53.3
47.6
46.9
46.3
49.2
58.6
67.4
67.9
69.9
77.7
80.5
86
85.4
85.2
81.1
82.7
78.6
73.7
68.8
63.5
68.1
60.6
51
49.7
50.1
45.1
45.3
46.4
48.5
50.3
57.9
75.6
82.5
89.4
91.9
91.2
87.4
92
95.4
95.8
96.3
92.2
86.6
77.4
69.1
63.9
54.9
56.4
54.5
51.8
49
50.8
47.7
50.2
71.1
57.6
64.9
64.1
55.4
54.3
56.6
63.6
56.5
65
81.7
87
73.4
53.4
45.2
38.7
33.1
36.1
31.8
28.7
32.5
29.7
26.9
29.4
33.3
42.8
48.5
61.2
66.9
63.6
59.8
43.9
37
38.5
38.1
36.9
40.2
40.6
38.4
35.6
31.9
31.4
30.7
30.9
30.8
29.4
31.1
31.3
39.4
56.2
63.7
66.8
70
71.3
75.8
77.7
81.5
83.1
86.3
86.9
71.7
50
40.5
40.5
36.9
35.1
34.1
31.3
29.7
32.7
36.2
37.4
41
52.4
66
65.5
62.6
70
70.2
76.1
91.7
92.7
95.1
97
97.5
97.9
96.5
93.5
90.8
87.2
76.9
77.3
73.6
72.8
68.6
68.8
75.3
85.2
85.3
84
82.2
83.5
83.1
82.8
82.6
83.2
81
79.2
76.7
74.2
72
68.1
66.2
59.8
50.5
44.6
43.6
48.8
55.4
54.7
56
62.7
80.5
78.8
73.6
77
73.5
71
75.1
88.3
90.6
92.3
85.9
78.8
69.1
57.6
48.1
48.5
42.5
37.3
37.4
34.6
32.6
32.5
41.1
50.9
65.9
74.1
80.8
85.3
88.2
90.9
91.9
92
94.3
96
77.5
51.2
49.3
45
42.3
42.5
40.4
38.5
35.8
35.9
31.5
32.4
42.4
56.7
64
69
73.8
78.2
83.7
86.2
88.3
89.9
92.7
92.3
74.4
55.7
46.8
42
40.3
38.8
35.8
34.2
31.1
30.3
31.4
34.8
43
47.1
45.6
46.8
51.9
54.2
44.5
38.1
33.6
30.8
32.6
34.5
36.9
38.6
41.2
37
34.6
33.6
33.4
34.3
34.4
34.3
34.6
37.9
41
41
43.1
44
43.7
38.5
33.6
33
33
33.1
34.5
53.9
58.6
63.1
62.1
57.5
51.7
50
51.7
51.9
49.1
46.4
47.6
50.2
51.2
48.7
63.6
71.1
76.1
79.4
85.3
89
89.7
91.9
93.2
93.7
70.7
52.5
48.3
45.2
46
41.3
35.8
30.3
29.1
28.2
29.6
32.6
38
47.3
53
61.6
66.1
64.6
57.1
66.5
73.5
74.2
68.3
53.3
50
52
45.5
38.7
36.7
36.2
34.2
33
32.3
31.4
31.4
32.8
38.2
49.4
54.5
51.4
48.2
49.4
59.5
63.5
66.6
69.3
72
68.3
59.9
47.5
39.8
34
30
29.1
27.1
26
25.4
25
25.2
26.9
33.6
42.9
40.7
42
46.6
52
56.7
51.3
64.3
72.1
74.6
72.7
59.9
46.3
41.5
36.8
25.1
23.9
23.8
23.9
23.8
23.8
23.7
23.8
26.2
30.8
35.4
36.4
39.2
39.6
34.3
41.5
58
66.7
72.1
73.6
56.4
40
36.6
36.4
33.7
31.4
30.5
28.1
28.2
30.1
32.8
39.5
47.5
60.4
65.4
46.1
46.1
42
54.8
69.8
73.2
75
76
78.8
72.8
63.4
49.4
47.7
45.8
41.8
36.9
31.6
32.5
32.5
29.7
29.1
34.8
39.1
34.8
31.7
32.1
32.7
40.3
57
65.1
71
74.9
75
54.8
44.2
31.9
28.4
28.8
27.3
25.9
24.9
23.9
23.8
23.7
23.6
27.6
34
39.9
39.5
40.4
54
59.5
63.6
61.6
63.5
68.9
67.4
49.9
36.8
34.5
26.9
24.4
23.8
23.8
23.7
23.8
23.7
23.7
23.7
29.5
37.6
36.2
42.5
45.4
56.8
66.4
72.1
76.4
78.9
82.5
81.3
58.7
43.4
38.6
33.5
32.6
30.4
28.4
25.1
23.9
24
27.6
27.8
36.7
48.7
55
60.2
63.4
68.9
73.1
76
78.9
78.7
82
82.2
64.9
49.6
45.5
39
37.6
37.8
32.4
30.4
33.4
41.5
44.1
45.1
45.6
57.6
91.9
96.2
98.8
99.9
100
99.6
85.7
82.9
80.2
70.2
65.9
60.5
53
53.6
50.9
49.1
48.3
53
57.2
63.4
84.1
94.3
97
96.5
95.3
96.8
96.3
92.3
83
74.4
74.8
79.6
82.4
74
75.4
79.4
83.6
82.8
87.3
88.8
87.2
82.1
83.9
74.8
80.5
81.2
79
74.8
73.6
72.8
76.5
83.6
82.3
82.4
82.4
84.6
87.3
89.8
85.3
84.3
83.5
80.8
81.5
79.4
73.9
80.4
96.2
97.3
90.9
87.5
91.2
97.4
98.8
99.5
100
99.9
100
100
100
100
100
100
97.6
84
71.3
68
65.3
65.9
65.5
63.5
64.2
57.2
54.4
59.2
64.3
71.4
73.7
71.3
55.4
69.1
83.2
90.2
94.1
97.5
99.4
99.7
97.8
94.3
91.7
85.9
75.4
64.5
76.6
85
77.3
71.5
76.7
74
74.8
76.9
80.9
82.4
80.4
73.2
80.7
84.6
92.4
96.3
97.5
96.9
82
79.5
71.7
65.8
63.6
64.9
57.3
59.1
61.2
76.4
78.7
72.6
65.7
75.3
67.1
62.1
62.4
65.6
72.9
72.3
72.6
74.8
80.3
84.5
86.1
84.8
80.6
71.7
64.4
65.8
54.4
48.5
44.9
48.4
58.1
79.2
82.4
85
93.4
95.8
96.7
97
98.3
98.4
97.3
97.4
98.5
99.3
93.9
85.5
78.4
72.4
72.4
69.8
70.4
62.5
54.9
56.8
52
51.3
54.5
70.7
79
85.3
95.8
95.8
98.8
99.8
100
100
100
100
90.5
75.5
66.3
63.9
59.4
55.7
61.9
65.1
69.8
71.1
75
71.8
83.2
90
92.3
92.3
91.5
94.2
93.3
96.5
99
97.2
97.3
94.8
86.8
69.2
61.9
64.3
62.5
67.6
77.7
80.7
72.5
77.6
78.9
76.6
81.8
83.4
85.9
85.3
82.3
81.3
80.8
84.7
95.7
99
100
98.6
87.7
69.3
65.8
60.3
56.8
54.4
50
46.2
47.8
50.9
51.7
56.5
63.1
74.4
83.5
89.6
94.3
95.9
98.2
98.6
99.7
99.8
100
99.3
71.9
67.8
63.4
54.5
53.4
53
52.2
49.4
47.2
46.5
46
45
47.6
50.7
55.3
57.5
57.5
60.7
66.7
74.3
56.4
45.5
44.9
60.6
65.7
60.1
56.5
48.9
47.5
43
38.3
38.1
44.8
47
48.2
50.4
53.7
58.4
63.1
70.7
69.8
38.2
35.1
47.5
71
81.9
82.2
85.1
74.8
74.3
66.9
63
62.6
51.5
52.7
55.7
66
74.8
84.7
84.9
81.8
63
43.2
67
88.5
97.1
97.7
92.8
93.2
98.1
98.2
97.4
92.4
92.7
75.3
68.1
69.1
72.8
67.9
69.2
58.9
54.7
54.8
75.8
94.9
96
97.6
98.5
99.9
100
94
90.6
93.6
94.6
97.4
94.8
77.2
69.7
65.2
65.6
64.8
61.1
56.1
51.7
51.4
49
49.6
53.9
56.6
64.8
70.1
73
82
80.7
78.9
81
83.1
88.1
92.2
91.5
79.9
69.4
58.9
53.8
56
49.3
49.4
45.4
46.6
44.3
47
50.8
58.9
64.5
67
69.9
69.9
78.5
89.4
91.1
92.5
93.8
94
86
72.9
67.5
68.7
67.3
64.3
60.2
58.9
62.2
56.6
64.5
65.9
73.1
59.3
68.2
74.1
76.3
80.8
84
87.6
87.8
89.7
94.3
96.8
97.4
83.3
66.8
62.7
56.4
51.3
48.5
46.6
44
47.8
48.1
47
43.9
52.2
62.5
62.8
61.6
56.5
66.5
83.2
89.1
93.4
93.8
91.3
89.2
93.2
96.6
96.6
96.8
95.8
86.3
68.2
63
70.3
73.4
72.3
71.3
79.1
84.4
85.8
91
92.7
95.5
97
98.6
100
100
100
100
100
99.5
99
96.2
96
94.5
90
92.1
91.1
87
80
79
81.9
88.2
96.5
98.9
99.5
99.7
100
100
100
100
100
100
98.9
97.7
95
75.8
69
72.3
62
67.9
90.8
92.8
85.7
89.8
94
97.5
99.3
100
100
100
100
100
100
100
100
99
78.5
70.6
67.3
63
57.9
60.3
55
61.6
86.3
95.5
91.7
85.7
88.8
93.8
96.9
96.8
98.5
99.7
100
100
100
100
100
100
97.7
86.8
70.3
59.3
50.3
50
50
45.1
41.9
42.8
64.6
88.3
86.2
86.7
81.1
87.9
97.5
98.9
99
99.1
100
100
99.8
99
79.2
66
53.5
48.9
45.9
42.5
43.8
47.4
50.2
50.7
53.2
62
67.3
73.2
81.3
86.5
90
92.7
92.8
94.3
97.5
98.7
99.9
98.7
76.9
64.2
55.9
55.1
54.8
57
53.9
51.8
49.8
46.3
44.5
46.1
52.9
69.7
78.5
82
86.1
89.9
91.8
94.5
95.3
97.4
98.3
95.8
74.5
65.5
56.4
54
58.6
53.4
51.7
47.4
44.4
41.6
42.8
50
49.4
51
59.1
67.8
64.8
72.7
91.5
93.1
92.5
90.8
92.3
89.3
80.4
75.9
73.3
68
61
53.6
51
47.1
73.5
68.4
54.1
51.2
63
71.5
74.7
76.2
68.4
67
75.9
91.8
96.6
98.8
100
99
88.6
81.6
69.1
66.5
65.5
64.6
55.3
51.9
44.6
59.7
78.5
79.8
81.8
74.1
74.2
72.3
75.5
86.7
92
85
93.8
98
99
92.5
77.7
83.8
87.1
86.7
78.2
72
68.7
64.6
62.6
64.6
68.5
63.9
69.5
70.7
71.2
71.6
72.8
82
92.7
95.9
97.7
98.5
99.3
99.9
75.3
57.9
55.9
60.5
51.1
55.1
57.9
61
65.8
68.9
69
67.5
68.4
71
74.6
87.4
89.7
92.3
79.2
81
91.5
92.3
92
91.7
97.6
99.3
95.8
84
79
73.4
76.8
79.2
85.4
91.5
91.9
93.1
97.1
98.5
94.5
81.1
76.9
78.2
79
80.3
80.9
81.1
81.3
81.1
90.7
89.1
83
77
75.9
74
72.8
84
80.7
87.3
83
77.3
86.8
91.8
94.8
94.5
98.5
99.9
100
100
100
100
100
100
88.5
70.9
68
62.4
64.5
59.7
57.8
58.5
53.6
51.1
49.1
50.6
55.7
72.2
83
92
96.5
97.7
99.2
100
100
100
100
100
82.4
62.9
55.3
53.8
52.7
51.4
50.7
45.9
43.6
40.3
42.8
45.1
51.5
59.2
64.5
75.6
86.9
90.6
94.4
96.9
97
97.8
98.8
97.9
74.3
63.7
56.1
52.2
52.4
49.7
49.7
47.4
44
43
41.4
43.5
47.7
67.8
79.6
84.2
88.2
89.9
87.2
66.5
73.4
87.8
92.9
92.5
71.1
58.3
51.7
50.8
50.7
51.4
48.2
46.2
42.5
40.6
40.4
42.5
50
69.7
78.5
81
84.6
87.5
86.8
76.1
87
93.9
96.2
92.6
72
61.4
53
49.8
48
47.1
45.9
43.5
41.5
42.6
38.1
40.9
45.2
66.5
78.5
82.4
84.7
86.3
88.9
91.6
92.1
95
97.9
95.8
70
58.9
55.7
53.4
51.9
51.9
48.7
47.4
41.6
31.1
31.6
36.3
40
49.7
55.6
59.2
67.6
63.1
76.2
82.5
86.3
80.6
70.7
78.5
67.7
60.4
52
45.9
48.3
46.4
46.6
44.7
38.9
36.7
37.3
36.4
40.8
48.2
52.2
69.5
77.8
79
84
86.4
88.4
90.1
89
83.4
69.9
58.8
52
50.2
48.9
50
45.2
40.9
36.6
38.2
38.6
40.8
44.2
59.8
71.8
77.1
81.8
82.2
85.2
86.9
89
91.2
90.8
88.4
68.9
54.1
51.5
47.1
47
43.9
37.1
38.6
36
36
36.6
40.2
47.5
62.1
64.8
71.2
75.3
78
78.5
81.9
81.7
84.9
86.5
84.4
78.2
63.6
57.7
51.2
46.6
46.7
48.2
46.8
42.6
41.6
44.5
52.4
63.9
70.8
91.9
97.1
93.6
96.8
93.2
77.6
73.5
61.7
71.5
73.6
70.8
71.5
69.4
64.5
54.5
46.2
43
41.5
41.9
42.2
40.7
43.7
49
59.7
63.1
64.1
67.8
73.5
63.6
66
79
87.4
90
87.4
67.9
58.5
55.2
51.1
47.4
43.4
43.5
43.1
38.7
38.6
40.9
47.6
52.9
59.1
61.7
79.7
75.8
56.7
77
86.3
89.9
96
97.8
95
68.5
54.5
54.4
51.3
51.8
49.3
47.6
45.3
45.8
46
42.5
42.6
47.7
60.8
74.8
78.8
70.5
66.1
69.4
74.8
52.6
42.7
63.1
77
76.2
63.6
53.4
47.7
49.8
47.4
45.9
44.7
47
44.6
44.8
46.8
48.2
59.5
72.8
78.7
82.5
83.8
85.7
83.7
87.6
90.8
92.2
83.6
71.4
69
59.5
49.5
36.5
34.9
36.8
37.3
36.4
32.5
36.4
40.2
46.8
60
73
76.9
83.3
86.7
87.3
86.2
88.4
91.4
93.7
90
73.2
62.8
55.2
55.6
52.2
51.7
52.5
56.1
50.7
53
49.9
51.1
49.6
65.2
72.8
77
78.5
82.5
86
86.9
90.4
91.5
92.6
86.6
67.3
49.3
43.5
45.2
46.5
48
46
44
45.9
44.3
42.1
43.5
46
53
55.3
57.4
57.8
61.2
67.6
78.2
72.7
74.5
70.1
76.5
74.8
71.9
63.9
54.7
51
50.2
53.6
48.5
49.2
48.4
47.6
45.3
48.4
55.8
62.5
74.1
79.4
81.1
80.3
75.1
69.5
79.8
81.5
77.9
72.7
69.3
64.8
59.4
57.4
56.4
55.8
58.2
51.1
53.2
57.5
63.5
70.3
74.3
76.6
79.8
78.8
76
67.7
66.3
67.2
82.5
78
67.3
62.6
59.3
57.1
53.4
54
50.9
48
48.2
47.6
34.9
43.3
44.3
44.8
52.4
61.9
73.8
82.1
85
86.1
87.7
89.1
89.3
80
78.2
68
62
51.2
51.3
51.5
49.6
49.4
46.3
42.2
37.3
39.7
53.9
56.6
59.5
59.3
59.4
52.9
47.9
43.8
43.2
53.7
68.5
79.3
74.2
56.9
52.1
46.7
45.7
45
43.6
43.4
42.9
43.9
42.3
43.5
44
48.6
55.1
60
62.9
73.9
82
85.6
87.7
89.9
93.2
94.2
92.8
70.7
58
53.6
49.6
46.7
43.7
42.4
42.9
43
42
41.1
39.1
45.4
56.1
70
74.8
76.8
66.8
67.4
67.2
61.8
76.7
82.7
79
66.5
53.8
50.1
46.2
44.1
41.6
41.2
39.4
40.2
44.2
47.9
47
48.1
53.5
60.3
53.2
66.5
70.1
67.1
64
58.1
70.3
83
88.9
70.8
61.2
55.8
49.5
47.8
45
40.9
40.8
43
40.8
40.6
42
47.3
51.9
57.1
56.3
53.4
52.9
67
77.4
80
74.5
52.5
57.6
69.1
60
59.6
57
50.6
43.5
47.1
65.6
48
42.4
47.5
47.1
46.9
42.5
42.8
50.8
68
74.5
70.3
60.5
77.7
80.3
83.3
83.3
80.1
76.2
64.6
56.7
60.3
53.3
47.4
42.5
38.3
34.8
37.6
41.5
43.8
60.3
65.3
71.8
78.4
81.5
83.4
85.1
86.3
88
89.9
89.3
63.2
48
42.6
36.3
26.9
29.8
29.8
30.8
29.3
25.1
27
29.3
30.7
45.3
50.6
58.1
63.5
67.8
71.8
74.6
76.4
79.5
80.6
81.2
57.8
45.4
41.6
39.3
36.7
36.2
33.5
31.7
33.1
26.6
24.5
33.4
36.3
43.8
48.5
52.5
55.5
67.6
59.2
55.1
58.5
73.3
82.4
82.3
62.3
53.9
48.7
44.7
44.8
46.4
39.5
39.2
42.9
46
48.2
44.6
47.2
58
62.2
65.7
69.3
72.5
78.9
80.2
83.8
84.4
82.1
74.4
90.8
92.7
91.3
85.4
82.3
78.2
68.5
61.5
58.4
59
59.4
60.5
64.1
69.1
72.7
74.2
77
78.5
81.1
88.9
91
92.5
95.1
95.2
71
55.7
53
50.3
46.5
45.8
47.9
47.2
45.1
44.7
45.2
48.5
50.4
59.8
69.3
70.1
73.6
82.2
83.4
83.8
89.1
92.9
95.2
94.1
76.8
65.9
60.6
60.1
53.4
52.6
53.9
55.6
54.4
55.4
54
56.6
60.8
53.4
59.3
58.1
67.3
71.2
67.9
70.3
72.8
80.7
90.8
94.2
78.3
65.3
54.7
45.8
48.7
51.5
45.2
41.7
42
43.4
44.3
47.9
54.2
56.9
53.7
54.3
50.6
51.3
55.7
60.1
66.2
68.1
76.6
76.7
69.3
63.9
56.9
53.6
50.4
49.1
47.1
45.8
41.5
36.4
35.9
37.7
42.5
49.9
55.5
62.6
65.4
67.9
65.1
40.3
45
36.5
43.3
61.6
46.2
38.2
32.1
24.8
23.9
24.2
24.3
25.5
24.2
24.2
24.2
24.4
28.2
40.8
51.7
59.1
61.7
69.2
69.4
70.2
73.4
77
79.7
80.4
56.7
41.9
40.2
34.5
31.2
29
25.7
26
24.2
24.2
24.2
24.2
32.2
40.6
43.6
42.1
46
49.8
63.2
73.5
77.1
81.6
81.3
82.5
61
47.2
44.8
39.9
41.2
39.9
40.6
36.5
36.3
36.3
37.2
40.5
43.6
51.3
56.3
57
70
75.3
80.4
82.6
86.1
88.2
87.8
83.3
77.3
72.3
68.1
59.1
54.1
46.2
38.1
33
36.9
38.4
41.7
51.6
51.4
49.5
52.8
63.1
78.9
82.7
72.3
77.7
84.6
89
91.2
92.4
88.4
72.5
56.6
44.6
45.9
45.2
43.1
44.6
43.5
43.6
53.5
56
54
66.1
74.1
79.3
82.3
85.2
87.4
89.6
92.4
93
92.7
90.8
72.3
58.1
49.8
47.2
46.3
44.4
41.5
40.3
41.3
46.5
42
38.7
50.5
67.4
74.7
76
78.2
81.8
85
85.8
88.3
89
88.8
86.4
66
57
54.9
50.9
46.5
43.5
42.1
41.5
39.9
42.5
41.9
42
49.2
63.1
74
77.4
79.1
81.8
84.3
84.4
85.4
88.6
90.6
88.7
72.5
60
50.4
45.2
48.4
48.3
46
42.2
39.9
39.6
38.3
46
50.5
64.5
69.7
71.2
68.3
61.7
65.1
86.4
89
79.4
87.9
91.5
84.2
75.7
69.1
58.7
56.8
53.4
52.2
51.6
47.4
47.7
47.5
48.8
52.4
63.9
71
67.4
76.2
78
84.4
87.3
88.5
89.5
89.9
87.8
69.7
65.2
59.7
51.3
51.3
43.1
41.4
45.8
42.9
43.8
46.4
48.8
53.5
65.1
64.1
68
81.3
72.5
79.6
87.7
91
88.1
92.8
95.9
80.3
62.4
59
55.4
52.3
51.9
47.4
43.9
45.6
47.5
43.7
44.2
53.2
63
68.5
66.1
77.5
85.9
90
91.9
93
93.7
95.5
94.5
78.7
61.1
53.3
51.7
49.4
47.9
45.9
44.6
43.2
41.7
39.2
40.6
47.6
65.5
81.3
82.4
81.8
84.6
85.7
87.3
86.5
89.2
91.4
91.7
76.9
60.8
56.4
52
49.5
46.5
44.7
43.7
42
44.7
45.1
45.8
50.4
60.4
62.6
65.8
71.5
74.3
72.3
73.2
75
84.7
91.3
91.2
79.3
68.9
59.5
54.7
53.6
54.7
51.5
49.8
47.6
46.6
47.1
48
56
65.2
64.7
69.1
70.9
68
65.7
67
68.6
86.1
94.4
96.7
92.2
80.8
61.9
59.9
56.5
52.1
46.6
46.4
46.6
52.6
59.4
61.7
66.7
85.4
86.4
83.6
93.9
93
94.8
98
83.7
92.3
96.5
95.6
79.5
62.6
58.7
54.5
54
53.4
50.6
50
48.7
46.4
46.1
53.4
60.8
69.4
79.2
80.5
84.9
79.2
85.9
88.2
91.1
91.6
93.6
95
85
65.8
55.9
55.1
57.5
52.3
47.6
46.4
45
45
44.3
49
56
63.5
68.5
77.2
69.5
77.8
80.6
81.4
84.9
85.1
85.8
82.6
78
62.6
52
45.6
40.5
40.7
38.6
36.9
34.7
31.4
34.1
36.5
41.5
60.8
73.2
74.4
79
80.7
82.4
81.5
82.6
80.9
79.4
80.9
52.5
41
35.4
35.6
37
37.4
35.4
36.6
34.5
33.4
31.1
33.4
39.8
54.3
66.8
68
73.8
66.8
55.2
56.7
63.4
75.4
83.4
86
72.6
55.5
46.9
44.4
42.7
39.2
36.5
35.5
32.5
26.1
33.5
42.3
51.9
55.1
67
70.4
67.6
78.7
82.9
83.9
86.3
86.9
86.4
88.8
77
65.4
60.9
58.8
53.9
46.9
53.6
52.6
45.9
43
42.7
43.3
45.3
48.1
53.7
58.9
62.5
68
60.2
62.3
62.6
62.8
64.3
68.7
72.7
82
94.6
89.1
78.6
67.6
55.9
51.5
49.3
48.2
47.6
52.4
61.6
64.4
65
66.8
67.3
69.1
76.6
85.5
88.9
90.2
92.3
89
81.1
69.9
59.4
54.9
52.9
49.1
45
38.8
36.9
34.1
39
43.9
62
70
73.2
71.1
49.5
57.1
60.9
65.2
76.2
67.9
62.9
64.5
63.8
61.4
67.9
70.5
65.4
55.4
45.5
43.9
49.6
52.1
44
42.6
68.2
79.8
81.5
81.3
85.3
94.4
96
95.8
96.6
96.9
98
99.6
99.5
79.6
67.3
63.2
55.1
37.4
27.1
25
29.2
26.3
30.3
38
47.5
51.7
45.7
45.6
41
40.8
41.1
45.6
44.9
56.7
59.3
69.8
74
51.8
42.1
39.8
41.3
39.7
38.9
39.6
38.1
36.5
34.3
37.1
43.9
56.5
67
64.5
68.6
79.2
84
87.5
89.3
92.6
93.8
95
84
61.5
53.4
48.5
45.9
44
39.4
39.4
37.2
36.8
36.5
37.4
44.8
56.1
64.2
71.7
77
80.8
84.9
85.8
87.3
89.7
89.9
91.8
79.3
55.9
45.8
43.8
42.8
40.7
37.5
35
35.8
33.1
36.9
44.8
48.4
57.4
56.3
57.4
67.6
65.8
66.5
72.1
74.6
73.9
77.3
80.8
79.2
62.3
58.5
56
52.4
50
44.7
41.1
38.9
38
38.9
42.2
49.2
64.9
73.4
75.2
65.8
66.5
63.6
61.5
62
70
84.2
88.7
78.2
61.6
60
52.9
52.3
49.1
43.5
35.5
33
33.8
30.4
24.7
39.7
56
62.6
64.7
68
61.2
66
69.5
77.3
80.8
84.2
86.6
75.2
58.5
51.5
47
40.8
36.9
34.1
34.1
28.8
32.7
35.7
35.6
37.2
39.5
46.8
51.2
54.2
61
57.3
61.4
66.2
66.7
67
68.6
68.9
66.3
62.2
55.7
53.8
48.4
45.3
44.1
41.7
36.4
37.5
42.6
53.4
61.7
71.3
76.1
77
66.8
64.5
68
75.1
80.1
85
82.5
76.6
58.4
51.7
48.2
42.7
36.8
34.7
35.1
35.6
35.7
34.1
32.8
42.6
51.8
57.8
47
43.6
43
41.2
37.8
47
63.4
71.2
74.8
69
44.2
38.3
35.8
34.1
33.9
32
30.7
28.2
28.1
29.9
32.7
41.2
50.4
60.5
65
66.3
52.8
56.6
70.6
79.3
82.5
84.4
85.9
78
51.1
41.5
40
39.3
36.5
26.6
24.2
24.2
24.4
27.4
29.6
42.3
54.4
59.9
62
63.4
65.2
64.9
68.3
70
69.5
73
77.2
72.7
47.3
38
37.5
36.7
36.7
35.8
34.1
33.3
33.3
34.3
37.7
46.5
57.3
63.3
63.8
57.2
51
76.8
93.5
84.2
90.5
91.9
93
87.3
62.5
48.7
47.4
42.7
40.9
38.6
36.5
36.1
34.5
36.9
38.9
46.7
60.8
67.5
70.3
73.9
78.2
78.9
80.3
79.8
84.9
84.2
83.2
78.5
53.5
45.3
43.5
40.5
38.5
36
34
33.2
34.1
34.5
37.5
48.4
61.7
68.6
72.1
76.5
80.7
83.9
83.7
83.5
87
89.5
90.9
87.2
63.4
52.5
46.2
43.1
39.9
36.6
35
32.8
30.9
30.6
33.8
42.4
45.5
47.2
47.8
50.3
46.3
46.9
56.3
59
51.1
56.8
63.9
59.4
54.6
48.8
44.7
41.1
37.4
38.8
37.8
38.5
41.7
40.8
46.1
51.4
52.9
56.8
57.8
58.3
60.4
54.5
60.5
61.2
58.5
55.8
65
64.1
62
63.5
54
47.3
42.9
39.8
37.9
35.3
36.6
39.6
42.5
51.3
63.1
62.6
62.5
68
70.7
76.6
86.5
87.9
82.1
74.8
78.9
77.2
64.5
50.2
48.5
46.9
43.6
43.8
41.6
42.6
38
36
40.3
51.2
63.9
66.8
65.4
65.7
62.5
67.9
71.7
78.2
85.7
91.2
89.3
86.9
77.7
65.9
62.3
58.4
54.8
49.6
47.9
42.7
39.5
44.3
49.9
64
63.8
56.6
58.8
67.7
71.7
75.5
78.7
82.1
84.1
83.8
79.8
62.6
54.4
46.5
41.8
41.6
38.7
35.1
33.2
36.4
39.6
40.9
38.4
40.2
43.3
46.6
49.1
53
56
57.9
58.1
58.3
59
60.6
61.6
65.2
61.3
54.6
48.9
46.5
45.1
44
40
39.4
42.7
42.8
44.6
44.8
49.3
59.1
61.7
57.7
51.4
50.9
51.7
54
72.4
75.9
62.4
56.7
51.9
52.6
52.3
51.4
47.1
40.5
37.8
37.4
36.1
34.9
35.3
40.6
42.6
39.6
43.4
48.9
46.5
49.6
52
54.3
58.7
58
58
57.9
61.1
64.2
62.8
60.8
61.1
57.7
49.8
43.5
39.5
36.1
40.8
45.9
44.8
54
62.7
66.2
68.2
68.3
61.9
75.4
81.6
85.4
88.3
85.1
54.9
46.6
40.8
36.2
33.2
29.2
24.4
24.2
24.2
24.5
29.8
40.5
51.5
61
67.8
70.9
75.7
77.5
75.1
76.4
79.1
82.5
84.3
81.5
55.1
44.3
39.5
35.8
35.3
33
31.5
29.3
29.4
32.3
35.9
44.6
52.5
62.1
68.1
71.5
73.6
76.6
78.7
80.6
81
82.4
83.9
81.1
62.3
48.9
42.4
39
34.7
31.7
30.7
31
30.7
33.5
37.1
47.9
57.9
63.3
66.7
69.3
71.7
72
72.4
70
76.3
80.1
81.5
81.7
60.5
48
43.9
39.4
35.4
33.8
34.9
34.3
34.9
35.7
39.9
50.1
53.8
59.4
63.9
67
68.4
73.9
77.8
78.9
82.3
81.3
81.3
79.6
69.7
58.2
49.9
51.5
76.7
89.2
68
50.1
45
44.5
50
73.3
84
89
92.8
90.6
89.3
88.3
89
85
75.4
63.7
64.4
61.4
63.5
59.2
87.8
94.1
88.2
91.1
98.4
95.1
83
74.9
65.5
63
57.4
61
78.7
83.8
84.9
87.3
89.2
88.7
85.9
84.5
89.8
95.5
90.9
88.5
84.9
89.7
85.8
69.5
69.3
76.7
74.6
72.9
70.8
80.8
81.6
74.4
75.2
78.3
81
81.4
69
63.3
63.7
69.9
75
81.2
91.6
92.4
80.1
73
70.7
64.5
57.8
54.8
55.6
70.2
90.9
88.9
93.4
96.5
97.3
97.6
97.6
98.5
99
99.8
100
100
100
100
94.8
70.9
54.5
42.3
40.1
36.1
32.3
31.4
31.4
30.8
36
44.6
46.9
62.3
74.9
79.5
46.2
38.4
35.5
34.8
53.7
70.7
79.3
79.9
48
41.5
NA
41.2
39.1
38.1
36.8
34.2
32
35.6
46.4
50.8
51.5
48.5
62.7
62.3
60.9
60.6
58.3
56.7
54.9
54.6
58.1
62.4
59.1
58
53.2
49.1
45.9
45.3
45.1
43.8
46.4
50.2
53.7
56.3
56.9
58.5
60.3
61.7
63.4
66.8
68.3
68.7
71.2
72.6
74.1
84.2
93.3
94.6
93.9
87.6
84.6
74.3
76.9
69.7
66.9
66.7
72.3
84
84.4
81.9
83.6
81
76.7
71.9
70.4
69.9
76.5
68.5
79.4
66.1
63.9
62.9
58.1
52.9
50.9
47.3
44.7
45.8
43.9
45.2
49.6
57.7
58.8
53.6
53
56.3
64.6
73.8
72.5
80.8
88.2
90.3
92.9
92.5
83.6
68.1
71.5
64.5
59
54.2
50.2
51.1
54.6
57.7
62
64.5
64.8
70.9
84
83.2
84.9
86.1
80.1
91.2
92.9
93.4
94.3
93.8
82.6
65.4
53
45.3
43.4
33.1
31.2
33.3
35.5
35.6
41.4
59.1
66.7
73.1
77.9
82.2
86.6
89.2
92.7
86.7
64.1
63.3
69.6
76
70.3
56.2
49.6
48.8
49.5
51.9
52
51.1
43.1
54.3
64.9
58.6
73.6
82.2
70.9
84.2
87.9
86.3
91.1
93.5
93.2
93.5
96.2
97.2
82.5
60.5
48.6
45.5
42.1
40.3
37.7
37.9
37.2
39.2
48
63.3
73.5
77
76.4
76.7
71.7
76.2
77.7
79.4
80.2
81.7
82.4
84.8
74
56.2
49.6
44.4
45.1
42.2
40.2
39
40.8
45
46.5
58
57.7
56.4
57.6
72.8
81
84.9
87.7
89.9
89.6
81.3
81
82.3
74.1
55
48
43.5
36
31.2
33.8
35.5
37.5
39.7
46
51.6
50.1
53.6
57.3
61
67.1
69.1
68.6
72.1
67.7
55
54.4
57.8
61.5
54
49.8
48.1
43.3
45.5
48.4
47.4
48.6
45.8
53.3
59.3
48.7
55.9
65.6
70.7
72
73.5
77.3
73.2
69.6
74.7
78.2
76.6
59.3
37.8
36.4
36
36.1
34.6
34.1
33.3
35.5
35.7
41
50.5
54
62.8
62.1
62.8
63.7
65.2
71.9
75.4
81.2
84.4
86
87.7
67.5
51.7
49
44.5
41.5
39.1
36.9
36.5
37.9
41.1
51.3
65.9
75.3
80
83.9
85.8
87.3
89.7
91.1
91.3
92
93
94.9
95.1
84.6
73.8
66.9
69
68.7
63.6
61.1
61.8
61
66.2
70.3
76.7
78.8
83.1
84.9
84.5
84.6
85.9
85.8
85.8
85.2
86.2
84.2
81.8
78.8
65.6
59.2
49.8
45.4
44.5
40.5
43.4
46.8
50.6
58.7
64.9
64.2
65
68.1
69.4
69.5
65.5
68
73.1
72.3
74.8
80
83
82
80
78.5
78.9
76
64.8
57.4
56.7
58.2
64
75.3
69.9
61.5
61.2
63.2
60.8
61
59.5
63.1
65.8
67.8
67.6
65.5
62.9
62.8
60.1
56.9
51.4
46.6
44.3
64.8
75.1
78.3
63.3
48.9
59.9
62
62.2
72.8
76.6
80.5
84.2
87.7
87.8
89.9
82.9
78.5
89.4
69
50.9
45.6
41.8
40.8
37.2
30.5
25.9
23.4
25.5
31.8
42.6
47
59
67.4
69.5
68.2
72.3
73.5
76.6
80.3
81.7
82.1
81.4
59
38.5
34.6
29.7
28
25.8
29.3
27.4
29
32.7
42.9
47
46.3
46.7
52.9
55.8
46.8
51.1
53.3
55.8
60.2
61.4
61
66.3
61.4
53.6
48
41.8
41.9
40.8
37.8
35.6
38
41.5
48.6
56.3
72.9
75.8
76
74.3
76.4
81.8
83
85.4
84.5
87.9
92.1
92.7
83.5
70.3
59.8
51.8
49.9
49.4
53.4
50.8
55.4
58.9
65.9
70.1
73.1
75.8
79.6
80.8
81.9
83.7
85.2
81.7
82.5
84.6
87.3
89.8
85.8
76
69.6
63.3
59.1
57.9
51.3
50.2
49.4
54.8
66.5
74.7
85.5
92.2
94.6
92.1
88.8
92.4
95.8
97.8
98.9
99.6
100
100
100
81.9
62.7
56.3
52.8
48.3
46.3
44.7
43.2
47.2
61.6
75
86.1
91
94.3
96
96.8
97.8
98.4
99.1
99.9
100
100
100
100
80.2
60
56.1
51.9
47.3
42.2
42.2
47
51.8
69.3
76.5
81.7
88.7
91
93.1
95.2
96.5
98.3
99.3
100
100
100
100
99.9
75.6
60.5
57.9
54.2
49.5
44.1
41.5
42.8
48.2
66.7
77
86.7
91.3
94.3
96.4
97.4
98.3
98.8
99.8
100
100
100
100
100
83.4
66.5
59.5
52.6
45.1
40.5
36.6
40.3
47.1
57.6
75.3
85.2
90
93
94.7
95.8
97.2
97.8
98.2
99
99.8
100
100
95.5
69.1
53.1
47.5
41.8
36.9
36.8
40.2
46.6
53.6
65
65.2
77.3
85.3
88.5
92.1
95.5
96.6
97.9
98.8
99.3
98.7
96.6
95
84.5
69.4
49.7
47.9
53.3
49.9
44.4
42
43.8
48
65.1
69.7
63.5
69
75
84
85.6
85
86.2
90.8
92.8
93.7
94.8
95.5
86.9
59.1
45.6
39.6
38.9
40.3
38.3
37.8
40.8
48.8
67.1
77.9
83.3
87.5
88.9
90.5
90.4
90.5
93
93
95
96
95
88.5
86.8
79.5
70.7
62.5
62.9
64.8
58.6
61.3
65.1
71.3
77.5
82.5
85.1
81.8
79.3
71.5
76.4
81.5
85
84.3
74.7
83.1
94.9
98.6
96
81.2
73.5
65.2
57.9
50.9
44.5
42.4
46.8
59.3
66.3
61.9
62.8
60.9
54.8
49.7
47
49.8
55.9
57.4
53.8
48.2
48.8
51.9
55.6
52
47.1
47.3
47.6
46.1
44.5
46.4
48.9
54.8
65.4
69.6
72.7
76.8
81.9
85.6
85.6
87.3
89.2
88.4
84.7
85.6
89.3
92.3
84
58.9
52
47.2
43
44.5
43.5
44.3
46
53.8
72.1
80.2
86.9
92.9
96.2
97.9
98.6
99.6
100
100
100
100
100
100
100
96.2
68.7
65.3
56.9
51.5
48.4
49.5
52.3
59.8
71
74.9
83.9
79.2
80.5
81.6
82
84
85.3
87.1
88.8
88.2
88.6
89.3
87
77.3
74.3
72.6
66.6
64.4
65
66.3
69.2
75.3
80.4
82.9
83.5
84.2
85
84.8
85.5
86.8
87.9
89.9
91.2
91.4
89.5
88
88
83.2
78
72
67.7
66.5
66.2
66.4
69.1
74.6
84.3
90.5
87.8
87.8
88
88.9
89.8
91.2
91.5
92.6
91.8
91.1
91
89.6
87.8
85.6
78.2
68.4
63.5
65.4
60.6
58
60.6
71.9
81.4
81
81
86.1
87
81.1
66.9
73.8
84.3
88.3
89.9
93.1
95.8
91.5
88.7
77
70.5
66.6
63
55.8
53.5
58
60.3
64.3
74.2
77.5
80.5
82.6
83.7
84.9
85
82.9
88
92.1
92.2
93
94.3
94.2
92.4
84.5
77.1
69.7
65
61.1
59.3
54.6
54.7
70.3
85.4
90.5
94
96.4
98.3
99.6
100
100
100
100
100
100
100
100
100
100
86.1
71.5
67.7
63.2
60.1
59.8
62.9
71.4
88.3
93
96.2
97.7
98.3
99.7
100
100
100
100
100
100
100
100
100
99.8
84.9
82.6
82.1
80.3
78.1
79.4
80.1
82.7
84.7
84.7
90.2
92.3
90.6
89.4
87.6
82.4
81.8
87.4
89.9
89.2
92
88.5
74.8
67.6
56.2
53.9
55.9
59.1
62.9
76
74.8
70.9
71
74.3
79.2
87.8
87.6
86.6
79.7
83.7
81
81.8
82
87.4
92.3
90.8
84.9
84.4
89.1
88.2
87.2
85
85.8
87.5
89.6
90.3
91.3
89.4
88.4
89.4
87
81.8
89.4
92.7
91.4
92.2
75.4
69.9
63.3
60.2
56.6
52.1
46.2
41.5
40.8
35.3
35
39.7
52
59
56.4
56
61.6
76.5
85.3
87.7
81.6
75.4
74.3
73.6
71.6
68.9
74
74.3
72
76.9
79.5
79
82.1
86.3
85.1
87.9
88.9
86.4
86.8
85.9
85.2
77.2
73.8
78.3
69.2
80.8
87.4
83.2
80.1
91
93.7
87.1
90.2
90.1
87.4
79.5
78.5
77
66.8
70.2
70.8
79.9
89.1
92.3
94.8
96.9
98.7
99.9
100
100
100
100
100
100
100
100
100
100
90.1
78
71.2
64.8
62.9
64.5
66.2
66.4
66.5
68
70.8
70.2
68.6
68
70.6
66.5
63.9
63.5
68.7
92.1
98.9
99.6
94.9
80.5
68.5
66.6
68.3
79
83.2
86.2
83.3
79.2
84.9
85.6
88.5
99.8
100
100
100
100
100
100
100
100
100
100
97
75.2
69.8
55.3
78.8
87
86.1
85.5
85.6
84.3
81.2
69.7
81.6
74.7
70.2
75.4
74.5
76.4
76.1
78.9
78.4
74.8
67.5
60.8
56.3
57.1
67.4
72.8
77.1
80
71.5
59.7
64
64.2
63.9
64.4
64
57.8
55.9
76.3
62
61.6
85.5
94.1
96.1
83.5
71
85.6
90
80.1
74.5
63
54.8
50.6
52.8
57.9
61.4
72
82
90.1
92.9
98
99.5
100
99.7
98.4
97.5
98.1
98.6
99.5
100
100
100
91.4
76.1
67.4
70.9
64.1
61.8
69.2
NA
74.2
81.8
85.4
91.7
94.3
94.4
94.1
96.2
97.5
98.3
99.4
100
100
100
100
100
100
100
96
83
78.6
68.9
63.3
58.5
75.3
89.3
91.7
93.1
94.7
97.8
99.3
100
100
100
100
100
99.7
100
100
100
99.6
84
72.3
72.1
71
68.9
68.6
68.1
77.3
83.6
91.7
96
97.7
99.6
100
100
100
100
100
100
100
100
100
100
100
99.4
83.1
69.6
72.5
74.5
77.6
80.7
84.4
88.3
89.6
93.4
95.7
96.6
95.4
96.1
96.2
97
97.3
96.5
97
97.4
97.8
96.4
97.7
96.7
96.7
95.1
94.4
93.8
94
93.8
95.2
95.8
96
95.7
97
99.4
100
100
97.8
95.5
99
100
95.7
97.3
89.4
86.9
87.4
89
87.3
86.6
86.6
86
87.2
89.3
90.3
91
89
88.4
91.8
95.6
93.7
91.8
97.2
99.7
100
100
100
100
100
100
100
100
100
98.9
97.4
96.1
95.7
97.8
99.5
100
100
100
100
100
100
100
100
100
100
100
100
100
100
100
100
100
91.9
75.3
61.8
63
60.4
61.5
81.7
94.2
98.4
99.9
100
100
100
100
100
100
100
100
100
100
100
100
100
99.7
74.6
63.7
59.4
54
55.6
58.9
71.2
82.2
91.1
96.3
97.2
98.5
100
100
100
100
100
100
100
100
100
100
100
91
61.9
59.3
56.6
54.6
56.8
59.9
78.8
95.5
99
100
100
100
100
100
100
100
100
100
100
100
100
100
95.3
69.7
61.9
53.9
50.3
47
49.1
57
64.5
64.8
69
70.6
73.8
73
71.4
71.2
75.4
79.7
70.7
63.5
60.6
59.8
58.4
55.6
53.2
52.6
51.6
48.9
47.9
46.7
47.2
51
54.7
67.9
73.5
75.2
74.7
71.9
75.6
83.7
92.9
96.2
97.8
98.7
99.6
99.9
100
100
100
84.6
62
59
58.5
55.7
53.9
61.8
72.8
82.3
91.5
96.8
98.9
99.9
100
100
100
100
100
100
100
100
100
100
100
98.7
79.9
73.1
67.8
68.6
70.6
65.1
72.3
89.2
93.2
97.8
99.3
97
77.1
67.7
63.6
64.3
62.8
60.3
59.7
61.7
64.7
65.8
63.5
59.6
57.9
53.9
53.6
58.1
59.6
64.7
68.7
73.3
67.7
66.8
74.2
45.5
17.3
10.2
10.1
10.5
14.5
22.3
27.6
28.6
35.6
51.8
42.4
29.6
25.8
21.8
17.6
16
16.9
21.5
28.6
31.2
33.5
39.3
37
37.3
42.4
44.6
34
28
52
59.6
43.6
50.6
59.4
64.8
50.3
38.8
33.8
31.9
30.5
25.3
23
22.7
31.7
44.9
50.1
49.4
41.1
33.1
30.9
47
41
43.9
55.6
65.8
75.4
85
87.5
92.8
94.6
96.5
95.4
94.5
95
93.3
92.6
92.5
91.7
89.6
90.1
93.5
96.5
97
96.9
97.2
97
97.3
97.5
98.3
98.7
99.1
99.1
99.6
100
95.8
77
68.4
64.3
69.2
61.1
63.1
86.1
91.3
92.8
94.1
96
97.3
98
98.4
98.4
98.4
98.5
98.7
99.4
99.4
99.8
99.8
96.8
70.9
37.1
36.5
35.3
33.5
31.8
41
62.1
79.6
88.5
91.2
94
95.8
97.1
97.9
98.2
98.5
98.7
99
99.3
99.8
99.8
99.9
100
92.3
67.9
58.5
51.7
52.2
53.1
58.5
74.6
83.3
92.4
95.7
96.6
97.6
97.1
93
90.4
89.7
85.5
71.8
57.1
44.8
57
80.3
87.5
91.9
95.6
96.3
96.8
97.3
97.2
98
98.4
98.4
98.4
97.8
97.6
97.6
97.6
97.9
98.2
98.6
98.5
98.7
99
99.1
100
99.8
99.6
98.7
94.9
91
79.4
79
84.5
91.2
94.1
82.3
86.5
87.8
79.5
78.5
86.1
86.6
90.1
84.5
84.2
82.5
80.6
81.7
78.1
76.7
75.3
75.8
82.8
82.6
80
77.8
80.3
83.2
82
77.5
71.6
75.8
78
77.5
85.6
78
77.5
82.2
81.5
77.9
81.2
83
82
81.4
86.7
95.1
88.1
73.5
73.8
86.8
91
90.7
95.2
97.5
97.6
98.6
100
99.8
100
100
100
100
100
100
100
99.1
96.3
97.8
98
97.8
98.7
97.1
93.4
92.3
93.6
95.6
96.3
97.6
98.3
98.7
99.8
100
100
99.8
97.2
99.1
100
100
100
100
100
100
100
84.4
80.8
79.2
79.3
79.3
77
80.8
88.4
93
96.4
98.4
99.4
99.9
100
100
100
100
100
100
100
100
100
100
100
100
90.9
72.5
59.8
62.1
68.8
74.7
82
87.2
91
94.8
92.2
92.1
94.3
95.3
96.7
97.5
94.8
93.8
97.3
97.4
98.3
99.2
99.9
98.9
98.5
98.3
98.4
98.4
98.3
98.1
98.4
97.9
97.5
97.3
97
98.3
99
98.9
99
98.6
97.7
95.8
95.5
96.5
96.4
97
93.6
86.1
80.9
76.5
84.5
84.8
82.7
84.3
93.1
97.8
99.2
99.9
100
100
100
100
100
100
100
100
100
100
100
100
100
100
100
84.2
76.1
69.1
65.2
70
88.1
96.6
98.1
98.9
99.2
99.6
99.9
99.9
100
100
100
99.8
99.9
99.4
99.5
99
99.5
88.4
64.7
55.3
49.7
40.4
42.3
48.7
73.2
88.3
92.5
94.4
95.8
97.1
97.6
97.8
97.9
98
98
98.2
98.1
98.2
98.4
98.5
99.5
95.3
69.1
60.2
57.7
63.7
67.2
74.4
81.8
80.7
80
81.8
84
90.3
87.7
90.8
94.8
83.4
85.7
94.6
96.1
80
71.8
77
81.7
85
87.1
86.6
75.6
72.1
74.4
78.3
95.5
97.8
98.3
98.9
98.9
99
99.4
99.7
99.8
100
100
100
93.6
94.9
98.1
99.6
99.9
100
99.9
100
100
99.7
99.1
99.1
100
100
100
100
100
100
100
100
100
100
100
100
100
100
100
100
100
100
100
100
100
99.9
100
99.9
100
100
100
100
100
100
100
96.6
89.5
88.1
84.6
77.7
75
74.8
77.3
81.4
81.5
84.7
95.3
97.3
97.6
98.2
98.5
98.8
99.1
99.6
100
100
100
100
100
100
100
100
100
100
100
86.8
78.3
72.7
73.3
72.8
67.5
65.1
61.9
57.5
59.4
64.2
66.2
56.8
65.4
64.2
63
56.4
51.6
50.4
53.5
59.3
64.5
64.4
63.5
68.3
73
72.8
73.7
76
77.2
81.3
81.1
83
80.4
67.2
58.8
70
76.8
77.8
84.9
72.9
73.6
90.7
97.6
99.3
100
100
100
100
99.6
98.2
93.6
74.8
79.5
75.2
70.7
75
79.3
83.3
77.8
71.5
85.3
85.5
78.5
78.5
78.5
83.5
75.7
84.9
90.9
96.4
98.5
100
100
99.9
99.8
86.1
74.2
76.7
72.1
77
80.8
84.4
90.5
93.4
95.4
98.3
100
100
100
100
100
100
100
99.2
98.3
97.3
98
99.8
100
100
99.3
89.5
84.8
80.4
58.1
53.6
61.3
65.7
74.2
77.6
83.1
88
89.1
79
71.3
73.3
88.4
90.3
90.1
89.5
90.7
91.2
92.3
72.4
62.3
55.6
50.6
49.9
50.5
58.9
75.3
86
83.2
90.1
93.8
96.3
94.2
93.8
93.5
93.1
94.3
96.4
97
97.6
98.4
98.9
81
63.1
72.5
58.2
54.4
54.6
56.9
59.3
76.8
79.6
85.8
91.6
93.5
93.6
94.9
94.2
96
97.3
97.2
97.5
97
96.5
97.3
97.7
96.2
80.2
73.2
66
58.8
54.6
57.2
64.7
81.8
81
75.6
76.8
89.9
86.4
84.3
93.8
95.7
97.4
98.4
99.6
99.9
100
100
100
100
100
76.3
66.5
62.9
64.5
70.1
73.2
86.9
95.6
98.2
98.9
99.9
100
100
100
100
100
100
100
100
100
100
100
100
100
100
90.5
74
68
70.8
81.4
92.9
98.3
99.5
100
100
100
100
100
100
100
100
100
100
100
100
100
100
100
100
100
100
95.5
86.5
94.5
97.4
98.3
99.2
99.7
100
100
100
98.7
99.2
100
100
100
100
97.5
83.2
76.1
83.3
88.8
90.8
79.8
62.2
60.3
75.4
88.9
95
98.2
99.9
100
100
98
82.7
67
65.9
67
67.2
54.5
47.5
47.4
50
49
46.8
43
40.8
38.8
36
35
39
47.1
57.3
66.5
68.8
73
77.9
82.4
85.9
84.5
82.4
82.8
86
85.2
87
91.7
92.8
92.6
85.3
65.6
56.5
46.9
47.5
45
43.1
47
56.3
56
54.9
53.7
54
56.9
69.8
68.8
72.8
78.4
82.2
86.1
90
91.8
92
90.3
85.2
79.7
74.8
70.1
73.8
76.5
84.8
92.8
95.3
94.3
95
95.4
94.8
95.6
96.4
81.2
89.2
90.7
89.7
94.6
92
94.4
95.3
94.8
91
87.8
83.4
78.5
80.2
75.5
75.6
83.7
86.2
90.7
94
95.2
96.1
97.2
97.8
98
98.1
98
97.9
97.9
97.8
97.5
97.6
95.3
95.9
88.7
70.4
59.5
53.2
53
52.2
59
74.1
84.7
90.6
93.2
94.9
95.6
96.1
96.1