82.4
82.4
83.4
85.1
88.8
93.2
89.6
89.2
88.4
86.1
74.4
66
65.2
67.5
67.9
70.1
72.3
76.1
83.5
85.8
88.1
84.3
84.9
84
77.5
76.2
78.7
79.5
77.1
77.6
77.8
77.5
81.3
86.3
96.6
97.8
98
98
98
98
98
98
98
98
98
98
98
98
98
98
98
98
98
98
98
98
98
98
98
98
98
98
97.9
98
97.9
97.9
98
98
98
98
98
98
98
98
98
98
98
98
98
96.5
97.2
97.2
95.2
97.6
97.7
97.9
97.7
97.7
97.8
98
98
98
98
98
98
98
98
98
98
98
98
98
98
98
97.9
97.7
97.7
97.6
88.4
90.3
88.9
97.5
97.7
97.9
98
98
98
98
98
98
98
98
98
98
98
98
98
98
98
98
98
98
98
98
98
98
98
98
98
98
98
98
98
98
98
98
98
98
98
98
98
98
98
98
98
98
98
98
98
98
98
98
98
98
98
98
98
98
98
98
98
98
98
98
98
98
98
98
98
98
97.8
97.4
94.2
84.4
92.8
97.5
97.8
97.8
97.9
97.9
97.9
97.9
98
98
98
97.9
97.7
97.6
97.7
97.7
96.9
85.7
80.5
70.8
67.7
67.2
64.5
64.8
66.4
79.2
97.3
97
92.6
92.2
82.5
84.2
86.2
80.9
85.2
72.1
72.4
93.3
90.5
81.5
79
84.1
88.6
92.1
89.3
97.1
97.4
97.5
97.7
97.7
97.8
97.8
97.8
97.7
97.9
98
98
98
98
98
98
98
98
98
98
98
98
98
97.9
97.7
97.7
97.6
97.7
97.6
97.7
97.7
97.8
97.7
97.7
97.8
97.8
97.9
97.9
97.8
97.8
97.8
97.8
97.9
97.9
97.9
97.8
97.6
97.6
97.7
97.9
98
98
98
98
98
98
98
98
98
98
98
98
98
98
98
97.9
97.9
97.8
97.9
97.9
97.8
97.5
89.7
85.8
84
83.4
85
83.8
86.3
81.1
77.5
76.4
75.7
77.8
78.7
78.1
78.7
77.6
74
73.3
72.9
73.1
72.9
72.9
72.4
73
74
73.1
72
71.7
72.3
73
74.5
74.3
79.3
78.5
77.2
77
77
76.4
78
80.3
73.2
76.4
78.1
78.6
79.4
72.4
70
68
66.2
65.8
65.4
66.8
70.6
76.6
80.3
83.1
81.4
84.3
88.9
88.3
94.3
92.6
93.3
93.8
92.9
92.9
93.8
96.7
91.9
79.5
73
68.4
68.8
68.4
68.1
69.1
73.9
82.9
84.9
86.7
92.5
95.8
96.9
95.5
93.3
88.1
91
95.9
95.1
94.3
95.1
92.8
90.8
87.3
75.2
73.9
73.8
75.6
78.9
79.3
81.2
84.4
96.9
97.6
97.7
97.7
97.7
97.8
97.8
97.8
97.8
97.9
97.9
97.9
97.9
97.9
97.9
98
98
97.9
97.8
97.7
97.7
97.6
97.7
97.8
97.9
98
97.9
97.9
97.9
97.9
97.9
98
98
98
98
97.9
97.9
97.9
97.9
97.3
95.1
92.3
88.1
84.1
82.1
81.9
91.6
97.5
97.6
97.7
97.7
97.6
97.6
97.5
97.3
97.5
97.1
92.2
85.1
93
96.6
95.9
96
87
80.8
78.8
73.2
71.9
71.8
73.5
80.3
86.1
91.6
91.3
91.6
96.8
97.3
97.4
97.4
97.5
97.5
97.1
93.6
97
96.7
92.8
93.4
81.8
74.4
71.6
72
72.9
73.2
73.8
78.4
89.7
96.6
97.5
97.5
97.6
97.6
97.7
95.3
97.6
97.6
97.6
97.5
97.5
97.6
97.5
97.6
97.4
89.5
86.3
85.3
91.5
93.7
95.2
96.5
97.5
97.5
97.5
97.5
97.6
97.6
97.6
97.6
97.7
97.8
97.9
97.9
98
98
98
98
98
98
97.9
97.8
97.7
97.6
97.6
97.6
97.6
97.8
97.8
97.8
97.8
97.8
97.8
97.7
97.7
97.8
97.8
97.6
97.8
97.9
97.9
97.8
97.9
98
98
98
98
98
98
98
98
98
98
98
98
98
98
98
98
98
98
98
98
98
98
98
98
98
98
98
98
98
98
98
98
98
98
98
98
98
98
98
98
98
98
98
98
98
98
98
98
98
98
98
96.3
84.5
79.4
81.1
94.4
96.8
97.9
98
98
98
98
91.6
88.8
91.6
95.5
97.6
97.6
97.6
97.7
97.7
97.7
97.7
97.6
97.6
97.8
97.9
97.6
97.6
97.6
97.8
97.8
98
97.7
97.8
97.6
97.5
97.6
92.5
89.2
93.9
95.2
97.8
98
96.8
81.3
76.1
91.4
87.2
74.9
68.9
71.3
78
84.3
89.8
93
89.5
97.2
97.5
95.3
94.1
97.4
97.5
97.5
96.2
97.4
97.5
97.5
96
82.6
74.7
67.7
66
64.6
70.7
74.9
80.8
91.5
96.9
97.4
95.4
95.9
93.7
78.2
88
94.4
94.6
94.4
97
97.3
97.5
97.5
97.5
92.9
78.8
81
87.4
95.3
94.2
89.8
95.8
97.5
97.2
97.7
97.7
97.7
97.7
97.7
96
90.6
97.3
96.2
82.4
91.9
87.3
92.7
92.7
74.4
71.6
72.5
67.4
64.9
66.2
65.8
68.4
77
83.9
90.5
95.1
93.7
97.3
96.1
96.9
96.2
95.9
90.2
97.1
97.5
97.6
97.7
95.3
78.5
69
57.6
50.7
46.1
48.8
50.2
53.2
64.9
73.5
54.7
44.2
43.6
43
55.2
56.9
61.5
59.2
56
58.8
58.3
59.6
63.6
56.3
51.7
46.7
47.4
48.1
46.8
49.1
51.9
55.2
61.4
67.5
71.4
72
72.7
72.6
75.8
72.6
76.2
78
76.5
72.6
68.2
66.1
66.2
70.7
67.1
64.4
65.3
65.2
64.8
64.2
65.8
71.2
74.7
78
79.3
81.1
83.1
83.7
87
87.9
87.2
86.4
83.8
85
85.7
84.8
83.1
82.3
77.8
70.1
69.5
70.2
69.4
69.8
73.1
73.3
74.2
75.7
75.8
75.2
79.5
94.8
97.5
97.7
97.9
98
98
98
98
97.8
97.7
97.6
97.5
97.1
89.8
85.2
82.3
79.4
81
82.3
93.6
97.6
97.7
97.7
97.8
97.9
98
97.7
97.6
97.7
97.5
97.7
97.7
97.7
97.7
97.6
96.7
95.6
96.9
97.3
95.7
97.3
97.5
97.6
97.9
98
98
98
98
98
98
98
98
98
98
98
98
98
98
98
98
98
98
98
97.8
97.7
97.7
97.7
97.9
97.9
98
97.9
98
98
97.8
97.7
97.7
97.8
97.7
97.7
97.7
97.8
97.8
98
97.7
96.4
97.5
97.6
89.1
90.6
97.6
97.7
98
98
97.9
97.6
97.4
97
97.2
97.4
97.5
97.5
97.6
97.7
98
98
97.9
97.8
98
98
97.9
97.6
97.2
97.2
90.3
90
87.2
89.2
97.3
96.6
95.5
95.8
97.5
97.6
97.6
97.4
97.6
97.7
97.7
97.7
97.6
91.7
80.4
75
68.4
69
71.1
69.4
68.4
73.7
83.1
94
97.6
97.6
97.8
97.8
97.7
97.8
97.8
97.8
97.8
97.7
97.6
97.5
96.9
81.9
71.4
63.9
61.7
66.7
65.2
63.6
62.5
65.1
75
84.1
89.7
88.9
79.2
77.3
78.9
79.7
88.7
91.7
87.8
89
86.4
88.6
78.9
76.1
66.7
59.8
58.2
58.4
57.8
59.8
70
73.7
80.7
92
93.7
96.7
97.5
97.1
97.5
93.8
92.3
93.8
94.5
75.8
80.4
79
80.6
81.2
71.6
58.4
56.1
59.6
60.6
61
60.7
62.6
71.3
74.9
77.3
81.2
80.5
77.6
76.4
76.8
76.7
77.2
76.8
74.7
76.4
77.2
78.5
80.4
72.3
67.2
67.7
68.1
68.7
68.2
67.7
69.3
74.5
84
93.2
96.4
97.1
97.1
97.3
97
97.3
97.4
94.6
95
97.5
97.6
94.9
94.1
81.2
69
65.7
63.4
61.9
61.9
61.8
63.4
70
78
83.2
84.2
89.7
91
94.1
92.6
96.2
96.7
97.4
96.6
97.4
97.4
97.4
86.8
73.4
67
64.9
63.3
63.5
63.1
63.9
65.7
76.1
84.5
93.4
95.8
96.7
97.5
97.5
97.6
97.6
97.7
97.7
97.7
97.8
97.7
97.7
97.5
91.3
83.6
83.3
82.1
81.8
80.7
82.3
83.5
87.1
88
87.2
87.5
91.4
92.8
97.5
97.6
97.7
97.7
97.7
97.7
97.6
97.6
97.5
89.3
76.3
66.7
65.1
67.2
66.5
64
60.9
62.5
68.6
76.2
79.7
86.5
90.6
88.2
82.3
81.6
72.3
64.3
68.1
69.4
71.3
77.5
78.8
82.9
72.7
66.6
68.9
69.4
64.3
62.6
61.6
60.7
68.7
73.6
76.4
79.4
83.1
86.6
88.5
88.6
89.2
81.6
78.8
78.7
80.2
85.2
85
77.8
75.2
69.7
68.9
66.7
68
68.2
67.8
68.6
71.7
70.9
73.7
73.1
77.1
87.2
92.2
92.7
97.1
97.6
97.6
96.9
97.6
97.5
96
81.4
68.9
64.1
70
75.2
71.4
70.4
71.7
70.5
76.9
84
87.8
92.3
93.5
94.2
94.6
95.3
93.8
86.4
80
83.4
86.8
84.1
92.6
87.5
78.1
73.8
71.9
69.1
69
69.3
46.5
45.3
45.4
46.5
50
53.9
59.4
78.7
90.9
97.3
97.5
97.6
97.6
97.7
97.7
97.7
97.7
86.8
71.2
65.2
63.1
61.1
60.6
57.3
53.3
41.3
40.5
41.6
41.2
43.1
46.1
54
60.9
89.1
85.8
93.7
97.5
96.7
95.6
93.2
94.8
86.7
86.2
86.4
79.3
80.1
84.6
85.4
83.2
83.7
89.7
95.5
97.6
97.6
97.5
96.2
91.6
97.5
97.5
88.4
87.4
93.4
97.4
97.5
96.9
91
82
77.7
74.3
71.1
71.9
71.7
72.1
72.9
74
72.8
72.4
77.7
88.4
91.1
83.3
85.4
91.1
94.8
94.5
97.3
97.5
97.5
97.5
83.1
70.3
61
51.3
52.2
50.7
47.3
46.5
46.7
52.1
61
64
63.9
64.9
60.3
65
63.6
67.8
69.8
72.6
75
73.4
72.9
70.5
63
56.7
49.7
52.2
55.5
58.8
69.1
71.5
75.6
85.8
97.2
97.9
97.6
97.5
91.6
86.5
82.7
81.1
80.1
80.1
78.9
76.4
75.1
74.7
72
75.7
97.2
97.8
97.9
98
98
98
98
98
98
98
98
98
98
98
98
98
98
98
98
98
98
98
98
97.8
92.8
81.3
79.1
73.7
72.4
71.6
67.7
70.2
83.7
89.6
93.6
87.5
88.8
90.9
95.8
96.7
97.6
97.6
97.5
94.7
93.6
86.2
80
71.4
68.9
70.1
73.4
81.4
97
97.9
98
98
98
98
98
98
98
98
98
98
98
98
98
98
98
98
98
98
98
98
98
98
98
98
97.8
97.8
98
98
98
98
98
98
98
98
98
98
98
98
98
98
98
98
98
98
98
97.9
97.6
97.7
97.8
97.9
97.9
97.9
98
98
98
98
98
98
98
98
98
98
98
98
98
97.6
84.7
76.4
75.8
81.7
84
83
83.2
91.6
97.6
97.8
98
98
98
98
97.9
97.7
97.6
97.5
97.5
97.7
95.3
97.6
95.3
90
86.7
80.3
76.4
77
75.8
74.7
76.1
79
80.3
81.4
83.1
89.9
96.9
95.4
94.9
96.9
95.4
97.3
97.3
96.4
97
88.2
82.4
80
79.8
81.7
79.6
76.1
76
77.9
79.1
81.3
87.3
88.5
96.3
97.6
94.5
94.9
97.4
96.3
96.2
97
97.6
97.6
97.7
97.9
97.9
98
97.9
98
98
98
98
98
98
98
98
98
98
98
98
98
98
98
98
98
98
98
98
98
98
98
98
98
98
98
94.7
88.3
80.7
87.5
97.4
97.7
97.7
97.9
98
97.9
97.5
97.7
97.7
97.9
98
97.9
98
97.7
92.3
93.9
97.4
94.7
87.4
82.3
85.7
88.3
93.1
96.1
97.6
97.6
97.8
97.7
97.6
97.7
97.6
97.1
97.7
97.8
97.9
98
98
98
93
81.5
77
75.9
75.4
81.6
88.4
90.1
89.5
93.7
97.5
97.8
98
98
98
98
98
98
98
98
98
97.9
97.6
97.6
97.2
96.8
97.1
92.2
89.5
97.5
97.7
97.8
98
98
98
98
98
98
98
98
98
98
98
98
98
98
98
98
98
97.9
94.5
77.7
74.2
69.9
69.8
61
45.1
44.1
58.8
61
64.6
68.4
70.6
70.2
69.4
78.8
79.5
88.2
89.9
90.6
87.8
81.6
72.3
66.7
64.8
67.2
69
68
56.6
53.9
50.5
47.9
53.3
51
58.3
63.5
64.9
62.8
75.9
84.3
83.8
94
92.4
97
97
89.6
78
72.1
70.9
69.4
67.9
67
63.5
62.5
63.3
68.9
75.3
75.7
79.5
83.7
86.3
92
93.2
97.5
97.6
97.6
97.6
97.6
97.7
97.6
94.7
85.1
80
82.3
82.7
82.2
79.9
79.4
78.7
81.9
92.6
95
95.9
92.4
94.7
90.9
91.4
89.1
89.5
93.4
97.7
98
97.9
97.7
97.4
97.7
98
97.8
97
97.7
97.8
97.6
97.8
97.9
97.8
98
98
98
97.9
97.9
97.9
98
98
98
98
98
98
97.5
86.6
83.2
79.5
74.1
68.6
70
70.7
73.7
76.2
83.6
97.6
97.7
97.7
97.7
97.5
97.5
97.7
97.8
97.7
97.9
97.9
97.9
97.7
97.7
93.8
81.8
78.4
73.8
71.2
69.4
68
65.2
65.9
67.3
76.3
81.3
78.4
88.7
94
95.6
96.4
90.3
88
85.5
85
76.3
77.4
73.2
64.8
63.4
67.2
67.4
63.4
61.2
61.6
60.9
63.4
65.3
69.6
76.9
81.5
94.3
97.4
93.9
96.2
97.5
96.1
97.6
97.6
97.7
97.7
97.6
94.2
84.8
77.6
76.1
77
78.2
77.4
78.7
87.1
93.3
97.5
97.5
97.8
97.9
98
98
98
98
97.9
97.9
97.8
97.6
97.7
97.7
97.6
86.1
81.3
70.5
67.2
61.6
57.5
55.2
52.7
45.7
44
47.3
55.1
57.4
59.4
61.2
65.4
65.4
63.4
64.7
67.7
70.6
70
67.6
59.4
55.8
54.3
58.6
62.6
60.6
61.2
58.1
58.5
63.9
71.2
76.2
81
83.9
96
97.5
97.5
97.5
97.5
92.2
89.1
84.7
91.2
84.6
74.9
74.8
76
76.5
76.2
76.1
76.3
78.1
79.5
83.7
93
97
97.4
97.5
97.5
97.4
97.6
97.7
97.6
97.6
96.9
93
94.4
95.5
93.3
89.4
94.4
86
84.9
78.8
74.5
73.1
73.3
74.3
84
90.8
90.9
91.5
95.1
97.1
97.2
97.5
97.4
97.5
97.5
97.6
97.5
94.6
83.6
73.2
77.2
73.9
71.7
70.5
67.2
62.8
68.8
89.5
74.4
74.4
78.6
83.9
94.7
94.4
93.6
97.4
97
97.2
97.6
97.7
97.6
84.5
74.1
70.6
70.4
68.4
66.9
64.4
64.7
79.3
92.4
76
79.5
88.8
95.4
97.5
97.7
97.8
97.8
97.6
97.6
97.6
97.8
97.6
97
95.6
97.3
93.5
90.9
97.6
97.9
97.7
97.6
97.5
96.2
97.2
97.6
97.6
94.4
92.7
96.9
96.7
97.7
97.6
97.5
97.5
97.5
97.6
97.9
97.9
97.9
97.7
97.7
97.5
96.4
97.4
97.6
97.7
97.7
97.7
97.6
97.6
97.6
97.6
97.6
97.6
97.6
97.5
97.5
97.6
98
97.9
97.9
97.6
97.1
97.5
94.3
95.6
86.6
88.1
93.9
96.9
97.3
97.1
97.5
97.6
97.7
97.9
97.9
97.9
97.8
97.9
97.7
97.6
97.6
92.9
92.2
74.9
75.6
71.3
64.5
60.4
59.6
59.2
59.7
61.8
62.7
66.3
72.3
84.2
89.9
94.9
83.8
91
94.2
95.7
97.3
97.4
97.1
97.5
94.4
83.3
76.9
70.2
66.7
64.8
64.6
66.1
66
66.6
67.5
68.2
72.1
75.8
76.7
77.6
78.8
77.9
79.1
80.7
82.6
82.3
85
90.1
90.8
82.9
71.8
63.5
63.9
62.8
61.9
62
62.3
61.9
62.1
64.2
71.1
77.8
81
85.5
90.9
95.9
97.4
97.5
97.5
97.5
97.6
97.6
97.6
88.1
74.8
68.9
66.4
65.7
64.7
64.9
64.7
63.8
64.2
65.7
72.2
76.5
78.1
80.3
87.7
84.7
81.4
86
90.1
88.7
84.8
87
91.4
85.4
78.8
73.6
72.3
72.7
71.2
74.6
75.7
75
76.4
79.3
80.2
82.6
83.1
86.6
94.3
97.6
97.6
97.8
97.8
97.7
97.8
97.9
95.9
84.9
76
71.2
71.1
61.1
49.8
44.6
41.7
41.3
40.4
48
76.4
91
92.8
87.5
92.3
94.4
97.3
97.6
97.6
97.6
97.6
96.1
94.8
84.1
74.5
67.7
66.1
68
67.2
65.5
63.8
61.9
61.4
63.7
66.2
70.6
74.5
70
70.3
72.7
84.1
80.1
80
79.8
82.7
81
88.7
96.7
97.7
97.8
98
97.9
97.7
97.9
97.8
97.9
98
98
98
98
98
98
98
98
98
98
98
98
98
98
98
90.9
78.4
74.8
79.8
78.7
72.3
68.1
69.4
64.8
64.4
66.4
72.2
83
90.1
79.2
80
87.8
75.1
76
77.7
78.4
75.8
77.6
69.5
67.4
68.2
68
63.5
60
52.3
48.9
49
49.6
50.7
56
61.4
68.1
71.6
72.1
74.1
66.5
70.9
72.9
78.1
80
78.5
79.9
74.6
70.5
62.8
59.2
60.7
60.2
62.6
63.7
62.6
62.2
64.1
67.7
71.6
79.7
92.2
92.8
89.5
97.7
97.1
96.5
97
97.5
97.6
97.6
97.7
97.5
97.6
96.6
87.9
85.9
90.3
85.8
85
92.7
95.9
97.1
95.8
97.5
97.5
97.6
97.6
97.6
97.7
97.8
97.9
97.8
97.6
98
97.9
93.3
70.7
66.6
64.5
65.1
65.9
66.1
65.7
66
68.9
71.2
75.2
79.6
92.4
97.2
97.5
97.6
97.6
97.5
88.9
81.1
73.8
71.5
65.3
59.2
57.2
61.5
66.5
62.5
60.5
58.9
57.9
57.8
57.5
57
44.6
76.8
50.5
48.2
77.6
82
88.2
93.9
89.5
85.3
85.9
89.7
94.5
93.4
92.7
91.5
81.8
76.6
68.7
64
60.1
57.5
57.4
61.2
64.4
74.8
80.6
83.7
84.7
87.2
85.7
87.4
88.9
95.9
92.9
95
88.2
72.2
62.2
61.8
62.6
63.8
62.4
61.9
61.9
63
63.8
66.4
72
76.4
78.2
78.4
82.4
86.4
91.7
92.7
92.1
94
88.9
89.7
90.3
85.6
83.6
80.3
73.7
69.5
68.4
68
67.9
84.1
80.6
92.9
84.6
86.9
91.3
93.6
97.2
97.7
97.7
97.7
97.8
97.8
97.9
97.9
96.6
82.8
69.9
59
54
54.5
54.3
54.4
52.4
50.4
49.8
50.9
55.1
64.6
70.6
71.4
74
80.6
87.8
91
94
90.6
93
93.6
90.8
81.7
71.5
71
70.5
69.9
88.4
74.3
72
69.5
68.4
71.5
74.5
78.9
84.7
96.7
95.9
97.2
97.3
97.6
97.6
97.6
97.6
95.3
92
92.9
84.8
79.4
73.7
69.6
72.6
71.7
67.3
68.2
68
69.6
72.3
86.1
96.9
97.3
97.6
97.7
97.8
97.9
97.8
97.7
97.6
96.1
96.6
97.4
97.7
97.2
92.2
94.4
93.2
83
79.7
79.8
97
92.7
93.7
88.3
86.8
87.7
85.8
92.7
95.7
96.6
97.5
97.5
96.6
97.5
96.3
97.8
97.8
97.4
89.5
83.5
77.6
80.4
87.1
86.5
96.8
97.6
94.7
93.7
96.3
97.5
97.6
97.5
97.5
97.6
97.7
97.7
97.7
97.8
97.8
90
83.2
73.2
67.6
67.6
65.8
63
60.3
59.6
58.9
62
64.8
73.4
79.5
86.9
94.8
91.8
90
88.7
88.1
88.9
87.1
89.5
79.7
74.6
63.9
62.1
62.5
63.4
65.5
63.9
66.5
66.4
67.4
70.9
74.8
89.3
94.4
91.5
97.5
97.6
97.6
97.5
90.4
89.3
84.4
78.9
79.2
69.5
63.9
63
64.2
63.8
63.4
61.5
58.2
55.5
54.1
56.4
62.1
70.2
77.1
87.7
95
96.9
97.5
97.5
97.4
94.3
90.2
92.6
81.4
87.3
80.8
83.8
86
86.6
80.5
83.3
83.2
81
80.9
80.5
82.9
86.8
92.4
97.6
97.8
97.9
98
98
98
98
98
98
98
97.8
95.4
89.7
81.2
76.2
71.6
68.3
64
60.4
55.8
52
54
65
65.5
65.3
73.4
82
90.9
97.1
89.4
95.5
97.5
81.8
80.3
75.8
73.7
67.9
67.1
68.5
66.3
66.1
65.4
64.5
65.8
66.1
72.1
82.1
85.2
88.2
94.1
97.3
97.5
97.6
97.6
97.6
97.5
97.5
92.5
74.9
69.7
66.1
65.4
63.5
59.8
57.8
56.4
56.7
56.3
57.2
60.4
69.8
75.5
84
87.5
88.3
90.6
85.9
79.3
93.7
95.1
95.7
80.6
79.6
74.3
70
66.6
65.4
63.4
60.5
57.5
57.6
59.2
61.8
64.7
71
88.5
84.3
88.8
94.5
92.4
77.6
75.7
73.9
69.1
72.4
74.2
80.5
88
97.6
95.9
79.8
68.7
68.8
82.6
86.4
78.7
75.1
76.8
80.5
76.7
77
75.8
74.2
71.8
75
79.5
87
97.5
96.7
85.5
77.9
67.3
65.5
62.9
61.2
62.3
64.9
63.6
62.2
63.1
64.6
73
82.1
83.8
91.3
97.6
97.7
94.1
92
91.3
92.5
91.4
96.7
92.2
83.3
86.8
77.6
69.7
61.1
64.2
67.3
72.7
64.2
59.5
62.5
66.3
74.4
83.3
80.4
71.3
67.8
84.1
88.8
90.8
83.7
75.7
75.2
72.9
74.4
75.7
77.3
74.7
72.8
68.4
64.9
59.5
58.7
63.2
66.4
72.7
81.4
82.8
87.1
92.6
93.3
85.6
87.9
88.8
92.5
91.9
87.6
77.6
77.7
72
70.9
78.7
76.7
86.7
97.7
97.6
97.6
95.6
86.6
83.4
87.6
86.9
93
88.8
94.2
97.7
97.8
97.7
97.6
97.8
97.9
97.8
97.7
97.9
98
97.8
91
77.8
72.3
70.4
71.3
70.9
73.9
78.8
89.6
97.4
97
97.7
97.6
97.6
97.6
89.9
97.4
97.5
97.6
89.6
74.6
71.9
71.5
72.7
73.1
75.4
69.5
64.2
64.8
65.7
89.9
91.5
97.6
97.7
97.8
97.6
97.8
97.9
97.9
97.8
97.4
97.5
96.3
97.5
97.7
85.9
70.6
67.9
66.8
67.3
67.7
71.3
79.3
97.8
97.8
98
98
98
98
97.9
97.9
97.8
97.4
97.7
97.6
97.7
97.7
97.8
95.4
80.8
70.5
67.2
67.5
67.8
65.1
67.8
75
73.8
78.8
86.2
82.9
78.9
92.2
91.1
95.2
89.1
89.3
89.8
93.2
94.1
96.2
97.8
98
98
97.8
97.6
93.6
83.4
73.9
69.7
62.8
63.6
65
76.7
91.7
94
91.8
93.7
86.5
92.3
90.8
97.6
97.7
97.7
97.6
89.2
76.5
69
68.9
68.3
68.5
68.1
69
74.1
80.8
82.6
80
79.2
78.6
88.6
97.6
97.8
97.9
97.7
95.7
89
85.1
96
97.7
97.8
97.6
96.1
91.3
69.8
66.8
64.2
62.4
60.8
60.7
60.4
62.3
66
76
80.1
84.6
81.9
92
97.4
97.5
97.6
97.6
97.7
97.6
85.7
74.3
66.4
64.3
63.2
60.8
59
56.9
56
57.2
58.2
59.6
61.4
71.8
76.4
80
81.9
76
77.7
87.9
85.5
80.7
89.4
92.4
77.9
72.3
68.8
66.1
63
61.2
61
60.7
60.1
59.7
60.4
61.9
63.4
68.1
67.7
70.3
73
75.8
86.6
94.4
90.2
79.7
79.7
80.8
84.2
74.1
69.4
69.8
70.5
73.7
74.5
69.9
67.1
65.9
65.3
69.6
80.4
86.3
83.3
80.6
84.2
80
92.1
93.9
96.8
97.5
97.6
97.6
97.5
97.5
97.4
96.6
91.2
90.7
95.2
88.6
80.8
78.1
80.8
95.2
97.6
97.4
97.4
97.7
97.7
97.7
96.2
97.5
97.6
97.6
97.6
97.7
97.8
97.9
97.6
97.7
97.7
81.1
75
71.7
71.6
87.2
97.6
97.6
94.5
91.6
87.6
85.2
83.7
83.6
82.4
82.4
80.9
81
90.7
94.2
83.7
80.6
78.3
76.6
75.1
75.5
75.4
77.3
74.8
76.2
75.3
77.2
93
97.8
97.8
97.9
98
98
98
98
98
98
98
98
98
97.8
97.6
97.8
97.8
92.6
82.2
74.3
71
66.8
57.9
50.8
49.1
46.4
54.8
51.2
59.2
62.4
62.8
61.7
57.3
56.2
63.2
63.8
68.8
62.5
62.2
61
59.4
57.2
55.5
54.9
55.2
54.8
54.7
56.6
58.9
63.2
71.3
76
68.1
73.9
87.8
86.7
86.6
88.9
88.8
88.5
76.9
73
61.9
60
60.8
60.6
59.6
59.2
59
58.8
59.1
60.2
61.8
64.9
67.2
73.3
79.5
82
79.5
81.6
81.8
80.2
82.8
84.2
85.1
92.4
84.8
84.3
81.2
81.9
85.1
94.2
95.6
96.9
97.6
97.9
98
98
98
98
98
98
98
98
98
98
98
98
97.6
87.7
77.4
74.8
74.9
72.9
74.1
75.6
74
75
76.5
77.9
80.7
84.8
96.7
97.6
97.7
97.7
97.7
97.6
96.7
96.4
96.6
97.5
97.2
96.3
97.5
97
87.5
89.2
88.4
79.6
72.3
72.1
76.9
76.6
79.8
78.4
77.9
95.8
97.9
98
98
98
98
98
98
98
97.3
92.5
77.8
72.4
71.1
70.2
68.8
67.4
75.4
97.7
97.4
86.7
81.2
84.5
91.5
96
95.4
97.3
97.6
97.5
95.2
90.8
95.5
95.7
93.3
82
77.9
72.3
70.5
68.9
69
63.7
69.4
97.5
97.8
92.8
85.2
89
89.3
73.4
81.8
84.6
96.6
97
97.7
97.7
97.8
97.6
86.3
73.8
66.6
63.4
61.4
60.3
58.9
59.1
57.6
56
57.9
61.2
68.7
74.3
82.3
88.1
91.2
92.3
83.7
91
96.9
93.9
97.5
96.5
81.8
73.7
66
61.9
62.2
61.4
60.3
59.5
60
58.7
57.1
56.4
61.7
69.3
74.8
77.2
81.3
85.5
90.8
94.9
96.6
97.2
97.4
92
75.7
66.9
62.4
61.4
60.8
60
56.5
54
55.7
55.8
54.9
55.3
57.5
65.1
71.3
75.2
80.4
85.7
89.5
92.4
90.6
84.9
85.6
75.7
66.8
62.4
55.9
59.9
59.2
59.9
56.9
55.3
54.1
53.9
53.5
53.7
54.7
60.1
65.9
72.4
75.7
83.7
90.1
93.6
94.5
97.4
97.5
94.8
76.5
69.1
66.7
63.7
62.6
61.8
59.9
59.5
57.5
56.8
56.9
60.8
65.1
72.2
80.2
85.8
92.1
97.5
97.6
97.6
97.7
97.8
97.7
97.6
92.7
82.4
81.9
75.7
71
68.7
68.7
66.3
64
63.4
60.5
52.4
52.5
59.5
59.7
62.6
54
48.7
45.1
45
45
44.7
44.1
50.4
53.3
52.2
44.2
42.6
42.2
41.3
40.6
39.8
39.2
39.3
39.9
40.9
41.7
41.9
43
47.4
47.4
50
55
57.6
61.5
68.6
69.2
67
69.9
71.7
62.9
63.5
64.3
64.3
63.2
62
63.4
66.2
67.9
85.6
97.5
97.4
96.3
97.4
97.5
97.6
97.7
97.8
97.8
97.6
97.7
97.6
96.8
91
84.3
79.8
83.6
87.5
78.1
67.2
48.1
41.6
40
40.7
41.9
44.7
53.4
57.9
54.6
67
90.1
96.5
97.5
97.6
94.8
88.9
77
66
64.9
63.3
56.8
50.9
41.8
38.1
37.8
36.8
39.5
45.4
47.3
53.8
55.5
60.1
67.4
67.3
73.3
67.7
60.9
71.9
78.2
75.1
67.6
61.5
58.1
56.6
56.3
54.5
53
54.2
53.2
52.4
51.8
52
51.7
60.4
66.5
70.7
67.4
73.4
69.5
67.7
74.6
80.6
82.8
87.8
92.5
97.5
97.5
96.7
88.1
81
68.7
65.4
63.8
63.1
62
63
66.9
70.2
73.4
77.3
80.5
84.1
84.4
80.3
75.1
79.7
79.9
84.9
71.4
67.5
62.2
60.2
59.2
57.3
54.8
52.7
51.5
48.9
49.5
49.6
53.4
57.2
64.2
73.5
73.1
77.9
82.4
84.6
88.6
92.7
97.3
95
82.8
72.9
65.9
63.1
62
61.2
60.4
59.2
59
61.2
61.6
62.2
62.2
65.7
71.8
76.4
77.6
80.2
81.7
82.9
93.4
97.7
95.3
89.9
94.9
90.2
94
97.6
96.6
79.8
76
73.8
66.5
66
67.4
68.6
70.3
72.2
72.1
73.7
74.8
76
79.3
86.5
83.3
81.1
78.5
81.5
86.5
90.4
83.5
82.7
78.6
78.5
81.8
92
97.9
93.4
90.1
94.9
96.6
95.7
86.6
82.7
79
83.5
97.6
96.9
97.3
97.8
98
97.9
91.8
78.9
69.9
64
61.8
57.7
56.7
47.4
43
41.1
40.5
39.5
42.2
42.7
45.6
47.8
48.5
45.6
47.5
53
61
74.1
77.2
75
65.6
59.2
52.2
52.6
51.9
51.3
50.3
50
50.9
51.4
51.8
53.5
54.4
56.4
61.3
70.8
76.2
77.8
79.2
78.1
79.8
82.4
87.5
84.8
73.2
68.3
61.5
57.5
56.5
56.1
55.8
53.1
53.5
55.4
56
57.2
58.9
64.4
69.6
73.7
72.2
82.9
85
84
86
89.2
88.2
83.8
76.3
69.7
65.8
58.9
58.2
56.6
54
51.7
48.4
44.4
43.9
45
49.9
55.7
62.3
68.6
70.3
68.5
73
81.8
87.5
91
93
89.2
75
66.9
60.5
58
57.2
56.9
55.7
54.2
53.6
52.2
51.1
55.1
56
61.2
61.8
63.9
65.9
77.4
80.4
80.8
80.3
86.7
86.5
97.5
93.8
91
83
82.1
73.9
59.8
55.8
54.8
54.4
55.1
57.3
61
82.7
97.9
93.5
86.2
97.3
97.6
97
96
97.3
88.9
86.9
96.2
83.2
74.6
70.4
66.8
64.3
60.7
59.3
58.2
55.8
58.8
77.9
97.8
97.8
97.6
97.7
97.6
97.6
97.3
96.9
97.6
97.6
97.7
97.8
96.9
87.4
80.8
74.4
71.1
68
64
63.2
62.7
61.5
69.8
70
66.5
58.4
48.1
47.3
47
52.7
64.1
63.7
63.8
66.3
67.9
64.6
65.4
59.4
57.6
55.1
51.1
49.4
47.9
46.8
47.6
46.8
44.6
44.3
52.9
54.4
57.9
57.6
58.4
65.1
71.1
80.8
86
82.1
75.3
75.9
74.3
65.5
59.3
53.9
52.3
50.3
49.2
47.3
47
46.8
48.3
52.2
53.3
55.2
60.2
62.8
67.8
67.9
68.7
73
85.4
88.8
92.8
93.6
90.4
72.9
65
59.3
54.9
55.3
54.7
54.4
53.5
52.6
52.3
52.9
55
54.9
58.8
68.2
73.4
76
81.7
83.7
89.5
88.8
95.8
96.8
84.2
76.3
67.2
64.1
62
61.7
59.8
59.2
58.3
57.7
57.5
58.7
62.4
66.7
70.1
73.4
78.8
88.9
96.7
97.6
97.6
97.8
97.6
97.5
96.5
84.8
79.6
76.3
73.1
68.6
65.1
64.3
65.3
62.7
61.6
64.3
64.1
65.6
70.8
76.7
89.7
97.4
97.5
97.5
92.1
96.7
97.7
97.8
97.7
95.4
83.4
73.5
70.2
67.7
66.3
64.2
63.1
62.5
62.1
62.9
64.6
67.5
71.8
78.4
87.4
92
94.7
91.3
95.6
95.9
95
97.7
97.6
91.5
78.4
70.2
67.8
65.6
63.5
62.9
62.4
62
60.3
60.3
62.2
62.9
68.9
72.9
84
83.8
94.5
83.7
95.8
97.5
97.6
91.6
92.2
85.9
79.2
71.2
64.7
59.5
54.2
52.2
51.7
51.5
52.3
54.1
56.7
58.8
63.2
67.3
75.2
77.6
82.3
85.2
90.3
91.2
93.8
94.7
91.2
79.9
72.1
64.6
57.4
58.2
58.7
56.4
55.9
55.4
57.3
59.2
61
64
68.2
69.4
70.2
93.6
95.9
85.4
81.4
78.4
97.6
97.5
93.5
86.9
83.4
81.5
74.3
67.3
63.6
64.4
67.5
76.1
82.9
94.6
96
96.8
96.9
88.9
84.2
85.4
95.6
97.6
97.6
97.7
97.8
97.9
97.8
89.7
77.1
69.6
67.3
64.1
60.8
59.1
61.6
57.4
57.1
58.8
61.7
64.2
66.7
74.2
75.2
85.4
87.1
88.4
95.7
95.6
92.3
97.5
97.5
87
74.7
67
63.2
61.9
60.5
61.5
60
59.5
60.8
61.7
61.7
64
69.4
77.9
74.7
75.1
73.6
73.2
76.5
81.1
86.6
92.6
95.6
81.9
72.6
65.4
62
61
56.7
54
53.6
56.2
56.1
55.8
57.2
58.2
61.8
70.2
56.4
57.8
59.9
64
67.5
66
74.8
81.2
82
71.1
64.9
59.3
58.5
56.4
57.4
54.8
55.5
55.8
55
55.1
56.1
56.8
58.5
62.1
67.8
67
68.6
67.4
70.5
69.8
78
79.9
80.8
76.6
68.8
65.4
55.4
50.2
49.3
51.9
53.2
52.6
53.7
55.8
57.7
59.8
63
65.2
65.9
68.6
68.6
65
62.7
62.6
69.5
70
72.9
70.8
69.6
69.5
66.4
65.2
64.2
66.4
69.1
67.5
66.8
66
68.8
72
74.7
81.3
90.5
97.4
95.7
91.8
93.6
92.7
94.7
97.1
97.5
93.2
80.9
79.4
75
71.4
66.2
68.9
67.8
64.3
64
63.7
66.6
69.5
72.4
79.8
89.9
97
97.6
97.5
97.6
97.5
94.8
96.6
93.3
86.3
78
70.8
66.5
65.6
64
61.6
62.2
62.4
63.4
65
66.3
68.3
70.4
74.9
79.2
79
79.9
77.2
79.9
82.7
85.7
84.6
78.8
78.2
79.9
70.7
66
62
74.8
94
85.7
69.9
64.6
64.1
54.7
59.4
67.7
82.5
91
94.4
96.9
97.5
97.5
96.5
91.6
94.1
92.9
75.6
67.2
60.7
56.9
54.4
52.8
51.6
51.2
50.8
49.9
49.3
53.6
55.9
62.7
65.5
69.4
77.1
82.3
93.3
97.5
97.5
97.6
97.5
83.8
74.6
67.9
66.4
65.4
62.7
60.6
59.9
57
56.7
54.9
54.6
56.9
60
64
73
78.8
80.5
91.3
84.3
92
97.9
98
98
97.9
93.8
90.8
83.4
84.7
77.1
69.7
71.7
74.5
68.8
74.2
71.1
74.7
74.9
84.2
96.6
97.6
97.6
97.8
97.8
97.8
98
98
98
97.9
93.6
92.2
73.6
71.1
67.5
65.2
62.3
62.6
60.4
59.4
60.8
61.9
66.3
72
84
92.6
87.2
95.8
94.2
97.6
97.7
97.5
93.7
96.9
90
77.3
71.9
67.1
65.7
63.4
62.8
64
70.9
76
74.5
73.8
76.4
78.6
79.5
85
91.7
86.5
89.1
85.5
83.8
87.1
87.4
87.3
85.7
77.7
72.5
70
67.8
64.1
62.6
63.6
62.3
61.2
61.3
61.9
67.7
75.2
83.2
86.7
91.1
94
96.8
97.5
97
89.2
97
96.5
90.9
81.3
74.4
71
69
66.6
66.3
63
64.3
61.2
62.7
65
67.4
71
73.4
76.8
76.5
79.5
83.5
93.1
98
97.8
97.5
97.4
97.2
97.4
84.2
73.2
71.1
69.1
71.6
70.9
70.2
65.6
65
66.1
85.9
97.9
97.7
95.6
93.1
97.6
96.8
93.1
97.7
97.8
97.9
97.7
97.4
88.6
74.2
72.2
69.2
65.7
63.9
60.8
59.8
59.7
56.4
58.3
67.4
75.2
80.8
97.7
97.7
97.8
97.8
97.7
97.7
97.7
97.7
97.8
90.3
77.7
69.8
66.5
66.4
65.2
62.1
59
55.6
54.7
53.6
54.2
56.6
62.1
65.4
72
80.5
88.3
92.9
93.4
87
85.7
85.6
86.9
77.2
76.2
74.1
74.6
73
73.9
72.3
72.1
70
77.8
81.1
82.6
82
87.9
97.4
97.6
97.3
96.5
97.6
98
98
98
98
97.8
97.2
90.4
79
74.6
68.3
63.9
63.3
58.8
56
54.7
58
62.1
70.8
71.2
67.4
67.5
68.4
89.3
97.7
98
98
98
98
98
98
98
97.7
97.4
91.7
84.5
84.5
87.5
82
76
74.8
56.8
53.9
50.8
51.2
60.3
67.6
70.1
69.1
70.9
74.9
72.9
69.4
77.7
69.2
62.2
57.1
54.8
52.3
49.4
47
48.3
50.5
48.5
48.6
50.1
56.1
65.5
71.6
72.3
74.8
76.5
85.8
91.6
90.1
95.8
97.2
95.7
76.7
66.1
60.7
57.2
57.9
57.5
59.4
57.5
56.6
55.8
56.4
57.2
60.4
69
74.2
80.2
86.7
93.7
96.1
97.1
97.6
97.6
97.6
96.9
84.3
73.4
64.1
62.2
62.3
61
59
58.8
58.5
58
59.5
61.9
64.8
72.7
77.4
78.4
83
85.4
92.1
97.4
97.1
97.3
97.5
97.6
93.5
78.6
70.9
66.4
63.8
65.3
62
61.4
NA
NA
NA
NA
NA
NA
NA
NA
NA
NA
NA
NA
NA
NA
NA
NA
NA
NA
NA
NA
NA
NA
NA
NA
NA
NA
NA
NA
NA
NA
NA
NA
NA
NA
NA
NA
NA
NA
NA
NA
NA
NA
NA
NA
NA
NA
NA
NA
NA
NA
62
63
65.6
71.4
81.8
91.4
96.9
97.5
96.2
95.4
97.6
97.6
97.6
97.7
93.2
79.3
70.9
62.7
59.4
59.9
58.5
59.4
60
59.9
62.1
65.7
72.3
70.7
74.9
70.9
75
72.8
76.8
97.7
97.7
97.8
97.9
97.7
93.7
84.6
82.4
75.1
74.6
74.9
73
67.5
63.9
60.1
58
62.5
72.6
79
82.7
86.2
95.2
81.2
82.6
87.1
95.3
95.4
94.6
93.4
82.7
73.8
65.9
61.9
59.1
58.9
58.7
60.8
60.6
77.4
93.8
91.8
94.8
89.4
86.2
88.3
86.2
95.3
97.4
97.6
92
96.2
95.8
97.5
86.1
73.7
63.9
59.9
56.6
57
56.2
54.7
53.2
52.3
51.6
52.6
57.6
64.8
73.6
81.8
83.5
88.2
97
97.5
97.6
96.7
93.2
97.5
92
81
74.8
64.1
54.7
54.3
54.6
55.2
55
54.6
55
58.5
61.1
67.4
76.2
81.2
88.7
90.8
85.8
83.8
96.1
95.9
97.6
97.6
89.4
76
67.4
61.8
59.4
58.6
57.4
57.7
54.9
53
54
54.2
56.7
65.6
76.4
81.1
80.4
84.9
87.8
93.1
96.8
97.5
97.5
95.3
84.2
72.2
64.6
58.1
53.7
50.9
51.5
51.6
50.8
52.4
53.9
57.5
60.1
67
70.5
75.6
75.4
75.9
73.1
72.4
82.8
87.7
87.6
92.4
82.1
71.5
67.5
65.3
64.1
63.2
57.8
57.6
57.4
56.2
59.1
60.6
64.1
66.4
65.9
65.4
69.9
72.2
75.5
78.9
80.8
90.6
97.3
97.6
94.1
87.3
90.5
91.9
92.4
86.3
82.3
72.9
67.4
69.2
66.5
71.8
74.6
77.1
93.5
97.7
96.1
87.4
95
97.8
97.8
97.8
97.9
98
97.9
96.9
83.1
73.6
70.4
68.6
67.4
64.2
59.4
54.6
52.9
55
58.2
64.7
66.3
69
68.3
66.6
68.9
81.9
86.6
89.4
94.3
97.6
97.5
96.8
92.8
90.9
82.8
72.3
66.6
64.7
62.5
62.1
60.9
65.2
66
73.1
86.4
97.5
97.6
97.6
97.6
97.6
97.7
97.8
97.7
97.7
92.7
77.4
70.8
67.1
65.7
63.4
61.3
61.3
60.7
60.3
58.5
58.9
63.6
74.3
85.6
86.1
92.7
89.3
88
93.2
97.4
90.3
97.5
97.6
94.7
80.5
73.3
68.7
70.4
82.3
92.4
77.4
69.4
69.3
63.1
65.5
77.1
87.2
90.5
94.2
97.3
97.5
97.3
97.5
97.5
97.5
97.7
97.9
97.6
97.9
97.9
97.7
88.5
78.6
81
97.1
92.6
83.8
87.8
94
97.6
96.7
91.6
88.8
87.8
92.1
97.7
97.9
98
98
98
98
97.9
97.7
95.6
97.6
97.6
90.9
79.2
74.6
70.8
66.9
68.2
65.5
69.8
87.7
96.8
83.5
76
68.1
68.7
68.2
70.8
69.2
74.8
73.9
92
74.8
68.7
66.2
69.3
71.3
71.4
72
68.6
69.4
68.5
70.7
73
78.1
86
89.9
90
97.3
96.2
97.5
97.6
97.8
97.9
98
96.8
84.3
70.3
63.1
61.5
58.7
58.7
59.1
59.3
59.6
59.7
62.3
65.3
77.6
85.5
93.8
97.1
94.4
97.5
97.6
97.7
97.8
97.9
97.8
97.5
85.9
70.3
65.2
65.4
65
63.9
62.7
60.1
60.6
62.5
64.7
67.8
82.2
91.4
97.4
97.5
97.6
97.7
97.7
97.8
97.8
97.9
97.9
97.3
85.3
74.8
67.7
65
62.2
59.9
58.2
57.1
57
57.3
59.7
62.2
70.5
79
85.9
91.9
90.2
94.4
97.4
97.6
97.7
97.7
97.7
95.6
80.5
69.9
63.9
61.2
59.5
58
57.4
56.8
56.8
56.2
57.2
59.8
68.6
80
87.2
88.2
94.2
92.2
95.8
97.1
97.5
97.5
97.5
89.3
73.9
66.2
61.8
60.7
59.7
57.4
55.4
54.9
54.3
55.1
58.7
66.7
71
77.2
77.5
74.8
82.2
90.8
92.7
96.7
95
95.8
97.5
91.5
81.6
79.5
75.7
71
67.5
64.9
61.9
61.2
59.6
56
57.3
64.5
73.4
77.9
78.9
75.6
78.9
80.6
68.4
63.3
65.4
68.7
80.1
93.5
89.9
77.2
72.5
68
65
62.3
58.5
56
56.9
59.4
65.7
70.9
84.6
90.6
94.2
97.5
97.5
97.7
97.7
97.7
97.6
97.7
97.7
97.7
89.2
76.7
73.1
70.4
65.8
63.1
62.5
61.4
62.4
63.2
64.8
72.2
81.2
88.9
83
83.5
93.4
97.4
96.7
93
94.5
88.1
97.1
96.3
96.3
97.6
97.8
90.8
75.9
62.8
55.7
56.5
57.9
59.7
64.9
71.4
82.2
76.6
79.4
93.8
97.2
95.6
97.6
97.6
97.6
97.6
97.7
94.3
77.4
67.5
62.5
NA
58.4
55.8
53.6
52.3
51.9
50.6
54.9
59.3
68
77.5
77.4
83
81.3
92.9
97.2
95.7
97.5
97.6
97.6
92.8
77.1
66.8
60.6
58.6
57.9
57.6
57.5
56.5
56.6
57.5
58.7
63
71.1
79.6
87.4
92.8
93.2
90.6
94.1
97.4
97.5
97.6
97.6
94.9
83.5
72.4
62.7
62.3
60.7
58.4
56.8
55.5
55.8
56.7
59.2
62.7
68.6
80.2
79.6
86
91.2
91
96.8
97.5
97.5
97.5
97.6
95.2
81.1
69.7
63.3
62.6
61.9
62.4
60.3
59.7
59.2
59.5
61.9
63.9
68.7
79.4
87
90.1
87
96.1
97.5
97.6
97.6
97.6
97.6
96.8
81.9
71.1
66.3
61.2
58.8
59.6
60.3
59.4
58.8
59.3
62.4
65.5
72.3
83.8
91.6
93.6
95.7
97
97.6
97.6
97.6
97.7
97.7
97.3
85.2
73.3
65.8
63.8
61
58.4
55.3
56.4
57.8
58.5
60.7
64.3
74.5
83.3
88.3
86.7
92.8
96.5
96.4
97.6
97.6
97.6
97.6
95.7
79.7
69
62.2
61.2
58.3
56.4
56.1
55.5
55.4
57.6
61.4
67
74.4
82.3
92.2
95.2
96.2
97.6
97.6
96.5
95.9
97.5
96.8
84.9
70.2
62.6
58.4
56.2
56.2
57.9
57.2
55.5
54.3
54.7
59.8
65.6
71.9
76.1
78.6
81.4
86.2
92.6
97
96.3
97.5
97.5
97.6
94.2
78
71.5
67.9
65.3
62.9
60.3
59.2
57.9
57.3
56.9
60.7
68.4
75.7
83.4
84.4
89.7
89.7
85.6
93.9
97.6
92.5
85.4
81.1
87.5
83.1
78.5
90.9
96.8
88.3
76.4
69.3
72.2
84.2
97.5
98
97.9
97.6
97.2
97.4
98
98
98
98
98
98
98
98
97.9
97.5
89.6
82.5
79.3
87.3
91.3
95.5
93.3
77.2
81.6
97.5
97.6
97.8
97.9
97.8
97.9
98
97.8
96.5
97.7
97
97.6
94.8
91.9
82
77
84.1
90.3
95.9
97.9
98
98
98
97.9
97.8
97.8
98
97.8
91.8
96.2
97.7
97.8
97.9
97.9
97.6
97.7
97.7
97.7
89.7
75.1
69.5
66.9
65.2
63.7
62.6
60.5
59.7
61.5
66.3
71.1
82.2
96
97.5
97
96.6
97.7
97.7
97.8
97.9
97.9
98
97.2
85.7
74
67
65.4
64.2
63
60.2
58.4
58
58.1
62.1
73
79.6
92.4
95.9
94.3
92.3
96.4
96.8
97.4
97.6
97.6
97.6
97.1
93.5
97.7
97.7
97.5
91.4
81.4
94.5
77.4
74.1
78.9
91
93.1
97.4
97.6
97.6
97.7
97.8
97.8
97.8
97.9
97.9
97.8
97.8
96.6
87.2
79.3
71.4
65.6
60
47.9
46.2
45.7
45.3
45.4
46.6
46.9
46.7
47
47.1
48
52.4
56.2
54.2
52.8
53.5
63.8
69.1
69.7
61.6
57
53.1
47.9
47
47.2
46.3
45.8
48
52.6
55.7
62.9
68.9
71.6
71
74
82.4
90.2
88.3
91.6
90.4
89.7
89.4
85.2
72.1
64.7
60.1
59.8
60.5
58.7
57.2
56.9
57.4
59
62.1
72.5
79
84.7
84.5
80.7
79.1
73.1
77.4
86.4
91.3
94.8
97
96.3
82.6
71.8
68.2
59.2
58.3
58
57.6
57
55
56.5
62.1
67.2
71.9
77.4
83.4
90
96.6
97.6
97.6
89.4
84.9
92.4
92.9
84.6
61.9
44.5
36.7
35.1
34.5
35.7
35
34.9
34.7
35
37.4
38.9
39.8
40.3
40.5
47.9
51.9
58.9
56.1
56.4
60.7
68.3
70.7
66.7
61.3
58.4
58.1
57.7
57.1
50.9
42.6
42.3
41.2
41.5
44.1
44.1
43.4
43.7
44.3
50.5
56.3
56.1
56.8
63.6
71.6
71.8
67.8
67.8
61.5
53.2
49.3
46.2
44.5
44.5
44.4
43.8
43.9
45.9
48.1
54.7
59.1
61.8
60.7
60.3
52.9
56.8
59
63
60.8
65.8
67.3
59.5
58.7
54
50.8
48.5
48.4
50
50.2
48.2
48.4
49.1
51.6
56.5
63.1
68.1
74.4
75.3
82.7
86.7
91.3
87.5
91.8
88.7
92.8
86.7
73.2
69.1
73.3
71
68.3
64.6
64.8
65
67.4
66.1
70.5
76.3
79.5
74.7
75.5
77.7
78.1
82.6
84.2
84.1
84.9
85.4
81.7
78.8
81.8
77.9
88.7
97.6
97.8
95.8
84.6
81.5
93.2
92.3
94.9
75
68.5
81.7
89
96.2
96.3
96.9
97.5
97.5
97.5
97.5
97.7
97.6
88.3
75.7
70.2
67.2
65.7
64.9
63.5
63.8
63
61.6
62.7
74.9
89.8
95.5
95.7
92.5
89.8
96.3
97.6
97.7
97.7
97.7
97.7
97.7
95.3
75
68.5
66.5
66.6
63.5
59.7
56.8
63.2
58.9
46.2
59.1
72.1
80.8
91.6
97.6
97.6
97.7
97.7
97.6
97.6
96.8
85.2
83.5
69.3
68
67.7
67.3
62.5
58.6
59
60.1
60.4
58.6
64.8
72.5
73.5
74.7
78
81.7
96.4
95.6
97.2
97.6
97.3
97.6
97.7
96.9
82.8
71.7
64.5
63
62.9
59.9
56.9
55.6
54.4
54.8
58.3
66
67.9
69.5
74.6
76.5
75.5
76.4
77.4
77
76.5
77.3
79.3
78.5
79.6
77.6
71.5
73.8
81.9
82.3
74
67.1
69.5
70.9
92.5
97.7
97.4
86.2
90.7
97.3
97.6
93.7
97.5
95.3
97.4
97.1
91.3
93.6
92.5
86.4
72.7
69.2
67.3
69.5
70.1
70.6
67.3
68.4
70.4
81.3
96.9
97.5
96.4
97.2
97.2
92.7
97.4
97.6
97.7
97.8
97.8
97.8
95.4
77.3
69.9
70.9
68.8
65.3
61.8
61.9
61.8
62
66.7
80.8
93.2
95.6
92.8
89
85.1
85.6
93
92.5
97.5
92.9
96.1
96.3
92.7
81
78.5
77.2
78.2
82.1
90.5
95.4
97.4
97.6
97.6
97.6
97.6
97.6
97.7
97.8
98
98
98
98
98
97.8
97.8
98
98
98
98
98
98
98
98
98
98
98
98
98
98
98
98
98
98
98
98
98
98
98
98
98
98
98
98
97.9
97.7
97.8
97.8
97.7
NA
NA
98
98
98
98
98
98
98
98
98
98
98
98
98
98
98
98
98
98
97.8
97.6
97.8
97.6
93.1
86.5
97.7
97.8
97.8
97.6
97.7
97.9
98
98
98
97.9
98
98
98
98
94
82
74.4
73.3
72.6
69.6
68.7
66.9
67
68.5
80.4
91.9
97.5
97.7
97.7
97.7
97.7
97.8
97.8
97.8
97.9
97.9
97.9
97.8
95.1
86
77.9
70.3
68.8
68.5
67.7
67.9
67.4
69.6
77.2
89.2
97.5
97.6
97.7
97.8
97.8
97.9
97.9
97.9
98
98
98
98
97.8
89.5
76.7
71.8
70
68.9
66.2
64.3
64.3
66.3
79.2
87.5
97.4
97.6
97.6
97.7
97.7
97.7
97.7
97.8
97.8
97.9
97.7
97.4
96.5
82.5
86.3
81.5
77.5
81.3
83
85.3
89.7
92.7
91.6
74.7
68.3
88.9
94.3
97.6
97.8
97.9
97.9
97.7
97.6
96.3
97.2
97.4
97.7
97.8
97.7
97.7
97.8
95.7
83.2
83
83.5
80.9
92.2
97
97
97.6
97.8
97.8
97.9
97.9
98
98
98
98
98
98
96.9
85
82.3
76.5
74.8
74.4
73.6
71.5
71.9
70.7
79.5
88.1
94.4
97.5
97.6
97.7
97.7
97.8
97.8
97.9
97.9
95.3
97.3
97.6
97.5
96.6
96.2
90.2
83.7
81.1
79.3
80
82
83.9
95.1
97.5
97.6
97.6
97.3
93.4
97.7
97.8
97.8
97.9
97.9
98
98
98
97.8
89.1
79.2
79.4
76.2
74.8
72.6
72.1
71.5
73.6
87.6
97.2
97.6
97.7
95.1
97.5
95.5
97.3
95.8
94.8
97.3
96.5
95.2
97.8
98
98
98
98
98
97.7
97.6
97.6
97.5
97.6
97.6
97.7
97.9
97.9
97.9
98
98
98
98
98
98
97.8
97.7
97.7
97.5
97.6
97.5
96.7
91.6
87.1
81.9
79.1
81.6
88.6
97.5
97.7
97.6
97.7
97.7
97.7
97.8
97.8
97.9
97.9
98
98
98
98
97.6
86
80.6
77.5
75
73.8
72.8
70.6
70.4
74.9
82.8
93.9
97.2
94.6
90.3
95.1
97.5
97.1
97.5
97.5
97.5
97.5
97.4
97.3
97.4
94.9
95.4
91.6
90
87.5
86.7
91.5
97.9
98
97.7
97.5
97.6
98
98
98
98
98
98
97.9
97.9
98
98
98
97.8
97
96.4
85.5
82.2
76
73.1
76
73.4
76.5
80.2
81.1
81.3
96.3
97.8
97.6
97.1
92.8
92.5
91.5
89.5
93.5
95.1
97.6
92.2
87.5
74.1
69.1
69.1
67.3
65.7
66.1
71.8
70.8
77.5
87.8
93.3
96.3
84.5
92.4
97.3
94.6
97.5
97.7
97.8
97.7
97.5
96.1
97.3
88.3
87.4
80.1
75.6
73.3
69.9
69.5
71.2
75.6
90.6
94
97.3
97.6
97.8
97.8
97.9
97.9
97.9
97.9
97.9
97.7
97.7
97.8
96.4
83.3
74.5
69.6
68.2
67.2
65.5
65.9
66.1
71.1
86.8
97.2
97.6
97.7
97.8
97.7
97.4
97.9
97.9
97.9
97.9
97.9
97.9
97.9
94.5
83.8
74.4
70.5
68
67
65.7
63.5
64
69.4
85
96
97.6
97.7
97.8
97.8
97.8
97.8
97.8
97.7
97.8
97.9
97.9
97.9
97.4
84.5
76.2
71.9
69.2
66.2
63.6
64.6
66.4
72.4
84.5
96.9
97.7
95.6
97.7
97.7
97.7
97.7
97.7
97.7
96
97.5
97.4
97.6
95.7
79
69.5
64.9
63
62.4
62.8
63
63.7
68.3
80.6
89.9
96.4
97.5
97.6
97.7
97.7
97.6
97.6
97.5
97.5
97.5
97.5
97.2
94.7
87.8
76
68.8
65.4
65.3
64.1
63.4
64.2
68.1
81.3
88.1
95.4
97.5
97.5
97.5
97.6
97.6
97.6
97.6
97.6
97.6
97.7
97.7
97.6
93.4
81.3
75.3
71.4
71.9
74.6
73.9
72
75.5
88.5
94.7
97.6
97.7
97.8
97.7
97.8
97.8
97.8
97.8
97.8
97.9
97.9
97.9
97.7
85.1
73
68.9
69
68.9
67.8
65.8
66.7
69.8
78.5
92.1
97.5
97.6
97.6
97.7
97.7
97.8
97.8
97.8
97.8
97.9
97.9
97.9
97.8
94.1
80.4
73.2
71.3
72.4
72.4
74.3
76.3
83
96.6
97.5
97.8
97.9
97.9
97.9
97.9
97.9
97.9
97.8
97.5
97.7
97.8
97.8
97.7
97.3
89.7
85.4
80.1
79
80.9
81.9
84.8
87.9
95
97.3
97.5
97.5
97.6
97.7
97.8
97.9
98
97.9
97.9
97.9
98
98
98
98
97.7
94.2
87.8
93.7
97.3
97.2
97.6
97.9
98
98
98
98
98
98
98
98
97.5
86.9
86.3
95.1
97.7
97.8
97.9
97.9
97.6
93.5
88.7
79.8
76.3
80
95.6
96.2
85.4
88.3
93.1
97.5
97.8
97.8
97.7
97.7
97.8
97.8
97.8
97.9
97.9
97.8
93.9
77.8
73.6
72.6
71.4
69.8
71.9
74.9
78.4
80.6
97
97.6
97.7
97.8
97.8
97.8
97.9
97.8
97.9
97.9
97.8
97.8
97.8
97
92.4
95.3
80.8
74.7
77
74.6
74.9
78.1
83
91
96.9
97.4
97.5
97.6
97.6
97.6
97.6
97.7
97.8
97.8
97.9
97.9
98
98
98
94.9
87.3
90.9
84.3
78.9
77.1
76.9
78.3
84.5
96.6
97.6
97.5
94.7
97.6
97.7
97.7
97.7
97.7
97.7
97.6
97.7
97.7
97.6
97.7
97.6
92.7
81.7
82.8
82.8
78.1
81.8
83.5
87.2
90.8
96
97.5
97.5
97.5
97.6
97.7
97.7
97.8
97.9
97.7
97.5
97.6
97.5
97.5
97.6
97.7
97.7
97.8
97.7
97.6
97.5
97.5
97.5
97.7
97.7
97.8
97.8
97.8
97.9
97.9
97.9
98
98
98
98
98
98
98
97.4
93.2
86.4
81.8
77.5
84.6
85
89.6
90.2
97.2
97.6
97.7
97.8
97.9
98
98
98
98
98
98
98
98
98
98
97.9
85.7
81.3
77.3
77
82.8
97.4
90.7
96.9
97.8
97.9
98
98
98
98
98
97.9
97.7
97.9
97.9
97.8
98
98
97.9
94.7
80.9
77.6
79.9
77.2
79
80.1
82.9
94.7
97.7
97.8
98
98
98
98
98
98
98
98
97.8
97.9
97.9
97.9
98
97.9
96.8
97.5
96.3
86.1
82.4
82.4
83.2
93.9
97.7
97.9
98
98
98
98
98
98
98
98
98
98
98
98
98
98
96.2
85.3
87.1
85.1
81.6
79.3
80.5
93
97.5
97.7
97.7
97.8
97.9
97.9
97.8
97.8
97.9
97.9
97.8
97.8
97.7
97.9
97.9
97.7
97.6
97.6
97.5
97.5
96.3
85.5
83.6
93.7
97.6
97.8
97.8
97.8
97.8
97.8
97.9
97.8
97.7
97.8
97.9
97.7
97.5
97.6
96.6
96.4
85.5
64.1
60.8
61.8
61.7
62.6
64.5
73.7
85.1
92.7
93.2
95.9
97.5
97.5
97.6
97.6
97.6
97.7
97.7
97.7
97.7
97.7
97.6
84.4
73.7
70.2
70.5
68.9
68.5
68.6
70.3
78.3
91.1
96.8
97.5
97.5
97.6
97.6
97.7
97.7
97.8
97.8
97.8
97.9
97.9
97.9
97.9
94.3
82.1
78.4
74.6
72.5
72.9
71
73.7
86.8
97.3
97.6
97.7
97.8
97.9
97.9
98
98
98
98
98
98
98
98
98
95.5
81
76.6
76.1
78.1
77.4
80.3
86.4
95.8
97.6
96.6
97.6
97.7
97.7
97.8
96.9
97.5
91.8
97.5
97.5
97.5
97
97.5
91
86.5
86.8
77.7
70.7
71.3
72.6
74.7
78.2
87.4
97.5
97.5
97.5
97.6
97.6
97.7
97.7
97.8
97.8
97.8
97.9
97.9
98
98
97.6
97.7
93.1
81
83.7
82.8
83.4
81.5
84.6
95.6
97.6
97.8
97.9
98
98
97.9
97.9
97.9
98
98
98
97.9
97.9
97.9
98
97.9
97.7
97.7
97.5
96.8
92.5
93.7
97.5
97.7
97.8
97.8
97.8
97.9
98
98
97.9
97.7
97.8
98
98
98
98
97.7
97.8
92.2
93.2
97.5
97.6
97.5
97.7
97.7
97.8
97.8
97.9
97.9
97.9
97.8
97.7
97.6
97.7
97.6
97.6
97.7
97.7
97.7
97.7
97.5
96.4
82.8
83.8
75.8
70.2
69.6
68.5
72.6
73.4
82.6
88.7
90.2
91.1
95.8
97.1
94.4
92.4
90.7
93
95.6
90
94.6
93.5
93.5
92.4
91.9
90.6
93
96.2
93.1
85.5
86.1
89.5
94.2
97.1
97.5
97.6
97.5
97.7
97.8
98
98
98
98
98
98
98
98
98
98
98
98
97.8
97.1
97.5
97.6
97.6
97.6
97.7
97.7
97.8
97.9
98
97.9
97.7
97.8
97.9
98
98
98
98
98
98
97.9
97.8
97.6
97.5
97.1
97.5
97.5
97.2
97.5
97.6
97.8
97.8
97.8
97.7
97.7
97.7
97.6
97.8
97.8
97.8
97.8
97.9
97.9
97.6
97.1
93.9
90.8
88.3
81.5
80.6
96.7
97.5
97.6
97.6
94.1
87.1
92.5
96
93.8
91
81.4
71.4
68.6
74.9
77.6
71.2
69.2
78.9
71.3
60.9
57.8
57.4
59.7
61.2
61.6
61.7
66.4
77.4
82.8
85.2
88.1
90.2
90.5
95.4
95.8
95.9
97.4
97.5
97.4
97.5
97.5
97.2
79.7
74.7
69.3
67.2
65.2
65.7
67.4
69.4
79.3
87.6
96
92.3
97.3
96.5
97.4
97.5
97.6
97.6
97.7
97.7
97.7
97.7
97.5
94.9
78.4
73.4
72.8
69.7
65.2
61.1
62.5
69.1
72.9
82.8
86.2
86.8
91.4
91.9
96.8
97.5
97.5
95.9
97.5
97.5
97.1
97.4
97.4
96.4
82.4
76.6
69.2
65.6
67.4
71.8
74.2
80.2
86.4
91.3
96.4
96.7
93.1
95.6
97.4
97.4
97.5
97.5
97.5
97.5
94.7
96.4
96.1
97.4
97.5
91.9
84.3
83.6
76.7
78.1
89.9
96.5
97.5
97.6
97.7
97.7
97.6
97.8
97.8
97.7
97.7
97.7
97.6
97.6
97.6
97.7
97.6
97.7
95.2
82.3
74.6
69
66.7
67
67.3
69.1
81.3
90.7
96.5
97.5
97.5
97.6
97.7
97.7
97.7
97.7
97.7
97.8
97.8
97.8
97.8
97.8
96
82.9
75.5
75.7
81.2
85.2
85.9
95.7
97.8
97.9
98
98
98
98
98
98
98
98
98
98
98
98
98
98
98
98
98
97.7
89.3
85.2
84.7
94.7
97.6
97.7
97.9
98
98
98
98
97.6
84.3
90.9
83.2
70.8
59.2
63.6
67.9
51.2
46.9
43.5
41.5
39.5
41.5
42.9
41.3
42.8
45.8
50.8
49.6
47.6
59.1
63.2
63.7
66.8
63.1
58.1
48.3
59.4
64.2
66.1
66.8
60.1
61.5
57.9
50.9
48.1
53.1
49.6
46.6
51.3
63.8
68.6
71.2
72.1
76.1
75.9
77
77.4
79.7
71
74.3
76.3
77.5
78.2
77.1
79.6
72.2
61.9
56.8
55.6
56.4
57.6
58.7
65.5
77.5
83.6
84.7
79.7
81.4
79.5
89.4
91.2
89.6
90.1
89.4
88.1
86.1
86.3
85.4
86.9
78
70.4
65.5
65.5
64.1
63.9
65.7
68.5
75.7
81.8
79.3
81.2
81.7
81.5
80.6
84.2
97.6
97.7
97.7
97.7
97.7
97.8
97.9
98
98
98
98
98
98
98
98
98
98
98
98
98
98
98
98
98
98
98
98
98
98
98
98
98
98
98
98
97.6
97.6
97.4
92.9
97.5
97.7
97.8
97.7
97.7
97.7
97.7
97.8
97.7
97.8
97.7
97.3
95.5
97.7
97.5
97.5
96
87.6
76.6
71.8
69.7
78.4
77
75.1
74.4
82.3
86.6
89.8
89.6
91.3
90.9
89.2
88.9
88.6
88.1
86.5
90.8
90.6
88.9
89.1
83.6
77.9
69.6
66.8
71.8
69.2
73.4
74.8
83.9
96.5
97.5
95.6
91.6
84.8
87.5
97.4
97.5
97.5
97.5
97.6
97.5
97.2
97.5
97.3
90.9
94
96.7
91.5
87.1
82.9
80.9
81.1
84.8
86.9
87
96.8
97.5
97.5
97.4
96.9
95.7
97.4
97.5
97.3
97.5
97.3
97.4
96.4
97.4
97.5
92.3
84.5
84.8
83.7
81.6
83.9
84.8
94.9
97.3
97.3
97.6
97.5
97.6
97.6
97.6
97.6
97.6
97.5
97.6
97.5
97.5
97.6
97.7
97.6
89.4
78
77.1
79.8
83.2
85.2
95.3
97.6
97.7
97.8
97.9
97.9
97.9
97.8
97.8
97.8
97.7
97.8
97.8
97.7
97.7
97.8
97.8
97.6
97.4
93.4
91.7
86.4
85.1
83.6
89.3
95.4
97.5
97.6
97.6
97.7
97.6
97.7
97.6
97.6
97.6
97.5
97.6
97.6
97.6
97.7
97.7
97
84.6
75.9
76.8
78.5
76.6
78.5
89.5
97.5
97.6
97.5
97.6
97.6
97.6
97.8
97.8
97.8
97.7
97.6
97.5
97
97.6
97.6
97.6
95.4
84.1
76.1
75.3
74.7
77.3
73.1
76.6
91.4
97
96.5
90.1
77.1
69.7
67.8
64.5
65.1
62.4
59.1
55.6
59.3
62.1
68.1
71.6
67.8
55.1
55.6
56.7
65.5
71.3
81.2
83.5
88.1
96.5
97.4
97.5
97.5
97.5
97.5
97.5
97.4
97.5
97.5
97.5
89.3
92.3
96.5
97.4
97.4
93.3
87.3
80.1
79.6
81
80.4
85.3
94.5
94.1
93.7
96.7
97.5
97.6
97.6
97.1
93.2
97.6
97.6
97.5
94.5
97.5
97.6
97.6
94.1
81
81.5
80.3
79.7
76.9
77.8
81.1
91.9
97.4
97.6
97.6
97.6
97.1
97.5
97
94.2
87.8
97.5
97.5
97.2
97.5
97.5
97.5
97.4
86.1
75.5
68
65.5
64.1
64.3
66.8
76.7
83.8
84.6
87.1
88.6
88.3
85.5
84
84.1
85.2
86.2
84.4
83.8
83.3
85.9
84.7
85.4
78.7
71.2
65.6
68.6
70.1
73.5
79
87.8
88
94.5
97.5
97.1
88.6
81.4
80.4
83.6
87.9
89.3
89.7
89.4
88.3
89.4
88.2
80.1
72.3
66.4
67.3
67.1
67.8
68.3
74.8
84.1
87.3
93.1
92.3
81.8
83.5
94
97.5
97.5
97.5
97.5
97.5
97.4
93.4
95.2
85
80.1
74.7
72.2
73.3
77.2
79.4
83
85.6
89.1
87
97.6
97.6
97.6
97.7
97.5
87.7
85.8
95.6
94.9
88
87.5
95.2
97.4
97.4
97.4
94.4
81.6
76.7
77.3
76.5
73.5
77.3
87.8
92.5
96.7
97.4
96.2
94
89.8
96.8
97.4
97.4
97.4
97.4
97.2
96.2
94.5
87.4
87.2
77
70.7
65
61.7
64.6
67.1
70.7
81.8
89.2
91.7
94.2
91.9
82.8
85.3
88.3
85.2
84.4
87.6
87.7
90.5
88.2
88.4
88.5
80.9
69.9
65
65.3
66.9
66.2
68.2
71.7
80.2
83.9
86.2
89.4
89.1
90.4
87
87.4
92.1
90.7
86
84.1
84.3
84.1
90.7
96.8
89.6
76.3
70
66.4
66.4
66.1
67.6
71.2
81.4
87.9
90.4
93.7
93.8
95.7
92.5
90.5
89.9
89.2
88.3
83.9
84.5
85.1
84.8
86
83
72.5
74.9
71.2
66.9
59.9
66.9
68.7
79.1
83.3
84.8
89.1
91.5
86.3
80.1
83.2
85.1
85.8
83.4
84.1
84.7
83.4
80.2
74.7
77.8
70.8
66.6
65.9
65.6
64.7
70.2
73
79.5
86.3
93.3
96.5
97.4
97.2
95.8
96.2
87.3
86.5
88.5
87.7
85.3
84.7
90
93
94.5
88.4
82.3
77.3
72.1
64.2
72.9
85.5
95.7
97.5
97.5
97.5
97.5
97.5
97.5
97.5
97.5
97.5
97.5
97.4
97.4
97.4
97.4
97.5
96.1
80.9
73.5
67.9
68.7
66
69.6
73.3
81.9
94.2
97
97.4
97.4
97.4
97.4
93.9
84.4
81.9
81.3
82.7
81.8
82.6
82.8
86.5
88.1
78.3
66.7
63.7
64
61.1
67.9
78.8
84.2
82.2
86.3
87.6
93.1
97.1
97.1
97.4
96.1
91.2
94
97.4
97.4
97.4
97.4
76.8
69.6
66.9
55.8
44.8
40.9
41.9
49.1
78.7
85.1
82.9
77.6
73.4
65.9
62.8
64.9
65
65.4
70.7
68.6
70.7
68.5
67.8
66.2
69.7
64.2
59.6
56.2
53.7
54
54.1
54.8
56.5
62.6
66.3
70.3
73.4
76.9
77.3
77.5
76.5
76.1
74.1
75.8
73.2
76.1
72.9
75
74.4
72.3
61.2
53.1
53.4
52.1
56.9
57.4
62.4
66.6
72
76.1
77
79
79
75.7
76.2
80.4
79.8
79.7
77
76.5
76.1
75.3
75.8
80.5
74
68.3
64.7
61.6
63.3
63.9
66.8
74.8
79.4
81.1
85.2
87.3
86.9
65.3
44.3
42.9
42.4
41.9
47.8
46.9
45.5
41.9
40.8
39.7
40.4
36.3
37.9
35
35.6
36.6
37.3
46.6
52.3
57
57.3
57.2
56.4
58.6
62.6
62.3
63.2
62.9
63.2
64.2
64.6
63.2
62.8
61.9
53.6
52.2
53.3
57.1
59.2
60.1
62
67.2
71.8
75.4
77.9
82.9
87.2
85.8
80.7
85.5
83.5
86.9
87.8
88.9
80.5
76.6
77.9
78.6
71.5
66
63.4
63
63.5
67.4
68.7
71.2
73.3
74.2
75.1
76.4
76.4
77
78.4
81.6
84.4
88.2
89.5
89.6
90.6
97.5
97.6
97.6
84.8
74.8
70
66.3
65.9
70.2
73.5
81.3
88
89.7
95.2
95
93
86.2
90.1