58.74
62.13
70.42
53
52.98
61.41
72.41
71.05
68.91
70.65
42.92
38.52
39.78
37.88
40.17
37.64
37.83
38.83
40.97
47.18
54.34
47.53
47
51.24
45.33
69.99
78.55
68.16
78.9
77.42
69.31
74.1
65.53
79.92
78.7
86.73
73.95
71.92
80.89
97.33
76.91
74.58
78.78
65.86
68.22
46.47
40.67
34.55
34.01
27.56
32.22
39.09
28.16
25
22.7
24.58
26.64
33.01
36.03
28.63
14.97
71
61.68
58.65
58.36
57.91
35.69
74.12
56.74
54.22
48.55
50.37
47.1
46.5
51.75
54.8
50.85
64.35
58.98
57.11
63.15
71.74
69.93
69.64
70.66
80.44
88.2
88.41
84.48
78.69
76.48
88.51
82.53
85.19
91.39
80.99
73.37
81.96
78.51
75.28
80.88
89
84.96
49.25
57.98
48.32
36.48
44.47
53.24
51.75
59.84
66.91
55.77
61.75
56.84
80.97
42.64
36.6
35.95
32.14
34.45
43.64
47.29
52.09
52.06
44.67
55.96
57.7
54.32
61.14
57.19
43.83
34.29
25.85
24.61
24.14
30.89
27.33
29.24
25.58
39.08
51.51
39.72
46.76
52.03
53.77
47.22
59.26
50.47
59.23
70.93
87.81
81.94
72.79
79.4
64.24
42.83
40.92
48.33
46.51
37
34.39
38.46
56.54
63.88
65.94
63.03
61.75
86.33
99.98
68.34
60.92
61.33
62.16
62.5
58.91
64.23
61.31
63.09
55.72
59.31
66.34
66.02
57.87
55.83
45.3
45.27
52.47
47.65
46.92
50.99
54.72
53.19
50.65
45.09
43.97
54.27
59.44
62.01
56.74
51.83
57.75
48.08
29.8
18.36
24.98
34.23
48.6
51.55
53.82
46.15
50.78
46.85
39.53
45.16
51.68
54.21
51.73
48.11
39.13
40.95
41.94
35.65
16.6
22.57
26.67
42.18
52.23
49.42
25.12
21.87
18.7
19.5
21.62
21.69
28.16
44.5
42.02
49.9
49.03
48.23
45.95
39.09
44.44
40.82
21
16.74
19.13
22.72
35.23
43.06
52.85
47.62
57.07
63.03
53.38
54.67
47.23
49.81
50.75
52.69
53.44
50.32
51.46
51.09
51.39
53.36
42.45
51.79
53.7
63.37
61.98
56.21
45.66
62.55
56.75
53.46
39.39
43.31
46.06
51.29
51.76
51.59
53.48
57.57
57.31
54.44
55.98
69.11
50.32
40.21
42.65
48.94
62.3
49.3
55.81
61.06
54.57
42.03
53.61
47.17
52.01
60.57
50.57
47.09
29.68
29.81
26.41
24.53
28.57
32.07
41.94
51.91
53.48
56.63
52.64
40.99
46.56
48.07
50.67
55.89
51.34
58.19
50.1
64.89
59.39
46.85
53.11
70.17
46.48
35.43
37.42
49
52.59
59.06
68.73
73.1
51.9
57.88
67.24
65.66
72.97
78.35
93.68
77.81
56.05
62.17
73.99
84.88
78.84
55.45
66.34
73.66
79.62
85.12
91.31
76.74
65.92
78.85
72.85
75.53
89.84
89.25
78.41
98.83
72.15
72.58
74.5
76.9
69.94
69.67
82.64
96.12
54.56
62.28
64.59
65.2
58.13
69.63
90.39
92.5
69.52
74.56
42.75
33.5
56.49
55.76
76.88
66.69
37.73
54.16
70.23
62.55
47.34
59.75
46.24
34.68
39.22
36.17
46.59
58.72
45.21
40.81
39.3
43.78
49.53
45.73
39.12
42.31
55.29
70.46
90.78
85.38
77.79
49.96
30.44
40.95
43
42.37
43.15
45.97
48.57
47.24
48.68
46.01
63.36
60.42
46.21
47.12
62.99
75.09
73.44
73.14
54.3
47.57
41.31
44.27
55.37
62.61
72.32
81.2
88.06
95.5
94.3
79.14
80.37
79.28
58.21
57.53
46.7
50.33
59.59
58.55
67.56
52.48
46.29
59.99
75.56
76.16
73.63
75.18
65.63
74.35
71.52
75.65
83.55
86.27
66.53
69.33
66.2
75.71
77.13
79.86
76.78
81.97
80.64
75.72
84.6
87.11
69.75
63
74.55
60.7
61.5
66.82
70.89
65.7
50.42
43.32
39.12
45.44
51.55
51.01
50.97
60.53
81.28
76.88
60.72
45.79
60.33
73.51
68.57
73.09
73.55
49.09
52.47
63.54
72.75
65.61
47.02
37.44
39.35
44.16
43.84
60.63
69.7
71.87
78.4
65.52
59.17
63.13
66.3
45.48
42.72
48.75
59.25
62.13
37.3
31.66
43.18
57.9
66.6
53.5
49.44
59.12
63.82
69.59
66.54
65.48
59.55
66.48
62.23
61.87
58.99
63.68
66.81
38.66
44.3
46.05
52.37
51.27
53.23
44.2
34.87
37.7
48.21
56.61
58.76
58.8
61.81
49.57
53.9
46.03
57.22
57.58
61.36
66.98
60.61
61.15
56.86
46.81
38.96
37.68
23.39
22.31
16.81
29.93
42.39
61.98
63.42
61.06
59.42
58.6
62.58
48.69
44.27
52.91
56.53
50.95
49.91
41.48
45.13
46.48
49.33
55.6
50.29
39.2
38.48
33.21
34.19
41.64
37.55
24.72
19.58
31.99
37.42
42.63
39.87
38.7
34.38
25.18
36.64
46.57
50.76
52.9
50.5
47.91
43.01
34.51
40.59
53.7
56.66
52.12
53.14
55.49
58.89
56.45
56.46
56.07
56.72
55.45
57.1
50.46
71.44
68.03
66.56
61.53
59.77
59.38
57.79
35.49
28.02
42.12
57.03
47.1
49.15
59.11
59.58
62.57
53.34
58.98
71.61
75.76
71.36
67.67
66.24
60.79
46.59
40.16
52.23
45.73
31.68
35.08
41.48
46.11
43.4
39.52
46.4
40.46
49.51
46.78
46.54
66.6
70.12
58.95
50.29
59.97
65.82
65.13
57.37
56.28
64.58
67.9
55.8
61.93
63.44
64.53
51.49
70.38
61.85
59.74
62.31
53.53
56.48
63.54
65.06
70.17
77.09
61.59
54.74
58.6
58.13
64.17
68.36
75.7
79.99
77.28
64.89
63.98
64.58
66.62
69.2
53.74
44.77
30.06
38.43
28.83
35.78
42.37
47.57
56.4
64.83
68.82
84.96
72.62
77.98
64.17
61.97
66.02
69.71
75.95
67.01
65.58
70.73
77.22
90.43
95.74
91.35
83.05
92.26
74.99
79.81
87.89
79.64
89.31
91.44
77.42
72.26
72.95
79.32
91.18
35.4
45.45
49.15
61.09
52.91
52.82
63.52
69.42
76.47
81.09
81.83
87.38
86.75
82.76
93.89
85.47
92.25
89.29
62.15
67.19
76.66
73.2
53.53
56.84
67.08
72.19
77.37
75.13
80.22
84.76
78.79
85.39
73.12
59.69
71.96
77.78
78.47
78.56
76.93
81.72
90.84
97.99
92.95
89.35
90.56
77.73
81.38
44.72
72.09
71.94
70.84
52.3
52.27
53.54
62.59
70.11
63.92
71.52
79.12
85.18
87.72
91.34
89.6
90.28
87.57
70.65
72.97
78.38
72.95
80.95
79.01
81.44
82.87
87.82
90.64
94.74
85.05
89
92.39
93.89
83.93
56.12
59.43
68.44
72.49
79.05
82.84
84.18
99.97
94.05
86.07
68.3
70.51
63.09
63.93
70.41
82.11
69.3
68.54
68.94
63.46
65.94
62.46
70.04
65.89
58.85
76.04
74.65
75
59.94
64.91
57.08
53.94
66.37
58.93
46.57
37
37.75
49.76
61.64
62.77
50.52
77.6
57.89
56.64
64.91
65.61
59.88
66.98
61.93
60.54
51.89
60.65
49.48
33.4
38.85
53.29
46.21
51.8
56.43
46.88
28.83
24.49
45.77
50.21
48.81
53.66
47.65
51.9
61.57
63.34
62.9
64.51
57.59
62.56
52.7
52.11
56.21
51.13
45.37
43.23
51.27
66.6
73.53
67.95
69.44
78.15
68.81
69.33
64.2
64.39
63.32
53.7
44.65
43.61
39.27
47.79
57.91
35.14
22.67
26.87
43.91
50.1
54.68
46.86
36.57
34.86
33.25
44.35
40.61
43.35
42.76
53.22
43.98
44.91
43.39
45.39
49.1
54.55
53.78
53.35
61.67
57.3
45.45
51.58
54.36
51.52
48.38
47.72
48.07
60.68
57.58
59.98
63.96
64.25
58.73
52.07
53.16
49.38
47.61
48.19
56.81
52.21
62.08
58.51
53.03
54.1
58.37
56.05
48.86
56.17
57.71
57.12
56.63
61.82
60.47
58.13
59.91
67.87
59.72
43.84
44.3
52.36
54.03
58.51
59.4
51.68
53.45
50.97
46.91
48.67
64.9
49.47
51.75
48.1
52.42
52.96
46.89
45.02
53.02
36.81
29.42
24.41
28.73
48.19
43.1
39.63
33.09
35.87
40.62
48.63
48.82
46.84
51.32
54.19
55.93
45.67
43.36
39.51
30.82
42.11
35.68
28.88
34.9
54.33
56.38
54.77
58.19
54.29
55.74
64.08
70.25
69.64
75.76
69.73
48.3
36.97
48.71
54.04
64.73
71.99
72.14
82.18
68.3
70.27
68.33
60.88
71.01
70.76
60.44
50.96
51.8
58.27
58.94
62.24
63.25
72.77
75.75
72.5
82.92
89.8
99.85
66.69
81.9
63.59
58.48
83.72
73.76
82.68
84.77
72.38
51.1
68
44.71
42.55
50.71
51.41
58.28
49.09
37.47
32.89
42.45
60.89
56.97
50.48
45.72
52.92
64.27
76.05
81.54
74.96
65.99
67.61
68.32
68.18
70.74
68.9
55.77
44.43
42.72
47.99
50.22
57.25
65.6
74.52
81.41
91.59
64.4
53.8
43.01
31.07
33.54
39.56
36
44.59
59.25
67.92
64.86
52.2
47.09
60.21
66.5
76.96
78.36
76.95
77.93
75.63
75.46
92.43
73.49
73.26
74.98
73.75
69.78
72.29
87.47
76.02
73.94
74.28
71.29
70.38
44.69
43.33
50.43
54.14
52.75
49.82
57.86
50.8
49.15
47.52
58.94
67.98
64.27
64.69
73.44
79.35
85.64
64.79
56.06
55.54
55.59
61.81
61.49
64.83
72.69
67.43
72.38
73.93
74.14
71.9
77.76
80.69
81.86
84.03
80.5
64.77
70.79
73.99
73.1
74.01
75
71.13
74.64
81.07
90.43
85.2
80.61
81.35
89.53
92.46
93.15
91.81
99.2
85.72
90.39
91.23
94.66
87.67
79.36
84.18
81.14
86.23
88.29
87.47
70
76.61
77.33
79.64
81.61
84.76
89.46
83.45
82.12
79.31
89.27
78.79
88.21
81.98
98.9
93.17
88.08
77.98
67.58
68.59
62.44
66.57
75.18
74.71
89.42
66.94
71.41
62.43
74.59
54.76
66.55
70.88
73.52
55.89
56.58
60
48.11
43.2
44.77
53.55
58.15
61.76
72.49
77.02
72.76
54.06
42.31
40.59
38.28
39.81
49.9
58.31
47.4
53.06
65.61
69.71
60.91
64.4
66.03
54.01
60.68
65.94
61.48
60.87
65.7
75.3
73.4
57.95
63.35
62.81
71.91
64.05
56.72
56.54
59.5
56.61
57.6
42.53
41.07
42.05
50.21
53.7
59.52
57.85
56.82
54.22
55.7
60.59
49.04
38.89
46.05
44.57
46.82
55.37
56.14
67.39
61.89
30.16
37.17
48.9
54.13
50.55
55.68
52.42
46.93
45.77
47.15
51.26
53.49
52.53
51.79
52.99
54.91
42.2
45.28
48
51.04
53.2
51.12
54.58
52.5
56.44
59.53
42.29
37.94
43.68
43.63
49.38
48.36
47.28
52.24
49.08
51.97
51.33
63.5
60.35
55.9
53.04
52.91
58.19
63.83
58.8
62.39
67.97
57.78
51.28
54.68
58.96
61.28
56.79
62.66
59.81
56.7
55.68
51.06
58.3
62.5
53.84
53.99
55.67
57.28
52.31
57.36
61.64
59.74
58.65
54.13
56.31
58.35
66.88
60.76
70.98
72.12
66.41
71.34
71.67
75.77
75.66
76.17
81.13
46.6
47.59
61.43
61.82
65.67
76.29
78.23
80.42
82.55
86.4
64.4
66.34
64.76
58.36
54.11
62.42
67.95
81.39
74.91
73.15
92.97
81.31
76.43
62.15
72.18
75.8
50.66
53.92
59.1
62.86
66.72
76.34
94.86
74.66
78.56
70.06
79.94
72.99
78.25
70.36
65.72
69.48
70.03
70.98
66.08
65.73
73
64.25
58.04
58.22
63.54
65.59
77.65
62.59
62.79
64.01
74.75
79.3
81.09
80.28
93.21
93.31
84.81
78.68
69.76
74.59
79.18
75.33
83.16
88.89
93.46
82.52
72.75
84.48
72.78
70.22
83.58
74.3
83.23
68.75
77.89
80.07
76.29
86.36
75.19
70.67
75.32
78.82
69.91
71.16
75.86
79.05
80.42
84.56
84
82.99
97.51
89.55
96.23
93.18
82.1
60.31
76.85
78.44
78.84
84.74
74.68
73.46
75.18
95.1
99.98
78.84
78.01
72.3
72.08
78.87
91.24
99.98
87.62
90.64
88.03
90.19
97.21
86.45
90.42
95.09
81.18
86.37
97.53
92.43
71.53
57.25
57.54
63.34
63.07
58.1
70.89
83.05
82.07
76.74
71.26
72.6
81.62
81.33
81.6
82.04
83.95
82.67
88.5
85.84
93.62
89.24
86.37
86.73
94.06
91.26
65.49
64.73
73.98
76.8
73.8
75.37
79.75
84.33
83.8
85.55
91.5
38.49
30.62
31.87
31.44
29.26
38.14
41.62
40.91
36.1
42.79
60.9
61.39
55.72
48.51
55.27
62.39
43.18
35.65
42.48
54.01
47.44
46.19
46.23
66.26
66.28
74.08
69.59
57.47
56.79
62.13
47.44
43.39
40.59
38.04
38.18
34.2
44.72
59.28
64.04
63.39
63.88
74.21
74.92
42.6
38.34
34.58
31.53
34.72
35.33
41.17
51.61
45.57
64.72
63.95
47.25
41.85
38.96
44.52
50.04
55.03
57.7
63.14
54.51
49.04
52.72
35.4
42.33
52.2
55.63
65.6
55.8
49.33
53.65
53.09
55.38
46.61
38.15
46.26
44.68
49.98
52.74
47.68
47.09
46.15
52.25
49.26
54.82
52.41
56.5
60.38
56.11
54.15
58.99
58.47
41.07
24.82
27.86
26.73
31.73
32.56
28.52
43.25
55.95
40.06
32.92
50.62
60.54
65.14
56.44
52.19
41.58
37.4
29.63
22.14
18.26
25.25
29.78
33.1
44.62
50.72
52.89
55.75
37.27
29.61
37.84
40.4
44.34
39.82
33.39
47.1
49.66
51.49
53.71
45.81
49.65
24.54
19.82
25.21
34.93
35.76
47.21
53.61
56.46
54.33
45.63
46.53
57.68
58.66
56.24
37.31
38.16
33.87
43.51
51.29
44.25
38.73
34.74
31.64
27.37
20.87
40.9
55.55
61.73
44.77
45.25
45.64
43.93
53.65
66.07
65.92
55.46
29.13
40.58
42.66
48.58
43.83
47.24
43.69
52.59
56.86
63.54
59.93
58.97
57.7
61.81
59.45
75.19
69.45
70.57
74.59
64.62
60.83
46.06
25.3
44.95
51.53
33.04
39.41
46.67
51.8
57.87
57.09
57.31
63.28
52.5
45.5
50.6
53.42
65.02
79.66
61.17
58.53
64.29
74.84
78.65
65.43
55.89
57.64
66.39
73.95
71.81
67.24
68.45
61.09
28.82
27.38
37.24
52.37
53.32
60.48
69.67
67.32
62.53
41.66
37.11
58.96
59.1
46.18
50.03
52.31
43.65
50.63
48.53
37.29
36.76
55
63.87
67.42
69.95
66.48
67.3
67.09
73.04
83.15
77.74
77.15
63.51
71.44
63.64
70.9
66.2
67.36
51.7
33.97
35.23
44.46
54.31
62.58
68.61
73.39
65.94
69.48
56.9
68.4
77.93
89.73
92.66
87.92
90.5
89.32
90.85
81.25
91.38
88.69
60.69
52.62
60.89
70.19
76.72
70.36
75.32
85.65
88.7
63.88
57.02
40.75
59.74
75.51
81.79
78.09
77.1
86.11
80.31
63.8
73.31
79.59
79.65
57.11
75.25
77.7
86.53
82.01
93.54
79.76
94.01
73.41
66.23
68.18
73.3
80.22
74.46
68.79
74.77
73.27
63.42
62.98
57.03
55.97
55.27
53.59
54.22
68.26
69.83
72.15
71.68
69.81
69.45
67.56
75.1
72.37
75.9
79.43
82.88
80.79
84.11
89.2
87.05
90.08
96.79
84.05
72.89
74.27
73.21
77.1
77.36
79.78
81.37
87.5
88.26
89.63
93.34
86.28
82.27
77.71
92.67
85.32
87.99
97.05
88.45
79.28
85.5
92.35
98.65
80.86
75.95
72.81
51.01
48.56
53.08
60.71
66.54
74.87
70.46
74.44
74.41
75.1
74.26
93.92
77.76
60.64
55.74
50.48
49.28
47.13
41.28
42.2
42.53
47.27
62.9
79.77
76.1
66.95
65.22
56.95
57.28
49.98
48.22
49.78
56.35
72.08
70.74
74.7
81.33
68.19
64.88
66.19
69.9
67.21
40.93
39.16
41.07
49.48
47.7
49.96
53.92
55.58
50.58
50.22
61.61
66.42
63.09
58.23
58.66
59.35
70.21
64.17
67.66
61.58
49.68
44.24
48.01
61.31
62.67
61.59
61.2
56.53
56.51
57.25
52.51
44.44
40
49.28
51.71
52.01
65.29
40.18
36.16
34.44
30.26
38.61
45.8
54.94
50.7
49.48
37.6
46.85
43.4
48.54
38.44
42.12
33.15
46.01
45.76
49.2
52.55
45.24
33.8
29.06
38.64
42.65
42.58
40.78
34.82
37.81
43.58
40.05
36.48
42.45
53.36
53.2
42.16
33.07
36.73
39.49
43.08
37.26
33.22
38.08
28.21
36.65
42.28
44.83
34.82
38.45
38.96
43.98
51.46
52.98
53.1
51.92
58.79
68.01
63.71
61.49
65.45
54.43
60.71
64.11
64.77
52.42
53.97
59.02
43.61
27.17
26.34
35.74
33.56
35.41
36.33
43.91
49.6
54.41
55.32
51.38
48.04
41.69
54.75
56.58
57.8
45.91
40.97
52.25
48.27
46.35
61.63
59.29
44.37
48.08
49.97
47.95
54.93
58.4
56.78
64.82
43.78
35.95
44.81
42.61
46.66
60.25
67.2
63.36
53.02
58.98
57.81
62.76
72
74.37
88.59
77.32
72.18
68.78
65.98
78.56
77.33
61.95
51.73
55.23
61.22
54.63
52.28
47.17
47.11
57.14
61.62
45.04
46.65
55.75
56.12
63.23
62.22
63.86
61.4
60.02
64.29
57.33
54.29
62.88
69.91
56.85
62.21
63.58
60.37
85.59
70.46
64.92
62.28
52.31
62.48
73.13
68.9
72.02
69.29
65.95
75.51
85.21
91.39
91.55
74.32
59.24
67.69
65.41
50.64
56.16
65.58
47.07
39.23
45.81
55.15
59.46
58.02
57.62
62.88
51.3
69.57
80.62
58.52
56.03
59.91
73.26
75.84
85.47
72.97
61.19
61.09
66.21
77.34
67.06
69.53
69.12
69.94
66.38
81.04
84.15
65.46
75.75
72.97
78.83
68.1
72.58
62.27
51.14
44.49
44.1
52.48
55.05
44.01
50.94
57.83
66.57
70.87
64.35
58.81
60.4
59.82
45.76
45.38
65.12
65.82
61.12
55.41
49.54
57.31
69.59
54.88
53.68
59.33
72.36
84.38
82.05
78.57
70.32
76.3
85.91
98.09
74.57
66.48
59.96
55.38
53.21
52.22
53.39
47.33
58.33
57.06
60.83
69.41
65.51
58.92
61.66
48.7
44.52
47.17
42.92
47.46
49.25
50.13
55.3
57.86
57.44
58.74
55.15
52.17
54.67
55.84
55.85
62.4
67.69
66.57
49.62
53.36
73.2
69.31
67.65
59
61.83
68.18
68.62
83.64
64.26
56.6
63.61
65.44
75.58
67.96
54.02
57.55
56.78
64.18
65.61
62.56
58.86
53.15
58.27
67.18
70.15
74.22
80.63
88.44
71.13
72.06
77.42
70.72
73.47
78.61
79.16
82.19
81.25
68.6
58.2
66.1
82.44
81.33
81.63
75.75
65.51
74.26
66.25
69.69
73.51
70.58
66.49
64.37
54.54
69.85
54.21
48.47
49.45
55.23
39.07
67.96
77.74
80.15
85.61
92.44
87.52
81.06
86.32
89.56
81.99
98.85
78.66
91.52
82.61
80.39
77.37
63.02
71.64
80.47
83.97
85.95
72.2
64.79
66.01
72.11
73.04
72.01
83.93
80.42
82.6
78.47
80.74
73
78.36
80.94
85.16
79.46
84.92
83.44
86.06
88.6
89.5
91.2
90.13
81.65
79.01
83.94
68.27
71.29
83.65
83.35
85.26
81.97
85.53
91.19
93.16
96.25
86.76
89.11
97.63
84.55
87.81
92.13
92.64
83.02
78.31
78.99
73.38
72.45
80.94
77.36
79.31
91.19
82.33
83.15
88.03
83.5
81.84
95.94
76.02
73.23
72.78
81.94
79.48
63.93
54.85
35.47
34.38
28.55
30.1
23.6
31.07
38.28
49.09
41.31
29.01
28.02
28.08
27.26
38.65
56.29
57.37
60.9
61.69
63.64
55.47
64.78
69.94
60.45
71.55
65.45
55.96
61.49
61.73
61.37
51.29
57.16
63.59
61.12
53.82
61.58
63.46
58.08
61.7
62.22
60.88
65.19
73.89
64.13
60.19
60.88
63.62
51.29
51.49
56.75
50.62
56.56
60.22
54.23
57.03
63.26
63.48
56.69
52.62
56.09
54.55
57.11
53.18
48.02
47.29
36.8
36.58
32.15
40.08
40.83
41.38
46.49
40.18
38.08
37.7
54.26
63.14
54.81
40.53
45.24
47.63
48.01
50.12
50.07
54.73
58.08
52.78
44.88
43.38
40.5
53.09
53.16
53.12
58.5
57.06
54.35
54.69
56.39
53.52
53.3
54.99
56.8
54.02
50.27
45.68
46.8
49.94
53.19
55.55
40.62
34.38
38.96
49.95
54.81
43.59
44.26
41.24
48.52
51.44
55.03
53.44
47.94
48.51
50.71
34.39
36.88
41.63
48.56
49.2
52.7
50.05
54.12
59.21
54.66
58.98
53.56
60.12
66.92
61.95
66.48
53.16
34.81
32.8
47.49
46.63
50.44
53.51
56.15
55.36
59.77
38.98
42.75
36.72
34.53
50.29
53.77
49.71
52.87
49.19
50.95
53.57
48.04
53.83
48.05
55.84
56.22
58.78
69.28
54.73
57.59
45.65
31.1
29.46
26.78
35.07
46.74
50.62
51.51
50.7
53.83
67.59
50.74
45.64
43.58
41.36
48.36
51.35
47.49
52.17
48.34
46.3
54.72
66.43
66.92
71.88
76.66
61.57
66.14
66.09
66.42
63.72
60.87
51.2
49.37
58.59
41.47
37.18
32.68
33.31
38.57
50.26
59.65
64.33
70.76
80.63
64.5
74.13
77.36
86.15
86.62
55.99
54.7
43.59
58.99
65.88
66.09
64.03
87.48
50.87
38.21
42.78
54.5
57.88
68.02
72.31
81.29
89.53
81.25
38.26
33.8
39.86
57.48
60.84
67.17
72.03
75.16
68.59
62.15
57.43
64.67
66.36
68.64
73.8
69.43
69.31
64.67
69.61
78.5
78.21
82.35
72.91
53.78
71.54
71.67
70.9
77.55
79.77
76.39
77.9
79.48
83.7
83.95
83.18
88.97
87.59
86.74
90.03
96.71
85.96
82.28
80.35
82.23
80.3
77.57
54.44
53.65
63.24
76.23
58.87
64.13
64.65
64.43
68.66
66.04
84.43
80.46
86.22
67.35
58.11
64.15
71.5
69.69
72.13
77.57
78.29
85.74
70.42
62.22
66.96
57.99
52.99
60.16
61.64
64.38
64.81
69.02
79.19
80.74
81.43
54.95
69.43
69.48
61.39
59.45
66.33
69.85
77.26
74.88
89.24
94.5
76.57
66.62
71.72
69.67
66.57
64.43
69.98
60.87
71.09
68.59
52.29
52.11
66.84
67.78
69.38
74.09
57.46
54.36
50.45
45.18
40.68
47.41
56.85
62.28
70.4
59.25
68.42
68.83
78.72
64.49
58.58
60.85
63.59
66.56
62.99
71.63
51.28
55.71
60.88
60.34
64.09
68.6
81.03
75.25
72.8
68.66
61.62
66.13
67.36
65.18
69.77
77.41
74.7
74.67
69.6
65.48
69.85
71.97
74.97
74.61
90.05
65.02
55.44
75.63
82.54
81.44
84.64
81.52
66.14
66.29
68.7
67.19
58.77
53.35
58.26
63.06
65.64
71.43
63.74
44.76
38.73
38.39
43.69
53.12
60.47
59.27
57.6
67.71
67.6
60.31
47.89
48.73
35.24
44.42
37.5
31.98
42.32
41.64
36.52
22.76
22.63
18.85
14.29
20.36
21.82
32.73
41.85
39.23
38.11
36.88
37.23
51.98
53.68
38.44
35.95
37.59
40.03
46.4
55.4
56.6
47.58
46.85
49.93
51.08
47.25
51.31
52.13
42.27
28.85
27.36
38.79
38.05
32.09
29.74
35.09
29.7
31.33
29.14
44.99
53.08
42.86
49
49.5
43.98
51.55
44.2
35.24
33.41
36.76
39.69
44.88
43.47
39.32
43.79
51.2
53.02
47.03
50.33
58.2
50.31
46.64
53.91
58.49
51
56.74
49.56
50.54
48.79
53.32
59.95
62.29
47.32
40.85
35.39
39.74
53.37
58.54
54.22
53.72
57.36
61.35
57.7
55.16
49.61
49.1
51.43
56.57
54.84
72.39
60.09
68.11
58.45
63.12
42.36
45.02
39.22
30.12
31.44
28.08
28.94
36.68
45.31
56.82
55.07
52.84
54.9
49.36
39.83
54.72
64.74
50.07
43.27
47.36
52.91
32.17
33.5
30.22
29.97
26.18
35.33
59.04
64.91
68.5
69.59
65.11
65
61.57
64.11
64.58
67.83
71.24
82.32
58.43
64.31
59.18
70.74
74.75
64.95
64.12
67.45
71.1
69.79
66.35
71.3
82.43
72.83
73.16
74.92
63.77
72.02
53.66
50.16
58.93
67.32
87.17
71.48
70.53
73.52
75.1
80.44
78.64
72.17
76.9
87.85
65.89
65.48
54.97
62.44
73.98
54.93
62.66
69.53
73.93
74.35
79.33
82.13
88.82
57.48
42.1
40.38
44.75
54.64
65.73
66.61
60.05
50.02
55.42
64.24
67.58
71.52
59.17
59.94
59.71
59.83
50.77
50.33
48.62
62.12
76.65
88.33
82.4
78.05
71.71
73.31
77.7
80.78
83.8
85.99
69.89
66.98
57.13
63.22
65.57
65.13
46.63
41.32
44.96
51.48
53.98
60.29
59.66
63.13
66.12
72.81
74.91
72.14
71.16
61.47
56.44
62.06
72.17
67.05
72.35
55.13
55.03
55.19
60.81
59.22
56.06
65
71.84
75.44
75.81
74.68
78.98
65.46
68.65
68.94
84.51
87.29
80.64
76.12
75.3
75.52
78.86
83.73
87.95
80.09
65.93
73.22
83.83
68.93
69.66
68.59
68.38
77.98
76.34
86.08
88.35
88.54
87.1
80.75
80.5
77.29
76.84
79.83
89.96
83.99
84.87
96.61
89.22
81.16
71.85
73.06
73.82
85.03
88.3
92.7
84.91
79.9
73.96
80.62
74.82
70.94
62.92
52.05
61.58
69.88
85.59
78.36
76.24
52.34
53.82
61.78
65.48
61.23
68.84
58.7
45.72
49.57
52.2
51.9
60.75
69.5
85.56
72.08
66.82
70.91
77
78.99
83.36
87.25
69.29
71.11
84.21
40.71
46.83
62.8
66.89
65.04
60.88
49.21
55.01
52.77
49.56
36.11
62.86
64.85
72.88
72.39
68.4
66.97
67.58
64.5
59.58
64.33
63.9

