2
0
0.4
0
0
0
0
0
0
0
0
0
0
0
0
0
0
0
0
0
0
0.2
0
0
0
0
0
0
0
0
0
0
0
0
0
0.2
0
0.2
0.2
4.6
0
0
16.2
0
0
0
0
0
0
0
0
0
0
0.6
0
0
0
0
0
0
0.4
0.2
0
0
0
0
0
0
0
0
0
0
0
0
0
0
0
0
0
0
0
0
0
0
0
0.2
0.4
1.2
1
3.6
0.2
0
0.2
0
0.2
3
0
0.2
0.2
0.2
0
0.2
1.4
0
0
0
0
0
0
0
0
0.2
0.2
0
0.6
1.2
0
1
0
0.2
0
0
0.4
0
0
0
0
0
0
0
0
0.2
0
0
0.2
0
0
0
0
0
0
0
0
0.2
0
0
0
0
0.6
0
0.6
0.2
11.2
0
0
0
0
0
0
0
0
0
0
0
0
0
0
0
0
4.6
1
0
0.4
0
0
0
0
0
0
0
0
0
0
0.4
0
0
0
0
0
0
0
0
0
4.8
0
0
0
0
0
0
0
0.2
0
0
0
0
0
0
0
0
0
0
0
0
0
0
0
0
0
0
0
0
0
0
0
0
0
0
0
0
0
0
0
0
0
0
0
2.4
0
0
0
0
0
0
0
0
0
0
0
0
0
0
0
0
0
0
0
0
0
0
0
0
0
0
0.2
0
0
0
0
0
0
0
0
0.2
0
0
0.2
0
0
0
0
0
0
0
0
0.2
0
0
0
0
0
0
0
0
0
0
0
0
0
0
0
0
0
0
0
0.4
0
0
0
0
0
0
0
0
0
0
0
0
0
0
0
0
0
0
0
0
0
0
0
0
0
0
0
0
0
0
0
0
0
0
0
0
0.8
12.6
0
0
0
0
3.4
0
0
0
0
0
0.2
5
0
0
0
0
0
0.4
1
0
11.6
0
0
0
0
0
0
0.2
19.6
0
0
0
0
0
0
0
0
0
0.2
0
0
0
0
0
0
0
0
0
0
0
0
0
0
0
0
0
0
0
0
0
0
0
0
0
0
0
0
0.2
10.4
0
0
0
0
0
0
0
0
0
0
0
0
0
0
0
0
0
0
0
0
0
0
0
0
0
0
0
0.2
0.2
0.4
4
0
0
0
0.8
0
0
0
0
0
0
0
0
0
0
0
0
0
0
0
0
0.2
0.4
1.4
0
0
0
0
0
0
0
0
0.4
0
0
4.6
2.8
0
0
0
0
0
0
0
0
0
0
0
0
0
0
0
0
0
0
0
0
0
0
0
0
0
0
0
0
0
0
0
0
0
0
0
0
0
0
0
0
0
0
0
0
0
0
0
0
0
0
0
0
0
0
0
0
0
0
0
0
0
0
0
0
0
0
0
0
0
0
0
0
0
0
0
0
0
0
0
0
0
0
0
0
0
0
0
0
0
0
0
0
0
0
0
0
0
0
0
0
0
0
0
0
0
0.2
0
0
0
0
0
0
0
0
0
0
0
0
0
0
0
0
0
0
0
0
0
0
0
0
0
0
0
0
0
0
0
0
0
0
0
0
0
0
0
0
0
0
0
0
0
0
0
0
0
0
0
0
0
0
0
0
0
0
0
0
0
0
0
0
0
0
0.8
0
0
0
0
0
0
0
0
0
0
0
0
0
0
0
0
0
0
0
0
0.2
1.4
0
0
0
0
0
0
0.2
1
0
0
0
0
0
0
0
0
0
0
0
0
0
1.2
1.8
0
0
0
0
0
0
0
0
0
0
0
0
0
0
0
0
0
2.2
0
0
0
0
0
0
0.2
1
0
0
0
0
0
0
0
0
0
0
0
0
6.4
1.8
7.8
0
0
0.2
0.2
0.2
2.4
19.4
3.4
0
0
0.2
13.6
0
0
0
0
0
0
0
0
0
0
0
0
0
1
2.6
2.2
0.2
0
0
0
0.2
0.2
0
0
0
0
0
0
0
0
0
0
0
0
0
0
0.2
0.2
0.2
0.2
0.2
12.8
3.8
2
1.6
1.4
1.8
0.6
0
0
0
0
0
0
0
0
0
0
0.2
0.2
0
0.2
0.2
0.2
11.4
7.6
0
0
0.2
0
0.2
0
0.2
0.4
1.6
8
0.8
0.2
0
13
0
0
0
0
0
0
0.2
0
2.6
0.2
5.8
0
0
0
0
0.2
0.2
0
0
0
0
0
0
0
0
0
0
0
0
0
0
0
0
0
0
0
0
0
0
0
0
0
0
0
0
0
0
0
0
0
0
0
0
0
0
0
0
0
0
0
0
0
0
0
0
0
0
0
0
0
0
0
0.2
0
0
0
0.2
0
0
0
0
0
0
0
0
0
0
0.2
0.4
0
0
0
0
0
0
0
0
0
0
0
0
0
0
0
0
0
0
0
0
0
0
0
0
0
0
0
0
0
0
0
0
0
0
0
0
0
0
0
0
0
0
0
0
0
0
0
0
0
0
0
0
0
0
0
0
0
0
0
0
0
0
0
0
0
0
0
0
0
0
0
0
0
0
0
0
0
0
0
0
0
0
0
0
0
0
0
0
0
0
0
0
0
0
0
0
1.2
0
0
0
0
0
0
0
0
0
0
0
0
0
0
0
0
0
0
0
0
0
0
0
0
0
0
0
0
0
0
0
0
0
0
0
0.2
4
0
0
0
0
0.2
0
0
0
0
0
0
0
0
0
0
0
4.2
1.6
10.8
2
0
0
23.2
26.6
0
0
0.2
25
0
3
0.4
0
0
0
0
0
1
0
0
0
0
0
0
0
0
0
1.4
0.6
0
0
0
0
0
0
0
0
0
0
0
0
0
0
0
9
0
0
0
0
0
0
0
0
0
0
0
0
0
0
0.2
0
1.6
0
0
0.2
0.2
0
0
0
0
0
0
0
0
0
0
0
0
0
0
0
0
0
0
0
0
0
0
0
0
0
0
0
0
0
0
0
0
0
0
0
0
0
0
0
0
0
0
0
0.2
0.2
0.4
0.2
0
0
0
0.2
0
0
0
0
0.2
0.2
0.2
0.2
0
0.2
0.4
0.2
0.2
0.2
24.4
0.8
0.4
2.2
2.6
4.4
0
0.2
0.2
0
0
0.8
0.2
0
0
0.2
0.2
0.6
1.6
0.2
0.2
0.2
1.4
0.2
1.6
0.2
8
11.6
1.2
0
0
0
0
0
0
0
1.6
0
0
0
0
0
0
0
0
0
0
0
0
1.4
0
0
0
0
0
0.2
6
0.6
0
0
0
0
0
0
0
0
0
0
0
0
0
0
0
0
0
0
0
0
0.4
0
0
0
0
1.2
0
0
0
0
0
0
0
0
0
0
0
0
0
0
0
0
0
0
0
0
0
0
0
0
10.8
0
0
0
0
0
0
0
0
0
0
0
0
0
0
0
0
0
0
0
0
0
0
0
0
0
0
0
0
0
0
0
0
0
0
0
0
0
0
0
0
0
0
1.4
0
0
0
0
0
0
0
0
0
0
0
0
0
0
0
0
0
0
0
0
0
0
0
0
0
0
0
0
0
0
0
1.2
0
0
0
0
0
0
0
5.6
0
0
0
0
0
0
0.2
5.4
0.4
0
0
0
0
0
0
0
0.6
0
0
0
5.2
0.6
0.8
0
1.4
0.2
0
0.4
0
0
0
2
18.8
2.4
2.2
0.4
0.2
0
6
0
0
0
0
0
0
0
0
0
0
0
0
0
0
0
0
0
0
0
0
0.2
5.2
7.2
0.2
0
0.2
0
0
0
0
0.2
0.4
0.2
0.2
7.6
0
1
1.6
0
2
0
0
0
0
0.2
0
0
0.2
0
0
0.2
0.2
0
0.2
0.2
0
0.2
3.8
5.8
5
18
2.8
0
0
0
0
0
0
0
0
1.4
0.4
0.2
0
0
0.2
0.2
0
0.2
0.2
0
6.4
0.2
0.2
0.2
0.4
2.6
0
0.8
10.4
11.2
0
0
0
0
0
0
0
0.2
0
0
0
0.2
0
0
0
0.2
0.2
0
0.2
0.2
0.8
2.4
0
0
1.2
21.6
0
0
0
0
0
0
0
0
0.2
0.2
37.4
0
0
0
0
0
0
0
0
0
0
0
0
0
0
0
0
0
0
0
0
0
0
0
0
0
0
0
0
0
0
0
0
0
0.2
0
0
0
0
0
0
0
0
0
0
0
0
0
0
0
0
9.4
0
0
0
0
0
0
0
0
0
0.2
0
0
0
0
0
0
0
0
0
0
0
0
0
0
0
0
0
0
0
0
0
0
0
0
0
0
0
0
0
0
0
0
0
3.6
0
0
0
0
0.2
0
0
0
0
0
0
0
0
0
0
0
0
0
0
0.2
0
0
0
0
0
0
0
0
0
0
0
0
0
0.2
0
0
0
0
0
0
0
0
0
0
0
0
0
0
0
0
0
0
0.2
0
0
0
0
0
0
0
0
0
0
0
0
0
0
0
0
0
3.6
0
0
0
0
0
0
0.2
0
0
0
0
0
0
0
0
0
0
0
0
0
0
0
0
0
0
0
0
0
0
0
0
0
0
0
0
0
0
0
0
0
0
0
0
0
0
0
0
0
76.2
0
0
0
0
0
0
0
0
0
0
0
0
0
0
0
0
0
0
0
0
0
0
0
0
0
0
0
0
0
0
0
0
0
0
0
0
0
0
0
0
27.4
0
0
0
0
0
0
0
0
0
0
0
0
0
0
0
0
0
0
0.2
0.2
0.2
0
0.2
0.8
2.8
0.4
2.6
5.2
0
0
0
0
0
0
2.4
1.2
0.4
0
0
0
0.2
0.2
0
0
0.2
1
0.8
0
0.2
0.2
0.4
0
0.2
0.2
0
0.2
2.6
0
0.4
0
0
0
0
0
0
0
0
0
0
0
0
0
0
0
0
0
0
0
0
0
0
0
0
0
0
0.2
0
0.2
0.2
0.4
0
1.6
3.4
0.2
0
0
0
0
0
0.2
0.2
0.2
0
0.2
10.4
3.2
0.2
0.2
0
0.2
1.6
5
3.2
0.2
0
5.4
0.8
0
0
0
0
0
0
0
0
0
0
0.4
0
0
0
9.6
1.2
0
0.4
0
0.2
0.2
0
0
0
0
0
0.6
0
0
0
0
0
0
0
0
0
0
0
0
2
0.2
0
0
0
0
4.4
0
0
0
0
0
0
0
0
0
0
0
0
0
0
0
0
0
0
0
0
0
0
0
0
0
0
0
0
0
0
5.8
0
0
0
0
0
0
0
0
0
0
0.4
0
0
0
0
0
0
0
0
0
0
0
0
0
0
0
0
0
0
0
0
0
9.2
0
0
0
0
0
0
0
0
0
0
1.6
0
0
0
0
0
0
0
0
0
0
0
0
0
0
0
0
0
0
0
0
0
0
0
0
0
0
0
0
0
0.2
0
0.2
0
0
0
0
0
0
0
0
0
0
0
0
0
0
0
0
0
0
0
0
0
0
0
0
0
0
0
0
0
0
0
0
0
0
0
0.4
0
0
0
0
0
0.2
7
7.2
2.6
0
0
1.8
16.2
0
0
0
0
0
0
0
0
0
0
0
0
0
0
0
0
0
0
0
0
0
0
0
0
0
0
0
0
2
0
0
0
0
0
0
0
0
0
0
0
2.6
8.8
6.4
2.8
0
0
0
0
0
0
0
0
0
0
0
0
0
0
0
0
0
0
0
0
0
1
4
0
0
0
0
0.6
0
0
0
0
0
0.4
6
0
0
0
0
0
0
0
0
0
0
0
0
0
0
0
0.4
0
0
0
0
0
0
0
0
0
0
0
0
0
0
0
0
0
0
0
0
0.4
0
0
0.2
6.8
0
0
0
0
0
0
0
0
0
0
0
0
0
0
0
0
0
0
0
0
0
0
0
0
0
0
0
0
0
0
0
0
0
1.4
0
0
0
0
0
0
0
0
0
0.4
0
0
0
0
0
0
0
0
0
0
0
0
0
0
0
0
0
0.2
0.2
0.2
11
0
0
0
0
0
0
0
1.2
0
0
0.2
0.2
0
0
0.8
0
0
0
0
0
0
0
0
0
0
0
0
0
0
0
0
0
0
28.8
0
2.4
0.8
6.8
6.4
0
9.6
0.2
0.2
1.6
0
0.6
0
0.2
0
0.2
0.2
0
0
0
0
0
0
0.2
0.2
0.2
0.2
0.2
0
0.2
0
0.2
0.2
0.2
0.2
0.4
0.2
0.6
3.8
11.4
2.4
0
0
0
0.2
0.2
0.2
0.2
0
0.4
0
0.2
3.6
11
8
54.2
9.6
0.2
0.4
6.8
1.6
2.4
6.2
0
0.2
0
0
0
0.8
0.2
0
0.2
0
0.4
10.2
0.2
0
0.2
2.6
10.2
0
0.4
0
0
0
0
0
0
0
0
0
0
0
0
0
0
0
0
0
0
0
0
0
0
0.2
0
0
0
0
0
0
0
0
0
0
0
0
0
0
0
0
0
0.2
0.4
0
0
0
0
0
0
0
0
0
0
0
0
0
0
0
0
0
0
0
0
0
0
0
0
0
0
0
0
0
0
0
0
0
0
0
0
0
0
0
0
0
0
0
0
0
0
0
0
0
0
0
0
0
0
0
0
0
0
0
0
0
0
0
0
0
0
0
0
0
0
0
0.2
0.2
0
0
0
0
0
0
0
0
0
0
0
0
0
0
0
0
0
0
0
0
0
0
0
0
0.2
0
0
0
0
0
0
0
0
0
0
0
0
0
0
0
0
0
0
0
0
0
0
0
0.2
0
0
0
0
0
0
0
0
0
0
0
0
0
0
0
0
0
0
0
0
0
0
0
0
0
0
0
0
0
0.2
20.8
0
0
0
0
0
0
0
0
0
0
0
0
0
0
0
0
0
0
4.4
0
0.2
0.2
8
6.4
0
0
0
0
0
0
0
0.4
0
0
0.4
0
0
0
0
0
9.6
2.2
0
0
0
0
0
0
0
0
0
0
0
0
0
0
0
0
0
0
0
0
0
0.4
0.6
0
0
0
0
3.2
0
0.2
1.4
0.2
0.2
0.2
0.2
0
0.4
0
3.8
11.2
0.2
0
0.2
0.2
0.2
0
0
0
0
0
0
0
0
0
0
1.6
1
0.2
0
1.6
0
0
0
0
2.2
0
0.2
0.4
2.4
0
0
0
0
0
0
0
0
0
0.2
0.2
5.8
0
0
0
0
0
0
0
0.2
0
0.2
5.6
6.6
0.2
0
0
0
0.6
0.2
0
0.2
0
0
0
0
0
0
0.4
0
0
0
0
0
0
0
0
0
0
0
1.4
0
0
0
0
0
0
0
0
0
0
0
0
0
0
0
0
0
0
0
0
0
0
0
0
0
0
0
0
0
0
0
0
0
0
0
0
0.2
0.4
45.8
0.4
0.8
0
0
0
0
0
0
0
0
0
0
0.6
0
0
0
0
0
0
0
0
0
0
0
0
0
0
4
0
0
0
0
0
0
0
0
0
0
0
0
0
0
0
0
0
0
0
0.6
0
0
0
0
0
0
0
0
0
0
0
0
0
0
0
0
0
0
0
0
0
0
0
0
0
0
0
0
0
0
0
0
0
0
0
0
0
0
0
0
0
0
0
0
0
0
0
0
0
0
0
0
0
0
0
0
0
0
0
0
0
0
0
0
0
0
0
0
0
0
0
0
0
4
0
3
0
0
0
0
0
0
0
0
0
0
0
0
0
0
0
0
0
0
0
0
0
0
0
0
0
0
0
0
0
0
0
0
0
0
0
0
0
0
0
0.2
14.2
0.8
0
0
0
0
0
0
0
0
0
0
0.4
3
0
0
2.6
0
0
0
0
0
0
3
0
0
0
0
0
0
0
5.2
25.2
0.6
0
0
0
0
0
0
0
0
0
0
0.2
6
0
0
0
0
0
0
0
0
0
0
0
0
0
0
0
0
0
0
0
0
0
0.2
0.2
0.2
1.4
0.2
0.6
0
0
0.8
4
0
0
0
0
0
0
0
0
0
0
0
0
0
0
0
0.2
0
0
0
0
0
0
0
0
0.2
0
0
0
0
0
0
0
0
0
0
0.2
0
0
0
0.2
0.2
0.6
0
0
0.2
0.2
0.2
0.2
4.4
6.8
0
0
0
0
0
0
0
0
0
0.4
0.2
8.4
1
0
0.2
0.2
0
4
1.8
0.8
0
5.4
0
3.6
0.2
0
0
0
0.2
14
19
1.6
0.2
0.2
0
0
0
0
0
0.2
0
6.8
4
0
0
0
0
0
0
0
0
0
0
0
0
0
0
0
0
0
0
0.2
2.4
16.8
0
0.2
4
0.2
0
0
0
0
0
0.4
0
0
0.2
0
0
0
0
0
0
0
0
0
0
0
0