23.58
22.29
22.28
22.74
23.23
22.24
19.57
20.67
20.96
21.76
27.43
28.41
29.37
29.96
31.4
31.54
31.41
32.27
31.5
31.47
30.05
28.1
27.01
23.22
21.45
21.68
24.98
26.79
23.22
26.99
28.89
26.65
26.12
25.63
24.6
25.3
27.57
25.85
23.21
20.41
26.61
23.96
22.99
28.38
29.4
32.04
32.44
32.36
28.41
34.18
34.87
32.23
33.84
35.67
36.71
36.64
36.93
35.16
36.66
36.9
37.29
32.31
27.74
29.39
27.47
25.54
23.63
14.32
23.95
24.54
23.47
24.59
22.25
26.16
24.9
24.16
23.78
25.18
26.28
26.5
25.39
25.71
24.79
24.28
25.43
23.76
22.4
19.92
20.09
27.48
28.89
24.05
24.48
22.58
21.33
18.1
22.88
23.4
20.84
23.76
21.93
20.92
20.1
23.66
26.62
28.94
29.35
30.14
28.92
28.28
28.1
26.57
26
25.71
23.5
24.67
27.37
28.95
30.31
32.5
31.84
31.17
28.65
29.04
29.15
30.26
30.98
29.28
30.5
29.63
29.29
30.52
32.83
34.19
34.65
35.45
35.26
37.55
36.2
36.65
35.16
34.74
36.15
36.18
34.5
34.99
36.16
35.46
27.98
34.31
32.68
26.42
23.44
26.83
25.65
32.12
34.99
36.16
34.32
33.56
35.12
36.45
33.38
31.61
26.95
28
29.28
29.73
23.35
20.97
31.59
34.9
33.96
33.92
32.58
32.36
32.15
31.79
30.99
32.82
31.26
31.09
31.08
38.7
39.47
38.28
36.26
35.27
34.99
36.14
35.4
34.56
36.96
41.41
40.76
32.23
37.21
34.59
33.45
36.16
38.09
36.38
41.05
44.35
46.63
46.57
41.73
40.25
35.7
34.33
34.76
35.53
40.79
42.76
38.6
36.36
36.89
37.41
37.97
41.46
43.08
42.12
43.26
47.64
49.64
49.79
47.51
38.66
37.49
41.35
45.71
47.66
47.59
44.71
48.41
44.13
42.23
44.03
38.92
42.56
43.46
45.43
45.47
45.53
41.79
46.08
46.96
47.65
47.79
45.02
40.4
36.75
36.93
34.41
33.35
34.23
33.53
34.25
34.3
33.52
33.52
34.34
33.29
31.96
31.77
31.82
33.59
37.14
39.08
39.56
32.74
32.23
37.68
35.74
36.17
37.16
39.68
40.88
38.99
38.49
37.45
34.73
31.38
30.74
31.55
33.28
33.41
31.19
25.93
34.28
36.91
36.57
32.31
30.93
36.46
34.53
33.05
35.64
45.23
36.97
36.22
35.41
31.14
33.75
35.64
35.45
35.58
38.03
40.2
38.46
35.47
35.07
31.42
26.66
24.03
28.27
33
32.05
30.39
27.99
27.69
27.75
26.4
24.91
23.17
23.16
24.66
22.84
25.03
33.01
34.46
34.28
32.29
28.67
26.06
22.25
22.55
32.33
32.32
27.33
25.37
22.07
17.82
17.93
20.26
28.49
27.01
23.19
20.72
23.4
24.78
26.2
23.24
19.5
17.85
20.66
22.77
22.07
20.46
25.67
24
18.97
16.15
18.78
14.51
24.76
23.58
23.03
23.75
25.04
23.38
19.01
13.18
20.53
21.16
24.3
24.4
26.64
27.55
19.32
16.98
26.25
28.22
32.24
31.89
28.48
22.49
21.91
23.08
27.79
25.99
23.13
23.41
24.03
24.57
20.59
27.28
27.42
29.07
27.3
25.55
26.56
27.5
27.85
27.74
28.09
27.54
27.09
25.76
24.92
23.06
17.93
20.04
21.26
23.71
28.26
25.25
22.12
22.9
24.32
22.11
24.75
24.76
23.25
25.29
22.78
19.59
21.09
24.31
23.56
22.02
20.74
21.11
23.47
25.52
27.43
29.49
27.28
28.36
26.38
25.91
24.5
21.14
16.92
23.8
23.42
22.47
26.47
27.85
26.29
26.29
22.25
21.92
18.34
24.93
21.53
25.61
23.76
21.46
21.73
20.05
22.45
23.25
22.3
20.24
18.16
18.77
22.26
22.11
21.76
19.53
19.61
18.04
19.08
20.88
23.39
22.66
22.05
22.04
22.04
24.5
23.23
23.16
25.29
24.56
24.63
23.88
25.19
25.34
24.75
24.42
22.39
22.76
24.07
23.76
26.18
29.78
30.27
31.84
29.83
29.11
28.45
27.6
27.32
29.87
30.48
28.12
25.91
30.54
34.49
36.47
35.57
35.22
35.27
34.46
31.95
30.85
28.08
33.72
35.99
33.49
31.17
35.22
37.23
33.02
32.5
32.39
38.18
41.19
42.22
36.08
30.98
35.84
37.01
32.46
28.74
30.78
32.36
32.57
33.39
31.11
34.36
33.59
33.32
30.58
31.25
33.85
40.76
40.3
38.06
35.87
39.07
41.25
42.51
45.48
38.62
36.84
34.52
34.54
33.65
34.54
35.73
39.26
35.72
36.24
34.7
34.09
35.77
35.72
34.91
37.58
39.68
40.04
43.13
46.81
50.13
50.79
48.97
38.38
36.92
32.86
32.8
34.55
34.76
39.18
39.41
39.13
35.8
34.05
35.91
37.72
43.04
42.94
41.56
39.09
37.22
39.74
42.49
47.63
46.91
40.55
39.08
43.08
44.24
44.59
43.3
40.98
39.53
38.77
44.59
42.77
47.4
41.71
37.52
36.79
39.34
39.18
40.6
41.05
42.16
38.53
36.29
36.01
35.7
36.03
36.91
36.33
37.12
34.62
30.94
33.31
33.42
30.21
24.82
29.39
29.81
30.99
33.31
34.4
33.73
37.57
43.17
40.96
33
34.19
38.2
33.92
29.21
31.79
31.67
32.9
31.85
30
28.98
32.28
31.9
31.21
32.23
32.52
27.62
32.67
39.82
42.8
40.21
39.03
36.57
38.22
38.22
34.93
31.3
32.74
30.26
26.95
27.72
36.73
37.15
34.07
30.04
25.56
24.52
27.67
26.84
22.35
26.65
25.75
26.31
26.98
26.29
27.8
29.56
29.92
28.14
29.75
30.92
30.18
28.56
25.6
26.24
23.86
31.8
31.03
27.99
26.71
25.47
24.6
21.89
26.35
28.68
25.4
25.89
27.84
25.9
33.4
28.8
32.1
30.3
32.24
32.54
30.26
28.89
26.21
24.26
21.06
17.9
22.29
22.74
26.4
29.25
28.54
28.1
26.27
25.2
24.81
21.42
19.68
18.52
19.59
18.81
23.12
18.78
25.1
22.11
20.66
21.15
20.74
16.53
23.59
24.83
25.56
20.67
18.25
29.22
26.05
24.33
26.29
27.37
29.53
28.72
27.96
25.52
24.74
24.23
21.09
20.63
17.93
14.93
18.34
18.7
22.09
30.37
28.9
25.33
24.51
28.99
28.86
30.06
28.05
23.4
22.29
23.92
22.73
22.33
19.55
19.8
23.21
21.31
20.55
17.36
17.75
20.25
17.21
14.27
11.88
13.32
24.92
24.67
24.89
20.78
16.2
19.85
16.7
18.79
25.62
27.26
27.13
25.6
24.66
25.91
27.13
24.57
25.13
21.23
19.55
22.94
19.51
14.86
22.02
24.85
23.18
24.9
20.88
23.21
23.56
23.01
21.52
19.48
19.2
21.99
18.83
16.24
17.16
21.18
29.13
29.33
27.58
26.67
25.58
24.97
23.4
18.08
21.56
21.82
22.47
20.8
21.93
22.1
20.38
18.3
23.45
26.16
26.79
25.42
24.18
24.11
24.26
25.85
25.65
24.7
28.39
28.35
32.27
33.71
32.22
31.74
31.14
31.35
32.48
35.57
35.58
30.51
25.06
22.69
22.21
24.51
28.71
32.83
29.09
27.93
29.53
29.29
34.9
34.34
36.98
35.25
37.32
37.79
38.42
39.81
37.24
36.31
34.43
37.34
41.01
43.82
41.2
39.99
38.83
39.02
41.42
38.83
36.96
34.32
33.06
30.99
36.72
34.04
35.08
37.97
35.08
34.66
34.51
33.58
32.59
34.86
33.37
34.2
31.78
27.79
33.03
33.76
37.05
35.84
36.09
39.88
40.65
36.43
42.12
38.11
36.05
41.43
46.5
47.06
43.15
38.36
37.79
40.97
42.61
43.25
45.52
43.72
40.94
39.55
37.37
38.11
40.88
41.07
41.8
40.32
37.92
38.43
37.33
37.27
36.78
36.77
38.1
37.46
36.51
36.59
37.4
37.98
40.67
40.63
40.26
39.06
36.95
35.69
35.07
35.01
37.16
39.37
41.05
41.02
38.19
34.27
33.15
34.3
34.56
35.32
35.89
35.28
37.38
34.36
33.77
36.1
37.82
36.41
35.48
34.73
29.1
30.99
35.42
35.34
37.21
35.77
35.17
34.2
34.14
35.05
35.48
32.94
34.68
30.09
25.82
33.67
33.06
32.57
32.35
32.79
33.53
31.71
32.43
36.46
41.81
41.29
42.1
42.48
42.12
40.76
39.89
38.1
37.99
35.45
36.3
37.04
35.28
34.44
31.46
31.26
32.87
35.21
41.49
42.43
42.86
43.7
42.76
40.1
36.57
35
32.42
34.7
33.56
32.52
27.83
28.75
26.62
28.26
36.23
35.86
37.36
33.95
30.37
26.43
23.5
20.5
25.17
24.18
23.99
24.36
22.83
24.36
33.86
26.76
33.88
29.79
25.7
25.83
25.64
24.81
24
22.73
17.46
18.77
14.32
28.32
25.16
67.48
19.48
27.48
28.39
25.18
22.43
24.25
34.76
28.93
26.62
27.93
25.87
29.92
29.62
30.6
31.83
34.26
32.48
30.3
30.63
31.37
31.67
32.06
25.87
20.21
18.94
23.36
28.17
27.83
26.79
26.11
26.5
26.46
29.18
29.26
29.4
29.64
29.34
27.19
26.66
23.17
19.26
16.46
23.27
21.11
22.73
30.49
28.71
27.69
29.52
27.99
26.4
23.97
24.53
26.46
26.46
24.57
20.62
20.21
21.17
20.59
21.3
22.97
22.76
17.83
22.56
23.69
22.05
20.86
19.02
19.94
19.16
19.56
19.75
19.25
18.77
19.08
21.82
22.06
22.92
22.74
19.77
20.31
19.03
22.93
23.77
24.72
23.08
22.22
21.78
22.72
22.12
20.72
17.91
21.59
24.96
26.3
26.35
26.31
25.97
25.6
24.93
24.76
25.62
23.94
24.99
24.37
24.55
19.9
20.79
21.17
20.24
25.94
27.1
27.13
27.83
27.57
27.68
29.23
27.49
25.15
22.5
24.22
25.82
26.81
24.35
21.82
20.21
18.58
17.08
24.8
20.88
20.81
15.04
18.41
22.25
23.05
23.16
22.57
20.57
19.94
27.22
25.16
24.56
23.81
25.07
23.3
20.57
25.44
26.15
27.68
21.69
19.89
20.42
19.68
15.93
25.44
23.23
24.77
32.72
29.93
24.98
28.89
25.93
25.38
21.48
29.82
27.41
26.76
28.82
36.94
33.99
29.78
29.15
31.05
34.5
33.15
32.77
37.61
36.06
36.03
35.67
34.16
30.44
31.34
32.69
36.52
37.02
39.27
36.74
40.34
40.65
37.5
36.7
38.67
36.82
33.71
35.05
34.79
34.57
34.91
34.69
37.96
33.75
33.66
31.61
29.29
27.94
35.47
32.7
34.17
34
39.09
36.71
36.26
34.53
37.86
36.64
45.45
39.88
40.18
40.61
38.05
36.75
38.05
39.38
40.32
35.45
33.15
37.87
42.25
42.18
41.87
40.47
38.22
35.1
38.66
41.02
45.38
46.09
44.61
41.31
42.8
37.93
37.67
38.72
39.3
39.38
38.12
37.19
38.21
39.71
40.66
37.73
38.47
39.69
39.03
39.96
37.59
37.28
35.02
32.35
33.72
32.31
41.21
44.24
40.85
40.95
39.51
39.29
38.64
35.84
37.28
36.79
34.13
29.62
32.33
34.18
35.44
35.54
34.19
30.94
34.67
33.61
29.59
33.82
35.71
35.25
36.4
35.53
37.24
33.26
32.27
31.79
31.91
29.76
27.29
31.19
33.54
32.4
32.24
33.34
31.84
29.38
31.89
31.63
30.47
29.39
30.78
29
24.61
27.49
25.6
27.03
30.43
28.04
26.97
25.94
28.3
27.32
24.65
32.63
32.67
30.96
30.83
30.28
27.43
26.58
25.73
24.8
17.35
28.43
25.98
23.95
25.51
23.04
24.16
24.55
22.56
30.9
28.89
22.41
23.46
28.17
26.77
23.04
23.78
34.76
35.56
34.68
30.36
27.84
22.4
15.81
23.27
20.11
21.87
16.92
22.15
20.29
23.9
28.24
27.64
25.88
24.27
27.75
26.18
22.23
28.38
28.34
29.44
25.23
23.48
22.66
25.04
22.24
20.92
22.82
22.93
22.95
19.12
17.08
19.72
23.04
26.82
26.36
21.3
24.85
26.28
23.47
24.06
21.16
22.89
20.17
26.39
25.45
22.26
26.8
24.71
18.93
25.37
18.59
18.08
21.18
18.68
22.85
23.34
23.56
21.92
22.71
23.48
22.14
22.43
21.68
20.14
19.71
16.36
12.59
12.64
10.66
13.06
15.41
17.57
14.59
19.09
18.52
14.96
17.31
16.69
16.36
12.21
13.26
22.73
22.87
25.02
25.38
23.22
17.7
13.06
20.37
17.79
15.47
16.34
16.49
21.13
22.24
17.94
18.44
14.19
10.85
12.71
20.7
24.79
25.2
26.61
25.31
25.75
24.66
23.5
22.34
20.17
18.65
19.52
19.02
20.48
18.61
19.4
19.8
19.76
20.82
18.13
19.01
18.63
21.47
17.14
13.88
17.89
24.06
22.6
20.65
20.37
21.99
21.19
21.8
20.22
18.36
16.89
17.79
27.73
30.26
29.23
30.96
31.67
29.52
28.7
26.49
29.37
28.71
28.19
25.73
28.66
30.02
26.77
25.06
26.42
28.15
27.81
27.56
28.61
29.3
33.31
28.85
28.61
25.77
24.6
27.66
28.71
28.26
30.87
34.87
33.92
33.99
35.41
35.65
34.09
33.69
33.97
32.84
32.27
26.97
25.86
32.55
31.83
34.32
38.42
36.16
40.63
37.78
36.05
35.92
32.29
32.27
38.57
34.49
38.86
38.18
38
36.42
35.23
33.49
33.79
33.04
30.54
39.29
38.65
37.82
35.12
30.75
34.24
35.39
34.19
31.95
31.29
37.12
38.81
38.75
39.43
37.7
32.74
35.47
39.79
41.68
39.14
38.09
38.21
38.88
40.85
37.27
36.48
33.07
31.49
31.47
38.13
44.02
44.67
44.94
43.83
45.95
46.89
45.94
40.41
41.9
43.09
44.29
39.49
35.91
37.17
38.26
39.9
40.64
43.47
47.03
46.84
47.61
46.06
46.69
39.92
37.81
36.63
36.48
42.54
45.33
43.72
42.86
42.17
43.99
44.65
41.14
34.62
33.38
36.05
40.26
40.73
46.41
50.57
49.16
49.29
45.67
46.54
39.38
37.32
37.74
37.6
36.2
35.67
34.69
35
38.52
39.7
37.44
34.76
34.35
36.86
38.26
43.94
42.97
44.5
46.19
41.73
38.41
34.66
38.58
40.26
44.47
43.73
38.76
31.87
32.64
36.65
48.04
44.91
41.23
39.03
40.56
37.54
36.13
34.23
35.82
35.47
34.79
33.68
31.81
31.07
29.55
26.91
30.29
29.2
26.94
30.8
33.61
32.72
43.39
36.88
35.41
40.76
42.44
38.06
34.08
30.49
28.46
29.97
29.54
29.93
35.21
34.8
31.76
27.61
25.99
35.05
35.48
30.81
28.09
27.17
28.22
30.28
29.49
28.65
23.65
26.47
27.68
26.02
27.57
36.34
37.58
38.42
32.95
33.39
31.88
27.75
27.91
30.66
32.21
33.59
30.87
30.56
31.97
31.18
31.85
32.09
33.02
32.98
33.06
34.19
32.3
28.24
23.64
21.13
20.8
17.64
16.48
22.89
22.13
23.32
24
27.96
20.42
20.56
22.42
21.05
20.72
29.37
34.56
35.41
35.58
34.2
33.12
31.49
27.59
21.17
21.27
31.5
27.71
23.65
21.8
20.41
20.18
18.07
18.73
20.35
17.43
16.17
19.05
24.68
28.07
28.42
25.97
22.76
19.67
26.04
21.59
16.64
22.43
25.59
28.38
30.09
24.94
20.9
22.24
21.21
19.15
16.51
25.08
24.59
22.29
19.51
23.41
18.4
17.71
14.98
15.7
13.75
15.25
12.69
17.28
18.93
19.63
19.79
18.2
19.55
21.47
21.7
18.9
21.97
19.85
24.69
23.22
24.04
24.94
24.5
21.43
21.76
21.02
21.15
20.15
21.11
23.26
18.84
21.28
21.12
20.47
19.16
19.72
19.42
16.63
14.53
14.31
13.94
19.01
21.03
22.18
23.6
23.31
23.14
24.83
24.15
22.88
22.7
20.8
20.28
21.46
20.6
25.84
18.6
20.91
19.75
16.06
20.03
19.74
17.02
15.79
15.81
22.54
22.11
22.53
26.66
26.77
26.77
27.49
25.88
24.25
24.69
22.78
21.71
23.43
22.12
16.43
25.45
28.92
23.72
31.33
32.13
33.08
32.52
33.73
29.88
36.48
33.13
25.17
24.54
26.78
28.99
29.14
29.94
32.79
33.59
30.35
32.03
28.08
28.07
25.36
24.08
27.05
27.94
29.75
30.77
31.21
37.02
36.06
36.36
37.78
37.73
35.06
32.47
31.06
32.66
37.41
34.69
32.86
33.11
33.75
31.66
29.85
28.78
33.56
30.69
32.36
34.41
32.4
30.31
29.24
31.99
31.77
35.05
33.94
35.43
38.04
39.59
44.87
42.69
38
34.14
35.09
29.09
36.72
40.97
43.75
44.37
42.88
36.05
36.02
39.2
38.53
42.26
40.77
38.73
38.23
38.59
39.53
39.91
39.49
40.73
38.43
36.55
39.86
42.58
43.74
45.52
42.49
43.2
44.1
45.69
45.72
42.54
42.3
43.27
43.27
36.71
37.89
39.96
41.42
45.28
45.36
41
40.3
44.31
43.83
47.99
44.65
40.06
40.12
46.29
43.3
42.26
41.59
41.29
40.54
39.34
39.56
33.66
31.34
32.72
32.13
32.17
34.6
32.7
34.43
33.34
33.24
33.07
31.93
38
42.97
44.83
39.85
39.48
40.16
37.67
36.03
32.06
29.93
32.44
37.23
39.1
38.96
35.68
35.39
36.38
42.77
42.66
36.63
34.09
34.23
31.57
33.31
36.47
34.34
31.19
30.62
27.77
28.37
28.9
30.46
34.5
40.81
40.09
39.52
36.43
34.09
27.78
28.44
33.93
31.11
28.97
26.84
22.67
22.6
19.56
23.1
25.23
25.79
23.6
25.08
27.32
31.27
32.14
33.35
29.05
29.57
29.05
31.47
32.67
31.68
32.05
29.89
29.78
27.74
23.41
24.07
28.26
28.21
26.05
25.58
25.69
25.66
23.45
22.67
20.7
25.91
27.89
25.35
23.71
17.14
22.49
23.59
23.32
24.6
24.15
26.88
29.52
26.21
25.62
26.6
22.84
17.99
17.92
15.48
17.7
21.75
23.35
25.6
29.67
26.77
23.41
23.29
26.05
22.5
21.4
23.33
24.78
21.44
19.81
22.3
22.22
22.21
26.92
27.5
26.16
19.25
17.51
14.98
21.56
24.18
25.54
25.7
19.42
22.91
21.72
17.62
17.93
18.22
16.07
14.52
22.91
24.1
26.13
22.18
25.23
24.3
28.79
25.37
27.31
24.11
25.65
25.09
25.36
24.62
24.5
23.15
21.23
20.77
23.25
23.65
22.41
27.35
27.77
26.7
24.25
21.99
23.14
24.56
26.58
26.42
25.73
27.39
25.72
23.68
19.68
21.24
22.68
24.52
23.72
19.27
16.84
20.86
24.67
25.07
25.83
24.58
23.84
24.6
23.2
21.73
23.79
22.6
21.14
23.42
24.49
21.44
23.51
26.97
28.59
27.67
25.73
26.62
25.44
22.62
22.42
22.01
22.02
21.46
24.55
25.38
27.08
26.48
26.75
24.26
20.85
27.04
27.69
22.55
24.08
22.63
23.85
20.77
20.31
18.99
20.16
23.6
27.9
27.33
27.08
25.33
23.92
27.02
29.59
29.67
29.61
29.35
27.93
30.14
32.21
32.69
30.8
29.56
26.92
23.52
17.76
17.53
26.67
26.59
29.32
27.69
25.27
26.13
27.92
27.17
26.67
30.32
28.81
26.46
27.77
29.58
24.17
30.89
27.91
27.42
27.41
24.72
29.95
29.74
27.78
28.16
29.38
33.28
39.17
38.52
34.35
33.65
31.9
30.21
28.61
30.64
25.1
14.39
15.57
13.54
16.31
14.93
14.55
22.06
19.42
17.34
22.51
15.83
24.19
18.67
18.84
16.82
16.8
19.76
19.13
19.39
19.4
18.97
18.71
18.24
18.55
16.63
20.36
19.29
20.49
21.04
20.63
19.54
23.09
21.88
21.55
19.88
18.1
16.71
15.2
12.75
17.66
19.13
20.39
23.5
21.46
20.2
18.65
17.68
16.98
18.33
17.58
18.4
17.67
16.24
14.12
15.32
17.66
20.19
19.31
16.48
23.21
23.45
23.43
25.58
26.67
22.29
22.91
18.55
18.77
22.8
24.37
22.51
21.72
19.47
17.17
23.45
23.37
21.24
20.1
24.21
27.17
30.12
32.62
32.53
33.29
27.51
34.38
33.92
32.49
30.21
31.61
35.24
36.2
36.35
37.15
36.77
32.87
34.24
32.29
29.26
27.09
25.64
25
27.73
30.81
28.94
30.06
30.51
28.76
30.52
31.7
36.05
37.07
33.36
30.53
28.12
27.98
27.08
27.96
29.54
28.81
29.43
29.57
25.21
28.33
27.91
28.69
30.01
32.27
35.25
32.57
35.18
33.9
32.93
33.81
33.24
32.3
32.02
34.11
35.36
34.93
35.43
34.24
34.84
34.58
35.93
39.11
39.19
42.28
40.56
40.86
37.61
35.74
36.18
38.96
39.9
35.4
33.8
35.7
40.44
39.47
38.45
38.27
37.76
37.71
36.84
34.5
35.03
37.66
38.07
41.13
36.1
33.95
32.53
31.54
34.96
34.73
35.11
34.37
33.74
33.83
32.77
32.47
33.37
36.67
37.59
36.03
35.41
37.28
37.29
41.27
43.09
38.71
35.84
35.56
37.23
36.86
40.46
38.14
33.65
31.57
34.08
33.83
31.27
31.06
37.2
39.23
37.69
35.81
36.03
33.54
30.67
28.18
28.6
30.05
29.34
28.97
27.29
27.31
31.34
29.62
33.5
41.46
41.01
38.91
32.84
30.88
30.6
31.87
30.57
28.39
34.88
36.05
34.61
33.08
30.71
32.36
34.83
32.75
30.73
27.65
27.02
26.62
25.53
26.69
25.58
24.38
26.25
27.71
30.04
29.37
32.84
37.18
42.73
40.5
42.01
38.02
34.94
34.04
34.62
34.15
23.68
36.72
35.03
34.67
35.6
34.5
32.84
33.02
33.52
33.09
32.59
29.49
26.85
27.25
23.8
20.78
24.95
23.48
27.74
29.15
29.03
28.87
29.93
33.53
33.7
34.03
35.15
35.22
35.13
34.33
32.36
29.29
22.9
18.84
16.28
24.3
21.1
19.6
15.29
11.13
21.08
22.81
28.44
26.78
24.86
23.38
22.11
16.44
26.67
25.67
28.55
26.52
23.49
20.35
21.15
21.11
16.57
19
28.31
30.87
32.63
29.02
25.1
22.94
21.7
23.92
23.4
23.37
21.75
21.62
20.32
19.07
21.89
20.89
21.13
21.05
17.94
17.8
12.64
13.6
20.49
26.19
25.11
20.58
20.65
17.02
19.17
20.28
20.3
21.87
19.94
18.55
18.63
16.49
19.26
16.54
13.22
11.6
17.41
18.57
21.78
17.12
17.02
14.08
26.67
23.94
23.27
20.46
21.41
21.26
18.7
19.23
19.4
15.59
20.38
22.11
21.63
20.51
20.27
20.31
19.13
16.82
15.12
20.81
20.51
18.43
16.63
21.7
20.6
17.94
22.09
20.46
20.99
22.4
22.1
22.47
21.9
23.54
20.14
22
18.73
19.48
23.31
23.82
21.87
21.08
20.39
17.8
20.99
20.78
20.58
21.46
19.79
19.47
19.99
16.53
20.12
26.99
25.38
25.04
28.33
29.47
26.04
25.53
24.97
25.12
29.77
28.8
29.28
31.11
31.91
31.23
24.57
24.23
27.76
29.96
25.7
23.67
25.57
29.74
29.5
27.27
29.01
29.05
29.31
27.43
35.09
33.82
32.1
29.75
29.38
28.56
24.07
29.43
31.12
30.35
31.48
31.08
31.74
29.62
28.64
28.88
31.24
29.41
28.39
29.77
31.06
28.52
27.46
28.72
22.37
34.32
36.94
31.5
26.33
25.62
25.21
25.56
28.96
28.44
26.57
28.5
30.6
33.68
31.99
30.49
29.18
26.75
31.16
35.05
38.06
37.78
37.3
35.38
32.9
31.54
31.02
28.2
27.64
33.09
37.05
38.79
39.13
40.28
42.48
41.43
40.4
37.28
40.33
42.64
43.71
44.7
45.27
44.93
45.07
43.84
40.53
40.85
42.56
41.18
40.48
37.63
37.76
44.61
46.48
42.88
39.03
37.32
34.77
35.89
36.65
38.12
36.87
36.7
35.68
33.36
33.88
37.01
39.3
39.61
38.78
38.12
40.31
40.54
37.65
43.29
41.91
44.37
42.77
39.31
38.57
37.23
37.27
36.8
36.34
37.5
39.29
38.03
44.26
43.75
41.62
42.25
41.29
37.33
33.91
32.44
31.19
28.4
31.09
36.53
38.11
36.76
33.67
34.51
31.11
31.88
28.29
27.41
27.74
27.11
27.58
30.78
35.35
37.14
33.77
27.8
27.35
28.06
25.75
24.45
26.02
28.59
28.07
29.58
26.43
22.96
22.88
24.76
21.08
23.25
19.84
24.2
26.73
38.22
34.79
37.78
38.2
38.22
38.3
39.04
35.49
30.62
27.99
23.65
23.64
22.8
22.82
20.53
19.39
25.89
28.52
29.07
29.73
27.98
30.9
36.26
37.35
37.38
37.54
38.58
35.87
32.44
27.26
28.93
27.32
28.79
29.48
27.2
25.84
24.27
20.14
16.78
20.44
22.15
25.32
23.11
28.25
29.37
28.05
23.14
22.94
25.89
24.22
19.56
18.08
23.21
26.16
23.08
25.64
24.82
24.92
28.86
26.03
20.84
20.19
22.2
21.15
20.89
23.74
24.9
25.12
22.32
19.28
18.83
22.29
19.26
21.28
17.48
16.97
25.3
23.19
20.23
19.56
21.42
20.83
16.88
14.28
20.81
26.21
26.44
26.2
26.4
22.57
20.06
19.96
23.17
21.11
19.88
19.17
20.47
21.69
23
19.92
22.08
27.19
27.25
27.88
27.97
23.34
20.25
21.33
18.15
19.1
18.02
16.8
19.97
16.69
19.51
21.8
18.9
19.39
18.51
17.54
18.86
21.59
22.41
23.12
22.54
21.62
20.7
21.18
21.53
21.82
20.07
20.08
18.61
17.85
20.04
20.37
22.52
19.91
18.86
17.51
26.9
26.6
26.38
25.51
23.24
25.55
25.04
23.78
22.44
20.45
19.86
18.21
21.91
21.93
22.16
20.06
19.64
18.05
18.96
18.56
17.09
15.6
14.04
12.85
18.29
17.62
18.39
15.77
24.01
24.99
25.49
26.94
23.47
23.11
20.65
19.32
18.6
20.31
21.84
21.34
22.73
21.62
16.97
18.34
19.91
19.85
19.23
24.69
25.51
29.64
30.79
30.31
27.04
25.82
23.41
23.67
22.41
25
21.98
25.2
27.66
28.88
34.73
28.99
24.88
20.97
20.51
26.5
30.24
32.63
28.11
25.45
27.95
28.19
32.63
35.02
36.29
36.62
34.94
33.26
29.56
24.12
30.76
32.8
29.58
25.55
23.95
21.65
26.6
27.79
31.1
27.07
37.72
38.32
34.6
31.53
31.88
33.44
38.56
36.07
36.45
36.53
35.91
31.13
25.74
25.44
24.91
25.71
25.91
26.68
27.05
27.3
27.54
27.52

