4.0879
3.9907
3.5992
3.3097
3.2270
3.2137
3.3985
3.2869
3.5507
3.3962
3.2009
3.0881
4.6466
4.9660
4.6083
4.8536
4.7752
4.5394
4.9894
4.8566
4.7576
4.2571
4.7427
4.7074
2.3965
2.5671
3.1340
2.5391
2.5052
2.8202
2.8792
2.7221
3.3613
3.0302
2.9674
3.0146
2.8617
3.1578
3.0233
3.1129
2.9959
3.6225
3.4552
3.2363
3.3706
3.7459
3.6689
3.7490
3.4557
3.3958
3.6974
3.4949
3.6955
3.9151
4.0689
4.2731
4.1505
4.1328
4.2465
4.4679
4.6414
4.8446
4.5411
4.1693
4.0597
4.5030
4.5681
4.7192
4.7462
4.5656
4.5639
5.1911
4.7715
4.6174
4.6517
4.5936
5.0572
4.6615
4.6927
4.8072
4.6468
4.9873
4.4933
4.2694
4.7825
4.0613
4.0879
3.9907
3.5992
3.3097
3.2270
3.2137
3.3985
3.2869
3.5507
3.3962
3.2009
3.0881
4.6466
4.9660
4.6083
4.8536
4.7752
4.5394
4.9894
4.8566
4.7576
4.2571
4.7427
4.7074
2.3965
2.5671
3.1340
2.5391
2.5052
2.8202
3.3355
4.6466
4.9660
4.6083
4.8536
4.7752
4.5394
4.9894
4.8566
4.7576
4.2571
4.7427
4.7074
2.7707
3.0434
2.8780
3.2215
2.8314
2.7340
2.4625
3.0146
2.6460
2.9268
2.5043
2.7497
2.6583
2.9269
2.9275
3.1893
2.7753
3.2173
3.1107
3.0471
3.5644
3.4044
3.2543
3.2654
3.4650
3.6241
3.3142
3.6163
3.7057
3.7155
3.6194
3.6256
3.5004
3.9442
4.1949
4.3970
4.0098
4.6854
4.2039
4.3611
4.1252
4.3054
4.5037
4.0552
4.6178
4.6466
4.9660
4.6083
4.8536
4.7752
4.5394
4.9894
4.8566
4.7576
4.2571
4.7427
4.7074
4.4284
4.6191
4.6288
5.0689
4.7186
4.3571
4.5359
4.2970
4.9190
4.5311
4.9343
4.0105
4.3388
4.2732
4.4784
4.3842
4.0521
4.3565
4.0629
3.8982
3.5702
3.7662
4.0879
3.9907
3.5992
3.3097
3.2270
3.2137
3.3985
3.2869
3.5507
3.3962
3.2009
3.0881
4.6466
4.9660
4.6083
4.8536
4.7752
4.5394
4.9894
4.8566
4.7576
4.2571
