81.3
84.7
86.5
87.7
86.5
90.3
91.2
92.3
93.5
94.8
82.8
61.2
51.8
50.2
48.8
50.2
52.8
61.7
71.3
78.5
85.3
86.5
84.8
79.2
78.3
79.5
75.7
70.8
70.3
73.3
75.8
74.7
76.3
82.7
77.2
78.5
71
78.3
94
96
98
99.5
100
100
100
100
100
100
100
100
100
99.5
98.3
98
98.2
99.2
100
100
100
100
100
100
88.2
82.2
80.7
89.3
95.7
98.7
99.8
100
100
100
100
100
100
100
100
100
100
100
100
100
100
100
100
100
100
100
99.2
94.7
97.8
99.8
100
100
100
100
100
100
100
100
100
100
100
100
100
100
100
100
100
83.2
71
72.7
69
76.8
78.3
49.7
49.2
63.3
88.8
92
91.2
96.7
87.2
88.2
80.5
60.7
61
57.2
57.8
51.5
48.3
45.2
44.5
39.8
33
33
35.3
40.7
45
52.8
52.2
61.7
65.7
68.3
72.2
71.3
73.5
70.7
69.7
73.3
76.8
81.3
86.3
88.5
81
54.7
46.2
35
37.8
41.8
43.7
47
55
46.7
38.3
30.7
22.7
38.7
65.8
74
77
80.5
74.2
79.2
84.3
84.8
88
89.2
74.2
61.3
56.3
47.3
35.7
29.5
29
42.5
37
36.5
56
68
71.8
78.8
81.5
83
79.2
79.5
79
76.2
70.5
70.5
75.8
76.2
65.3
51.5
43.3
42.7
40.5
36.2
33
39.7
60.7
65.3
66.5
69.2
72.2
74.7
76.3
76.7
69.8
76.8
79.5
82.7
85
87
88.5
86
69.2
47.5
38.3
35
41.2
42.8
41.8
49.5
68.3
74
65.2
57.3
38.2
52.7
73.8
82.7
85.2
85.5
88.3
88.7
87.2
90.3
92.2
93.5
80
58
47.8
43
40.2
43.3
48.3
59.2
76
86.5
88.8
91.8
94
95.7
96.5
97.7
97.7
97.8
98.5
99.3
98.5
99.2
99.2
99.7
100
89.7
66
57.7
61
60
60.3
65
69.3
72.5
70.7
72.2
75.2
85.3
91.8
93.2
95.7
74.5
62
62
63.7
80.7
93.3
96.7
97.7
73.8
65.5
63.7
62.8
64.8
70.3
80.7
89.5
93.8
94.8
96.5
97.8
98.5
98.8
98.8
100
100
100
100
100
100
100
100
99.7
69
54.8
47.8
41.7
39.5
33.7
54.8
82
92.5
95.5
98
98.2
97.2
97.2
97.5
97.5
98
98
98
98
97.7
97.7
98.2
99
90
78
78.3
77.7
72
70.5
82.8
94.2
97
98.2
99
99
100
100
100
100
99.5
99
99.8
99.3
98.5
98.5
99
99.3
99.8
92.3
79.5
77
72.3
70.3
80.3
88.5
91.5
85
88
91.5
93.5
94.8
95.7
96.3
97.8
98
98
98
98
98
98
98
97.8
91.7
86
82.5
81.7
83.7
89
94.3
97.2
98.7
98.2
97
97.3
97.2
96.5
97
98.3
99
99
99.7
99.3
99.8
99.8
100
100
97.5
76.8
72.8
73.2
78.8
86.8
93.3
97
98.3
99
99
99
99.8
100
100
100
100
100
100
100
100
100
100
98.8
92.2
87.7
88.8
88.5
92
94.5
96.5
98.3
99.7
100
100
100
100
100
100
100
100
100
100
100
100
100
100
100
100
95
82.7
82.8
82.3
84.5
94
97.5
88.8
83.3
88
93.2
91.3
52.8
55.3
77.3
89.8
92.5
92.8
90.8
92.7
73.5
65.2
54
45.7
37.2
35.3
47.5
69.5
73.3
73.3
81.3
91.5
94.8
97.2
97.5
98.5
99
99.5
99.7
100
100
100
100
100
100
100
99.5
80.2
66.7
63
63.5
64.7
74.5
83
85.5
90.7
93.5
95.2
96.8
98.3
99.3
99.5
99.3
100
99.5
100
100
100
100
100
95.3
69.3
61
61.8
68.3
67.7
75.7
85.8
90.8
93.3
96.7
98.2
98.8
99.3
100
100
100
100
100
100
100
100
100
100
100
80.3
68.3
60.8
36.8
16.3
12.7
15.3
15.8
17.5
32.5
39.3
26.5
39.8
47.3
50.8
50.7
54.2
57.7
62.8
66.5
67
66
56.5
37.5
26.2
22.7
23.7
22.8
24.2
27.3
36.2
36.2
48
60.2
63.5
63.8
65.3
68.7
70.3
73.5
72
74
77.2
77.3
75.7
71.3
56.7
40.5
37.3
35.5
34.5
34
36
45.7
61.7
70.7
76.7
74
52.7
52.5
52.2
51.5
49.3
49
48.7
48.7
52.7
56.7
68.2
73.2
60.5
53.8
51.2
47.3
46.2
48.7
50.7
59.3
69.5
76.2
77.2
76
75.8
71.7
66.2
69
63.5
65
64.2
66.5
67
68.7
70.8
67.3
65.2
68.3
63.3
50.2
55.8
55.5
61.8
62.5
58.8
54.2
53.2
48.2
47.7
48.3
47.7
46
48.8
47.5
62
61.3
63
63
59.2
63.5
60.5
51
45.7
43.8
40.3
39.2
39.8
43
49.7
52.7
53.5
61
67.5
73
76.2
77.2
77.5
78.2
77.3
76.8
74.3
64.7
61.5
58.2
55.5
53.8
52.3
50.2
48.2
46.7
47
50.3
53.7
59.8
69
74
73.2
74.5
75.2
73.7
73.3
72.7
53.8
54.2
63.7
52.8
39.3
39
40.5
39.5
41
39.8
49
54.2
49.5
51
66.2
85.3
92.7
94.7
96.2
96.2
93.8
92
92
90.5
90.8
92
92
90.7
89
89.2
86.2
81.5
76.7
76.7
82.3
85.8
85.8
87.3
91
92.3
93.2
94
94.8
96
96.5
96.7
97.8
94.3
84.7
81.3
87
89.7
92
93.2
88.7
83.2
70.2
69.3
63.7
54.7
52
52.7
64.8
72.5
67.8
73.2
70.7
76.2
83
76.8
65.8
74.3
67
64.8
75.8
79.2
72.5
58.5
46.5
44.3
41.2
39.3
38.5
39.3
39.7
43.2
53.5
56.3
62.8
55.3
49.8
51.3
62.2
64
60.5
58.3
55.5
54.2
53.8
64
73.3
75
57.5
54
52.5
49.2
46.7
48.2
52.7
57.2
54.8
57.8
64.7
73.3
74.3
75.5
79
85.3
84
85.5
82.3
84.8
86.3
87.8
89.3
86.7
81
80.3
78.3
73.3
69.7
66.2
62
65.7
71.5
75.8
79.8
86
90.3
90.7
91.2
91.3
91.3
91.2
92.2
92.7
90.3
90.5
90.8
93.3
70.5
54.2
54
50.5
47.3
55.3
57.8
63.8
71
71
74.7
83.7
85.2
84.5
87.7
90.3
91.7
93
92.3
88.7
87.3
85.5
73.2
69.7
78.2
72.5
66.7
64
60.2
61.7
60.7
63
67.8
73
72.7
70.7
73.2
75.2
79.8
78.5
66
64.8
67.7
65.5
64.3
60.2
56.2
58.7
65
59.8
53.5
50.3
44.7
42.3
46.5
56.3
66.3
74
76.2
79
83.2
84.7
88.7
89
90.5
91
92.3
92.2
90.8
91
91.7
93.3
76.8
59.2
47.5
48.7
51.3
53
48.2
50
63.5
72.8
71.2
73.8
55.5
40.7
41
51.2
75.7
70.8
57
65.5
63.5
53.2
47.2
63.3
61.2
44.2
39.3
37.5
36.2
39.5
46.5
55.3
55.7
53.5
56.8
58.2
58.7
61.3
63.5
68.5
69.7
64.8
66.2
66.5
67
70.5
79.5
80
80.7
75.7
72.3
77.5
79.3
80
75.8
78.5
82
82.2
85.2
91.2
92.7
93.8
88.2
91.2
93.5
90.8
87.2
90.7
87.5
83.3
87.3
88.3
82.2
80.8
80.3
82.3
82
77.5
77.8
77.2
82.5
88.5
91.3
81.5
78.7
80.8
84.5
84
85.5
85.3
83
87.2
91.2
92.8
93
95.7
87.2
63
60
61
62.8
60.3
59.8
61.7
62.8
69.5
76.3
81.8
86.7
88
87.7
89.8
91
91.5
92.8
93
93.3
94
94.3
97.2
81.3
59.5
62.8
60.3
51.2
43.8
46.2
45.5
55.5
66.7
75.5
81
83.3
84.5
85.3
86.7
87.8
89.5
83.2
69.2
67.5
64.7
65.2
61.3
40.8
32.5
37.2
36.3
38.8
39.3
38.2
31.8
33.7
37.3
41.5
47.3
56.3
61.8
64.8
64
68
73.3
77.7
78.7
80.7
82.2
79.5
71.3
57.8
54.5
54.2
46.5
42.5
43.7
42.7
44.7
50.3
54.5
50.8
41.5
37.3
34
34.5
34.2
30
51.7
66.2
70.5
74.5
78.7
81
76.2
50.7
39.2
38
44.5
38.2
39.2
40.3
42
48.7
53.7
62
71
82
87.3
90.7
91
91.8
89.3
85
84.5
86.3
83.2
84
84.7
73.8
61.5
57
54.5
54.5
55.5
56.3
60.8
65.7
75
75.5
80
81.2
83.5
84
83.5
84.5
85.8
87
88
87
88.2
87.8
86.2
83.5
78.2
74.7
73.7
71.7
69.7
69.7
73.7
84.7
86
82.7
78.2
78.2
84.7
88.5
93.3
97.2
98.3
99.7
100
100
100
100
99.5
91.3
90.5
87.5
88
90.7
93
92.8
93.3
94.2
94.3
94.8
93.7
96.7
98
99.2
99.3
99.7
99.8
100
100
100
100
100
100
99.8
71.8
61.5
59.3
58.8
56.8
54.3
55.2
61.7
69.2
80.8
90.7
94.8
96.5
97.3
98
98.7
99.3
99.3
100
99.7
100
100
100
98.7
60.5
55.2
52.5
49.7
48.2
45.3
43.8
52.2
60.5
68.7
78.8
83.5
88.8
90.3
91.7
93.7
93.7
95
96.5
98
97.8
98.7
97.3
66.7
54.2
48.7
45.8
40
37
39.7
46.5
51.5
54.8
64.5
69.7
72.5
75.7
74.8
78
81.2
84
83.8
85.5
88.5
89.5
86.3
77.7
56.5
42.7
44.5
43
36
35.8
35.8
35.8
42
46.2
45.8
57.8
65.7
78.3
82.5
88
90.2
71.3
69.5
82.3
87.7
90.8
90.7
83.7
57.2
47.5
44.3
41.8
44.3
45.8
46
50.5
54.8
59.5
63.7
77.5
87.3
90.5
92.5
95.7
96.3
98.5
98.7
90
93.8
97.3
99.2
100
78.5
57.5
40.2
41
35.7
37.3
42
46
56.3
63.8
69.5
71.7
81.3
75.2
77.3
73.5
70.5
64.3
62
73
78.7
81.7
83.7
68.5
49.2
39.7
35.7
33.3
33.7
33.2
32.8
38.7
43.5
48
51.7
62.5
63.8
58.7
55.2
53.7
54.8
54.5
58
69.7
77.7
81.5
82.5
71.3
55.8
38.7
40
39
38.5
39.5
43
46
50.3
54.7
59.5
63.2
70.8
68.8
67.7
63.3
52.2
60
49.7
47.8
53.7
54.2
48.5
42.5
48
46.5
45.3
40.2
38
36.7
37.2
39.2
43.7
46.7
60.3
69
73.3
75.2
79.2
81.5
84.2
88.5
91.7
95
95.3
95.7
98
82.2
57.8
52
47.3
42
40.8
42.2
42
43
50.7
64.7
73.5
79.5
83.7
88.2
92.5
94.5
96
97.5
98.3
99.3
99.7
100
100
100
76.8
56
49.2
45
41.3
38.7
38.8
39.8
47.7
63.3
71.3
76.7
77.8
84
89.5
93.7
96.5
96.7
97.5
98.7
99.7
100
100
100
79.5
63.5
58.2
53.3
49.3
47.5
45.5
46
51
62.8
71
79.5
82.3
82.5
84.8
87.2
88.7
82.8
83
84.8
86.2
88
89.7
90.5
91
82.5
71.2
67.3
64.3
58.5
56.2
58.7
62.5
65.7
69.5
72.7
66.8
68.3
69.2
76.5
83
86.7
87.7
85.3
80.5
68.2
75.2
75.5
68.8
64.2
61.3
60
53.3
34.2
30.2
36.3
44.2
51.2
57.2
70.2
81.8
59.7
50.3
55.8
61
67
70
71.7
77.3
67.3
60.3
58
55.7
51.7
44.8
42.3
39.5
33
30.8
34.2
43.5
55.5
65.8
70.2
68.5
71
74.7
79
77
78.7
79.5
82.5
84.8
82
84.8
64.2
47.7
40.8
37
34.2
35
35.3
35
35
39.7
48.3
54.8
65.3
70
72.3
74.3
75.3
77.3
79
81
70.7
73.5
78.7
77.2
65.7
52
NA
42.7
41.3
40.8
41.5
41.3
43.8
46.8
52.2
54
54.5
57.8
60
60.5
41.5
41.2
42.5
45.3
45.8
44.2
45.5
46.2
32.2
27.5
31.3
30.5
28.2
28
28.2
28.2
28
31
40
46.7
52
55.3
57.2
61
64.8
66
68.7
72.2
72.7
75.2
75.2
76.3
55
38.3
36
34.2
32.7
31.5
30.7
30.7
30.7
34.5
42.3
47.7
55.5
60.7
63.3
67.7
71.8
74.5
76.2
78.3
82.8
84.5
84.8
80.7
61.2
49.3
40.8
38.7
39.2
35.7
33.3
30.8
31
35.2
37.7
37.8
42.7
47.2
53.8
58.2
63.3
67.5
69.7
73.5
73.2
73.8
76.3
75
67.7
52
42.8
40.2
34.2
30.7
29.8
31.7
34.8
39.2
46.5
52
42.5
43.5
49
47.2
43.8
41.3
42
43.3
57.8
70.2
76
79.2
57.3
45.7
43
42.8
41
40
39.8
39.3
40.7
43
45.7
46.7
46
48.7
54.3
51.5
61
72.8
77.3
82.3
87
87
89.8
93.8
68.8
49.8
45.3
43.8
42.2
40.5
38.7
37
37.5
40.8
51.2
60.8
69.7
77.3
82.5
86.3
89.2
91.3
94.2
94.5
95.7
96.3
96.3
99
76.8
52.7
45
41.5
41.8
41.7
40
37.8
38.7
43.2
48.3
47.3
47
47.8
51.7
51.2
57.3
72.8
81.7
86.8
91.7
93.7
95.8
97
80.8
59.3
51.8
48.7
45.7
43.8
42.8
42.7
43
47.5
57.5
68
75.7
80.2
85.8
80.7
79.8
82.3
86.5
88.7
92.7
93
96.3
98.5
81.8
67.2
61.7
53.8
47.7
44.8
45.7
47.8
49
52
58.3
65.2
71.3
75.4
75.7
76.5
73.3
77.3
81.2
86
90
94.2
98.3
99.5
87.5
87.8
83.8
76.5
65.7
61.2
61.3
60.7
62.3
61.2
62.7
64.3
66
66.2
64.2
63.7
67.8
71.7
68.7
69.7
69
69.7
73.7
77.5
83.8
82.8
85.7
79.5
70.8
61.2
56.2
61.5
82.3
67.7
78.2
84.5
91.2
89.5
88.5
92.7
96.8
97.8
95.5
98
99.7
100
100
100
99.7
66.3
58.3
52.2
46.3
37
38.7
37.8
35.7
43.8
52.5
57
60.5
74.8
83.5
80.5
77.7
77.3
79
81.8
82
81.7
78.7
82
64.3
54.3
51.2
44.8
39.8
38.2
36.3
33.7
34.3
37.8
47.2
51.5
65
73.5
77.7
79.8
81.2
83.7
88.5
89.8
90.7
92.3
92
95.3
64.3
49
44.3
38.3
35
32.5
27.3
27
25.7
27.3
36.2
47.8
60
63.7
68.7
71.3
66.3
72.7
80
83.5
84.7
87.7
88.2
84
54.7
42.7
39.7
37.8
36.2
36.5
37.5
32.8
30.2
35
41.8
49.7
60.7
70.5
76.2
80
79.3
77.5
85.3
85.7
89.8
85.7
85.7
83
65.2
54.3
47.7
46.3
43.5
42
40
35.7
36
40.3
62.7
84.5
59.7
75.2
78
79.3
80.8
80
84.7
89
92.5
93.5
96
94.5
65.3
48.3
39.2
34.8
32.7
32.8
28.7
27.8
29.3
37.8
42
55.5
68
70.5
74.5
77.2
77.5
73.2
77.3
84
83.5
83.3
85.5
76.8
49.8
38.2
34.5
34.5
31.3
29.2
29
27.5
27.3
29.3
38.3
51.3
58.8
65.5
69.3
71
75.8
78.5
80.5
82.5
79
77.8
65.2
42.5
37.8
38.3
35.3
31.5
28.7
27.2
28.3
28.8
30.3
33.3
40.8
51.3
63.7
70.2
75.2
76.3
79.3
80.2
82.2
82.2
82
81.8
81.8
76.2
46.7
37
34.2
31.3
31.5
30.7
29.7
27.2
27.5
28.3
32
32.3
33.2
37.2
41.8
46.7
50
63.7
71.8
75.8
79.8
84
83.8
75.3
49.3
39.2
38.2
35.5
29
28.3
25
22.5
21.8
23.2
29.5
30.5
35.2
28.7
23.2
32.3
28.3
40.3
47.7
54.2
56.8
60.2
62
55.5
42.2
37.2
30.8
24.7
23.5
23.8
23
23.5
23.2
22.7
28.2
28.7
30.3
45.2
51.2
54.3
53
52
57.8
63.2
65
69.7
69.5
66.8
54.8
32.8
29.5
32.7
32.8
29.2
27.7
29.3
24
26
43.8
58
61.7
69.8
78.8
80.3
82
87.2
88.8
89.7
95
96.7
94.5
73.7
72.3
69.2
68.7
54.8
56.7
57
51.5
48.2
49
50.5
48.7
45
47.5
48.2
39.7
33.5
34.2
37
35.8
29.3
38.3
47.2
47.3
37.7
36.3
30
29.2
29.8
29.3
30.8
34
32
34.5
37.3
43.3
52.7
58.2
62.5
55
56.2
55.2
59.7
65.7
73.3
73.3
73
76.8
66.2
54.5
48.2
45.5
42.3
42.2
42.2
42.7
46.3
51.8
56
63.3
68.7
71.5
82.5
83.3
83.8
85.3
83.8
77.2
79.3
85.2
85.7
87.8
87.6
87.3
79
74
69.3
62.8
63.5
76.2
88.2
94.5
98.2
91.5
90.2
90.3
87.5
95
98
93.2
87.7
96.2
98.7
98.2
94.5
90.2
80.5
84
85.5
87
92.5
94.8
89.8
79.2
70.3
75.3
76.3
81.7
86.7
72.2
78.2
82.5
86.8
90.3
95.2
98.2
99.8
100
100
100
100
95.3
83.7
75.5
61.3
59.5
55.2
53.3
53.8
54.2
58.7
66.7
71.2
66.3
65.7
67.8
75
75.2
73.3
76.3
77.5
80.3
85.7
91.7
80.7
76.5
72.2
69.8
62.3
62.2
64.7
80.5
83.8
82.7
93.2
98.3
80.8
68.8
86.3
88.2
95.2
99.7
100
100
100
99.8
87.2
84.3
78.2
69.8
67.3
64.2
78.5
83.5
79
78.5
68.2
65.7
68.5
73
78.7
80.2
84.7
90.5
94.5
94.5
73.2
83.2
89.5
93.2
60.2
56.5
59
52.3
46
43
41.8
42.2
40.7
42.2
41.2
41.3
45.7
52.2
61.2
57.5
53.2
55.7
59.2
60.3
54.8
52.5
53
60.7
52.8
54.5
50.7
49.2
48.3
47.5
46.2
48.8
51
51.5
53.3
59.3
65.3
69.7
78.2
88.3
80.2
81.7
87.8
88.8
94.7
97
85
87.2
89.7
87.7
83.5
77.2
71.7
70.8
91
86.5
76
67.8
91
95.5
95
95.7
95
95.3
93.5
95.5
98
97.2
98.3
99.8
100
100
100
100
100
96
69
59
50.7
50.3
46.3
39.7
29.8
31.2
45.5
56.2
60.3
64.8
76.8
77.2
70.2
66.3
63.2
60.7
60
73.3
84.8
87.5
81.7
69.3
68.2
65.7
58.8
58.5
66.5
74
79.8
82.5
85.3
81.8
70.7
65.3
70.7
85.3
91
86.8
91.3
93.5
94.7
96.3
97.8
99.8
96.5
75.8
68
67.7
65.7
72.7
74.5
76.2
77.2
73.8
73.8
78
84
87.8
87
90
96
98.7
98.7
90.3
84.8
89.3
96.2
94
88.5
88.2
85.5
84.2
82.8
83.2
81.3
80.5
78.5
74.7
72.3
76.5
87.8
91.8
93.5
94.8
97
98.5
99.3
100
100
100
100
100
100
93.3
76.3
69.8
66.3
60.7
60.5
58.5
59.7
65.2
67.8
71.8
76.5
78.8
83.3
84.8
86.7
86.3
82.7
86
92.5
95.5
96.3
96.7
55.2
49.2
57
54
51.7
44.7
43.3
43
42.5
42.3
44.3
51.3
60.3
56.8
53.8
53.7
52.3
52.3
51
53.7
54.7
51.5
51.8
49.7
48.3
46.8
45.8
48.8
49.2
49
50.5
66.8
64.3
61.2
72.3
83.2
84.3
86
93.3
95.7
96.2
97.7
98.2
100
99.3
82
78.3
76.3
69.8
64.2
65.2
62.7
60.8
65.5
62.7
67.8
73.8
77.3
80
78.2
81.5
85.5
85.7
83.3
83.8
93.3
95.2
96.8
98.5
99
99.2
99.2
95.7
94.3
93
94.8
95.3
93.2
73.2
62
60.5
57
55.2
62.3
71.8
81.7
91.5
95.3
97.2
95
96.5
98.5
99.8
100
100
100
96.3
64.7
59
53.5
47
44.5
41.8
43
43.3
59.3
61.8
53.3
58.2
57.7
58.2
57.8
59.2
59.5
61.7
63.2
65.7
66.2
64
62.3
60.7
60.7
58.7
55.3
54.2
76.2
62.7
50
51.5
50.3
49.2
51.2
50.8
52.7
61.7
55.2
47.3
53
52.8
53.3
56
63.3
60.5
60.2
61.3
57
50.3
51
54.5
50.8
51.3
55.2
57.2
57
56
60
63.3
60.5
60.8
63.8
70.8
73.2
68.2
75
80.5
84.8
88.3
90.2
93.3
93.7
96
93
81
66.5
53.2
49.2
49
46.5
55
66.8
74.5
69.8
62.7
54.5
71.3
83.8
88
94.3
97.7
99
99.8
100
84.7
65.8
60
56.7
47.3
47.5
46.7
43.3
41.8
39.7
41.7
51
54.2
51.2
48.8
61.7
72.7
78.7
81.2
81.3
87
88.8
89.2
86.8
62.5
47.2
40.5
40
39.3
38.5
36.2
36.8
35.5
35
38.7
42.7
51.8
56.5
63.3
76.7
83
82
86.2
91.5
94.8
96.7
97
88.2
68
57.2
49.2
46.3
41.8
41.2
40
39
37.8
39.5
42.2
48.2
66.7
80.2
85.3
88.5
88.2
94.8
95.2
97.8
99.2
100
100
100
80.7
54.5
52.7
48.2
41.7
40.7
41.5
43
41.8
40
39.5
42
39.5
40.7
45.5
47.2
48
50.8
57.3
72.5
75.3
79.7
56.8
51.2
48.2
58.7
69.5
76.3
83.5
60.2
56
53
54.8
54
52.8
52.7
54.5
65.8
70.2
75.3
83
85.7
87.8
89
89.3
90.5
94.5
92.8
77
59.8
54.8
56.2
58.8
60.2
67.7
84.2
96
95
85.3
94.5
75.5
78
85
90.2
70.8
73.3
86.5
88.8
85.7
94.7
97.5
98.5
97.5
79
64.3
53.2
47.3
44.7
42.7
49.3
61.7
86.5
97.2
92.8
88
72.7
72
69.5
75.3
80.7
88.8
93.5
91.2
85.7
79.2
70.2
65.5
62.2
62.7
61
58
56.5
55.5
54.2
55
52.5
51.5
56.8
63.7
68.3
71.2
74.3
82.5
80.2
82.2
90.3
88.7
91.5
90.3
89.5
75.3
70.5
65.3
62.7
60.2
57.5
51.7
47.8
44.5
44.8
45
46.3
54.5
59.3
66.8
70.5
76.3
82.3
85.7
83
85.5
85.8
86
72.8
65.8
62.5
59.5
56.7
54.8
53.2
50.7
49
48
45.8
46.7
53.5
60.8
59.5
67
70.3
71.5
70.8
70.2
77.2
83.3
84.3
85.8
84.5
71.5
65
60.7
53
52.3
75.2
82.8
71.8
85
83.2
90.2
79.2
85.7
91.3
97.3
99.3
99
84.3
78.3
73.8
71.7
69.2
66.7
67.5
62.5
64.5
62.2
57.2
74
74
65.8
64.3
57.3
62.2
83.8
88.7
92.7
96
98.8
100
100
100
100
100
100
100
100
100
92.8
64.3
59.6
58.7
56.2
52.5
48.2
46.5
46.2
47
50
53.7
60.2
63.3
63.5
62.2
61.2
61.3
60.5
64
70.2
74.8
85.7
73.2
49.3
46.7
46.2
44.7
43.3
42.3
41.5
40.8
39.8
43.5
48.2
53.2
60.7
60.2
59.8
70.8
72.5
78
84
85.7
86.7
85.7
91.5
87.5
71.5
60.3
54
56.2
55.2
51.3
46
44.7
44.5
46
45.8
48.5
61.2
69.8
76.8
85.3
88.8
89.2
92.7
94
96.5
98
99.7
94.3
68.5
56.2
51.5
51
48.3
45.5
42.2
41.3
39.8
39.3
40.3
48.7
64.7
75.2
80.8
84.7
87.7
88.2
92
94.5
96.5
98
99.5
88.3
67.3
58.3
47.8
47.7
45.5
43.8
44.5
43.2
41.2
39.3
39
44.7
62
69.3
73.7
82.2
86.3
91.3
94.3
95.5
96.3
98.7
100
92
66.8
54.8
46.8
47.8
47
45
45.5
47.3
47.3
47.3
47.5
50.8
62.5
74
80.2
78.3
58.8
61.7
56
50.3
53.8
69.7
80.8
90
93.7
89.3
88.3
86.7
78.3
79.7
75
66.8
61.3
57
56.3
62.2
69.2
89.3
94.5
91.7
86.3
87
89.8
93.2
88.5
82.3
82.8
78.3
61.2
59
53.5
48.5
46.3
43.5
41.7
40
38.2
37.7
39.8
42.2
52.2
51
49.8
47.3
47.2
46
47.3
57.5
75.2
84.8
87.5
72
45.3
38.7
38
37.8
38.8
38.5
38.8
38.7
35.2
34.2
35.5
40.2
54.8
58.7
72.8
91
78.8
76.8
85.8
87.5
86.5
88.7
91.3
79.2
72
63.3
48
37.2
32.8
30
25.8
17.5
27.5
14.2
23.7
40.8
53.7
66.5
65.7
75.3
79.7
80.8
84
87.8
87
93
95.3
79.2
53.2
44.2
33.5
28.2
25.3
22.8
21.7
20.5
20.3
20
20.7
22.8
39.3
51
55.7
59.3
41.5
38
38.3
33.7
31.8
32.8
32.3
33.2
30
32.7
27.8
25.7
32
40.5
43.2
38.3
34.8
31.8
32.3
35
52.2
61.5
69.8
76.3
81.7
79.8
70.8
75
82.3
87.8
91.8
78
59.2
52.7
44.7
40.7
37.7
35.7
36.3
38.5
48.2
50.8
54.5
56.8
56.7
62
67.2
72.2
77.8
83.7
86.2
86.8
86.5
88.2
91
82.2
70.5
67.8
54.8
55.3
69
84
74.3
71.7
72.2
75.3
76.7
89.3
93.3
93.5
94.8
95
97.3
91.8
91.2
89.3
93.7
92.5
94.8
93.3
93.8
95
91.8
83.8
82.8
92.8
93.8
82.3
85.5
85.2
80
88
91
88.2
97
98.8
99.2
99
98
97.5
99
100
100
99.7
78.8
66.5
66.8
64.7
60.8
58.5
56
54.2
54.3
57
62
63
64.3
66.5
74.2
80.8
79.2
77.3
87
90.5
93.2
94
95.2
93.8
84.3
66.2
59
54.2
51.8
46
46.2
45.8
43.3
44.5
42.3
54.3
66.3
70.2
82.5
88.2
90.2
90.5
90.8
92.5
92.5
88.7
89.8
75.7
61.8
51.2
45.5
43.8
47.8
45.2
41.7
36.3
48.8
64
41.3
36.8
48
71.5
79.3
81.8
81.5
57.3
58.3
57.3
54.5
66.3
62.8
55.7
50.7
44.3
44.2
43.2
41.3
43.7
44.5
48.3
49.2
48.3
48.7
47.2
48
48.8
49.2
51
57.7
59.2
55
52.5
69.8
78.5
79.7
72.5
65.8
56.3
54.3
48.2
45.8
47.2
49.5
68.8
73.5
54.7
47.3
51.5
60.8
60.8
58.3
55.2
56.8
57.7
54.5
57.8
70.7
66.5
66.5
69.8
58.7
51.5
41.5
31.2
31.2
29.7
29.8
30.7
31.3
33.2
37.8
40.8
42.7
47.7
58.5
64.8
73
60
68.2
76.8
82.7
78.5
81.7
75.3
59.5
53.2
48
45.5
43.8
42.3
42.3
43.3
41.7
39.7
40.7
45.5
54.2
66.8
72
76
80.8
84.3
87
90.5
92
94.2
96.8
83.5
63
58.3
57.8
54.2
50.2
45
39.8
36.3
32.5
32.2
37.2
46.2
54.5
53.7
56.3
60.7
68.8
72.5
76.8
82.7
85.7
87.5
90.2
72.7
60.7
43.2
39.7
37
38
36.7
35.2
35.2
36.3
35.8
36.2
40.2
51
60.2
71
75.5
77
82.2
84.3
80.8
74.8
81.2
83.7
75.2
69.8
61.7
53.7
51.8
51.3
51.8
47
44.2
44.2
46.5
48.3
53.5
61
67.2
73.8
79.7
78.2
75.5
84.5
77.8
73.8
74.5
73.5
73.3
69.8
68.5
70.7
66.8
59.3
55.8
52
49.2
49.2
48.5
50
51.8
57.2
62.5
63.8
67
67.8
68.2
74.7
79.8
83.7
85
81.7
68.5
65.3
58.7
55.3
54
53.5
48.2
47
48.7
47.5
48.2
49.2
48.3
58.2
62.2
64
67.5
72
76.5
79.8
78.2
80
82.2
83.3
80.2
73.3
66.8
61.7
56.3
54.8
49
47.7
47.2
53.2
47.3
50.7
55.3
56.8
53.8
58.3
61
66.5
65.8
62.3
60.2
62.7
67.2
85.2
90.5
97
100
98.7
97.5
93.3
84.2
68.2
68.8
66.8
58.8
59.5
57.8
70.2
82.2
91.2
95.2
96.2
98.2
99
99.8
99.5
99.3
100
93.2
70.7
63.2
61.7
57.5
58.2
51.8
50.2
46.3
45.2
44.2
44.5
46
59.2
72.8
79
61.8
58.8
64.3
67
64.2
59.8
57
54.2
49.7
50.2
51.7
52.7
54.7
52.5
50.5
49
47.3
47.3
49
51.7
53.2
58.3
67.8
71.3
73.3
71.8
74
74
77.2
80.3
82.8
86
80.5
70.8
65.5
63.5
60.7
58.7
55.3
54.7
53.7
54.7
53.3
55.8
58.3
64.3
76
83
87.3
90.8
94.5
94.3
90.2
91.2
96
96.2
83.5
68.8
71
77
82.8
81
89
94.5
97
90.7
80.8
61.5
62
65.3
66.3
67.7
78.7
88.7
92.2
95
94.2
86.8
86.8
86.8
86.7
79.8
73.2
67.5
67.8
66
60.7
57.2
52.2
52
51.8
58.8
63.2
70
67.2
64.8
65.5
69.8
74.3
76.5
79
75.7
76.7
76
64
51.8
54
56.3
54.5
51.7
52.7
51
52
50.5
53.2
54.5
54.8
58.2
75.5
86.5
89.2
92
92.7
93
94.2
90.2
90.3
89
88.7
84.7
81.2
84.7
74.7
62
57.8
58.2
49.5
47.5
50.3
61.5
57.5
62.2
61.8
62
67
70.5
66
64.7
63.7
62.5
81.2
84
82.2
79.8
80
77
65.8
61.8
54.7
52.3
63.5
61.8
56.3
50.5
50.2
55.5
56.3
57
61.3
62.5
69.2
87.2
94
97.5
98
99.7
84
62.7
57.2
49.8
45.8
42.8
40
38.8
39.8
35.2
37
56.2
43.5
47.8
64.8
70.8
78.3
74.5
58.5
57.3
71.8
87
92
93.3
75.5
62.2
55.7
50.5
46.8
44.8
45.3
43.7
43
41.7
38.8
38.3
41.7
49
56.2
57
62.8
75.3
83.7
88.7
90.8
93.8
94
96.7
78.7
58.7
52.2
47.7
46.3
44.2
41
40.7
39.5
37.7
36.8
36.3
36.3
49.3
65
75.7
79
78.7
57
65.2
79.3
84.2
88
90.7
71.7
55.2
51.3
43.8
42.8
41.8
41
40
36.7
36
32
31.5
32.2
49.7
62.5
69.7
76.5
78
78.3
78.8
83.8
86.8
89.3
90.3
73
57.2
52.3
46.3
42.8
43
40.8
39.7
38.5
36.2
35.7
36.7
39.2
51.8
65.3
72.5
77.8
77.5
55.5
58.5
73
79.7
84.8
87.8
71.3
57
51.3
43.7
41.8
36.8
36.8
37.2
36.7
37
37
38.7
41.3
50.5
50.3
52
52
61.8
75.2
76.3
81.8
87.3
90.7
93.5
75.8
63
55.7
50
45.2
43.2
39.5
36.7
36.5
34.7
34.8
29
30.2
47
55.3
62.8
64
69
71.7
68.3
71.5
73.7
78.7
81
69.5
55.7
50.2
49.5
45.7
44.7
39.7
38.5
40.2
38.5
39.8
45.3
42.8
53.3
52.2
56
64.3
66.8
70.2
70.3
71.7
71.2
74.3
75
68.5
49.8
43.8
42.3
42.8
40.5
38.2
36.5
35.5
34
34.3
33.5
39.5
48.7
53.5
59.8
64
67.8
72.2
77
81.7
88
92
94.8
81
67.2
56.8
49.8
36.8
32.7
34.2
34.7
33.2
35.8
30.2
32.7
34.2
45.2
51.8
61.8
51.7
50.2
53
54.2
51.5
49.7
59.3
57.8
61
52
46
45.2
43.2
41.8
40.5
49.5
41
40.5
40.7
41.5
44
43.5
42.5
42.5
44.7
49.8
63.2
69
74.3
80.2
83.8
82
67.5
57.3
52
47.3
44.5
42.7
40.2
40.5
39.3
39.5
41.8
44.3
48.5
52.7
55.7
57
60.5
59.7
56.7
54.3
57.3
71.2
79.3
80.5
76
60.5
51.8
51.2
49.5
50.7
48.8
46.7
47
47.3
43.3
42.7
43.8
49.5
58.3
60.8
57.5
62.5
67.5
74.8
75.2
70.5
60.3
59
55.5
53
50.2
43.7
43.3
41.3
40.7
37.2
36.2
39.2
39.5
41.7
43.8
50.7
60.7
65.2
63.7
70.7
58.2
56.8
53.7
66.2
72.7
76.8
63.8
53.5
47.3
47.3
44.2
44.3
43.3
41.8
42.3
40.3
39.2
39
41
47.2
51.3
54
52.5
49.7
44
38.8
36.8
37
49.7
59.3
51.8
39
34.7
34.2
34.3
35.3
36.8
37
36.7
37
38.3
40.2
43.3
49.5
57.5
64.3
69
60.7
61.5
64
73.3
77.2
81.5
78.5
68
59.2
53.8
48
46.5
46.5
44.8
43
40.2
35.2
37.2
36.7
39.3
47
59.2
65
64.5
68.3
72.7
75.7
76.2
68.2
74.3
80
70.5
57.7
51.2
49.3
47
46.3
40
30.3
30.2
29.5
27.2
30.8
35.3
44.5
52.8
59.8
65.2
70.3
73.5
76.2
76.3
78.8
80.2
78.5
68.2
49.7
43.8
44
41.5
36.8
33.7
30
27.8
29
30.8
30.2
32.2
38
43.2
52.8
50.2
43.3
42.3
49.3
51.8
47.7
50.2
50.8
53.3
49.7
46.8
46.2
46.3
46.8
46.7
59.5
59.2
54.2
51
50.7
52.7
53.7
54
58
61.5
63.5
59.8
57.8
62.7
65.7
66.3
69.5
70
68.5
64.3
61.2
54.5
51
47.8
46.7
42.8
40.3
39.8
40.8
42.2
45.8
52.7
57.8
64.5
70.2
78.8
83
85.7
88.8
89.2
89.3
71.7
57.2
52.8
49.2
46.7
43.3
42.2
42.2
44.2
41
39.3
39.8
47
50.8
72.2
72
63
63.7
71.3
86.2
93
84.5
98.7
92.3
87.2
76.7
61.2
55.3
47.3
47.3
46
44.5
43.3
41.7
46.3
45.3
44
52.5
65
69.2
78.2
84
87.7
71.7
89.5
98.8
97.5
93.2
99
89.8
76.2
72.3
55.2
53
48.7
49
50.5
51.7
56.8
58.5
56.3
61.3
63.8
68.8
71.7
64.5
73.3
80.8
83.3
88
91.8
94.2
81.5
66.3
64.2
61.3
59.3
57.5
55.8
52.3
45
41.3
43.3
40.2
41.7
49.3
58.8
66.7
73.3
80.7
83.7
85.3
88.3
91
93.8
95
81.2
59.5
53.3
49.7
47.5
43.8
37.5
33.5
32.2
32.2
31.2
32.7
36.3
46.2
55.5
60.5
66.2
70.7
71.8
68.2
68.8
66.7
74.2
81
67.7
55.8
54
52.7
54.3
52
48
46
47.3
44.7
45.7
42.2
42.3
47.2
56.3
68
73
79
81.2
82.7
85.3
83.7
85.5
84.5
73.5
62.8
59
58.7
50.5
47.5
46.3
45.2
44.7
42
38.2
37.2
47.5
54.8
61.2
52.3
58.5
65.7
70.8
79
79
85.7
89
90.5
81.2
69.7
64.3
60.2
56.7
58.5
55.5
52
48.2
46.8
45.8
46
49.3
55
58.8
58.5
74.7
80.5
85.2
86.7
88
92
93.5
74.8
65.3
59.7
52.8
47.8
47.7
46.3
46.2
45.3
44
40.8
40.2
37
37.7
46.3
60.5
69
76.5
73.2
59.2
61.3
61.5
66
70.3
75.5
77.5
72.8
66.8
62.3
54.2
50.7
51.3
49.7
47.2
44.5
43.3
41.5
44
50.8
57.3
61.7
64.7
64.3
63
62.3
60.8
62
62
62.7
59.8
57.2
55.7
56.5
57.3
56.3
53.7
51.8
50.7
48.3
47.7
52.8
51.8
56.7
63.7
68.7
74.7
79.8
81.8
83
84.3
86.8
90.2
90.8
81.2
66
54.8
61.3
52.3
51.3
49.5
52
48
41
42.2
45.7
45.8
50
54.3
56.3
55.3
55
71.8
74.5
74.5
74.7
66.8
71.7
69.3
60
55
47.2
40.2
37.3
36.7
35.5
36.2
34.8
37.2
35.3
36
43.8
55.5
64.7
68
73
78.3
75
71.5
77.2
78.2
78
69.7
53.5
41.7
37.7
38.2
38.3
36.3
36.5
37
37.3
37.3
38.8
38.8
47.8
60
68.5
70.3
75.3
77.3
64
58.3
60.3
63.7
69.3
65.8
51.8
43.3
43.5
43.3
42.3
42.3
38.2
35.8
32.8
32.2
32.3
36.3
47.5
60
66.2
69.5
72.5
65.3
57.3
59.7
72.7
80.8
85
73
56.3
48.5
47.8
47.2
45.7
44.2
39.5
33.3
34
35.8
37.2
41.2
45.3
50.5
55
54.7
58.2
62.2
63.5
69.5
78.7
81
79
77.7
61.8
58.2
57.5
49.5
43.8
39.8
39.8
37.5
38.5
40.5
43
46.5
50.2
55.7
60
55
65.5
69
73
71.2
79.2
83.2
80.2
76.5
75.2
79.5
97.5
82.3
66
61
56.7
52.2
44.2
42.3
47.8
46.5
53.7
68.3
66.7
67.5
71.5
67
81.2
88.5
92.3
93.3
88.5
79.8
58.2
50.8
46.2
35.5
38.3
39.3
41.3
40.7
46.3
67
57.2
74.3
69.8
82.8
85.8
84
85.5
86.7
87.5
87.5
86.6
84.2
76
74.3
66.7
65.2
64
48.2
43.3
38
36.2
36.5
37.5
39
39.2
42.3
47.5
60.3
71.5
78.7
76.5
78.3
85.3
89.2
87
85.7
87.3
84
62.7
48.2
41.7
42.8
40
38.5
40.8
43.8
42.7
50.2
49.8
56.7
61.7
68.7
72.2
74
75.2
83.5
88.7
90
92.5
94.2
96.2
87.2
63.5
55.2
55.3
52.2
50.5
49.2
50.2
47.5
47
51
52.2
62.8
72.5
74.8
79.5
85.2
89.3
83.7
89.2
94.3
97.5
99.5
100
92.3
69.7
63.7
54.5
52
50.5
48
46.2
45
43.5
42.2
41.2
43.3
58.7
71
78.5
80.3
82.5
87.2
87.3
88.3
89.2
91.8
94.7
86.5
65.3
51
50
49.2
46.3
47
43.5
42.7
40.3
36.8
35.5
44
50.2
55
66.5
69.3
75.5
79.5
82.2
82
83.2
84.7
87.5
80.7
64.5
58.2
60.2
60.7
51.5
43.2
40.7
38.3
34
32.5
32.7
38
47.8
51.8
45.7
43.2
50.5
59
65
72
79.7
78.8
74.3
76.7
63.3
55.7
52.7
52.3
50.7
49.3
46.5
42.8
40.8
39.8
40.8
39.5
50.7
66.2
72.8
74.8
75.7
79
76.2
77.5
84.8
88.3
88.2
82.3
72.5
55.8
52
47.5
45.3
45.8
45.5
43.2
42.5
43
42.8
45.7
55.3
65.7
67.7
57.2
51.7
51.3
53
59.7
55.3
54
63.8
71.3
62.5
57.3
51.5
50.5
47.5
43.7
41.3
39.5
40
41.5
42
42.8
47.8
53.3
60.7
65.8
71
75.2
78.7
82.7
85.3
84.2
82.8
77.7
59.3
52.2
43.5
36.5
36
35
35.7
34.7
33.7
32.8
32.8
35.8
49
57.8
64.8
65.8
70.3
70.8
72.5
71.7
70.3
74.2
76.8
73.5
57
49.2
42
34.3
31.2
32.8
NA
31.5
29.8
29.5
32.3
36
49.2
61.7
65.3
64.3
48.3
44.5
40.3
48.3
64.2
69.8
75
69.8
55.2
50.3
46.2
41.8
39.5
38.3
37.8
36.3
33
32.5
33.8
37.7
51
61.8
68.8
73.7
71.5
53.3
51.2
46.5
45.5
45.8
70.3
74.2
62.3
55.3
51.8
48.7
44.7
41.5
37.8
35.7
35.7
36
36
42.3
49.7
56.7
60
50
43
40.3
41.3
48.7
67.7
76.3
81.8
79.5
61.3
54
50.8
47.2
44
41
38.7
37.8
35.2
32.5
33.3
42.7
52.3
60.2
55.8
50.2
52.2
54.5
57.3
64.8
78.5
81.5
80
79.3
63.5
56
52
50
45.5
46.7
50.7
50.7
50.2
50.2
41.7
52.8
54.8
55.5
58
60.7
62.2
65
66.8
67.5
72.5
85
88.5
85.5
69.8
60.7
55
52
49.3
44.5
38.2
34.5
27.2
22.3
20.8
28.2
42.2
50.3
56.3
61.8
65.7
67.3
67
65.2
72.8
77.2
77.8
75.7
53
46.2
43.2
40.3
40.2
40.7
36.5
35
33.7
33.3
31
35.3
48.5
62.7
67.8
73.2
70.3
46.5
48.2
63.3
71.3
75.5
79
75.8
54.8
48.8
45.3
40.5
37.7
35.8
35
35.8
36.7
38.7
40.7
42.8
53
50.7
50.2
50.7
52.8
58.5
63.5
65.3
61.8
72.5
74.5
74.8
64.5
58
48.3
42.8
38.8
31.7
29.8
30.7
34.2
32.8
35
37.3
41.3
40.7
40.8
40.7
52
63.5
68.5
72.7
73.7
80.7
80.2
72.5
55.7
48
43.7
42.3
40.2
36.2
36.5
33.8
33
31.7
30.5
37
43.3
43.3
42.8
44.7
51.7
55.8
50.5
49.5
51.2
53.2
54.8
59.3
60.3
56
50.7
47.8
47.8
45.7
44.8
42
42.3
42.3
44.5
46.5
51.2
53.8
56.8
59.7
61.5
60.2
54.5
50.2
51.3
60.5
63.7
65
54.5
49.8
48.7
46.8
42
40.2
39.7
40.2
38.7
38.2
39.5
45
53.2
52.7
60
55.3
59.5
62
57.8
58.3
60.5
59
61.5
63.5
61.5
55.7
50.2
43.7
41.7
41
40
39.2
40.5
38.5
39.7
45.5
58
68.5
72.3
73.8
64.7
61.8
53.2
52.5
59.3
66.5
78.3
81
64.2
54.5
48.7
45
45.5
43.8
42.8
40.4
39
37.7
39.6
44
50
52.2
54.2
59.2
67.5
70.7
67.8
71.3
73.3
85.5
90.3
82.5
68
60.8
56.3
44.7
39.2
37.5
37.5
38.8
39.7
40
40.5
47.8
49.8
51.3
55.2
55.5
59.7
62
63.2
63.2
75.7
82.2
84.8
81
68.5
61.5
54.3
51.2
44.8
42
40
39.5
39.3
38
39.2
44.2
53.7
63.2
68.3
72.7
75.8
67.7
55.8
63.8
70.8
80.7
84.2
77
68.7
54.2
45.7
41.5
41
39.2
37.5
35.8
34
34.7
36
40.3
51.2
50
46.7
47.3
41.8
40.5
38.7
49.7
59.3
65.7
70.7
71.8
60.5
47.7
43.3
36.8
36.5
32.3
33.7
33.3
33
34.2
36.2
41.5
50
50.3
51.3
64.3
60.8
49
56.5
67.8
74.2
79
82
80
57.2
45.8
38.8
37.7
36.2
35.7
33.8
33.3
31.7
30.2
32
40.3
52.7
62
66.2
70
72.8
72
72.3
73.2
74.5
79.3
82.8
81
61.7
49.5
42.7
39.5
39.2
38.3
36.8
35.3
34.5
34.5
38.8
47.5
55.3
61.5
68
69
44
43.7
57.5
61.5
63.8
68.2
71.3
72.7
61.3
51.3
46.7
43.5
39.8
37.5
35.8
34.2
32
32
34.2
38.8
47.8
56.3
59.3
41
36.8
47.8
46.8
51
59.8
62.3
66.5
68.5
55.8
45.5
42.8
39.8
37.8
37.2
35.8
33
32
32
35.3
40.3
44.8
51.8
59.5
62.8
57.7
48.5
53.8
52.5
63
71
76.5
77.5
62.5
51.5
46.7
44.8
43
40.2
36
34.2
33.8
34.8
37
42.2
43.2
43.5
44.7
45.8
48.8
55.8
66
72
75.5
78.8
81
80.8
63.2
49.5
45
40.7
35.3
33.7
31.7
31.8
31.7
34.8
35.5
39.5
42.8
44.7
45.3
48.2
52.8
55.7
59.7
64.5
65.7
66
64.5
65
66.3
66.2
58.8
54
53.7
48.7
46.3
33.2
16.3
17.8
28.3
42.7
43.7
45.8
61.2
65.2
67.3
61.8
62.8
59.5
63.5
70
77.7
80.8
60.2
44.8
31.3
26.7
25.2
24.8
25.7
25.2
23.8
22.7
24.5
31.2
44.3
45.8
40.2
45.5
50.8
41.7
41
44.3
40.3
48
58.7
63.8
49.5
36.8
27.8
28.5
29
29
27.3
27
28.3
31.5
33.2
36
41.3
44.3
51.5
55.5
60.7
64.3
66
67.5
70.3
74
76.7
75.2
55.3
41.7
37
36.5
34.8
32.3
31.7
30.5
28.8
29.5
30.3
41
51.2
52.3
50.3
57
60.5
62.7
65.2
67.7
66.5
68.7
73.3
73.7
58.3
50.5
40.2
35.8
42.7
45
44.3
50.3
53.2
56.8
55.3
64.5
81.5
90.3
96.3
98.8
98.5
99.5
100
100
100
99.7
100
100
100
95.7
91.8
91
96
85.3
86.5
70.2
60
64.2
67
68
75.7
85
83.8
90.3
87
89.7
95.8
92.5
97.5
100
99.8
98.3
93.2
95.3
93.2
86.7
78.3
66.7
64.3
58.8
77.3
88
93.5
97.7
95
93.2
99.8
100
100
100
100
88.7
94.3
99.5
100
100
93.3
81.5
75.3
69.2
62.5
55.5
57.5
58.2
59.8
62.3
65.3
70.8
71.8
76.5
88.3
95.8
94.8
95
95
95.7
94.3
92.8
95.3
96.7
87.2
78.5
67.3
82.5
93.7
87.7
79.3
73.2
72
79.3
76
75.2
84.8
96.8
100
95.5
97.7
98.5
92
98.2
100
100
100
100
89.2
86.3
91.2
78.3
75.5
70
67.2
63.3
69.2
68.8
75.2
82.7
87.2
95
98.8
100
100
100
100
100
100
100
100
100
99
78.8
69
55.7
60
59.5
59.7
59
59.2
66
68.2
77.5
83.8
91
92.8
89.8
92.8
95.5
95.2
97
97.2
95.8
98.5
99.8
90.2
65.2
57.8
53
48.8
42.3
41.2
40.3
40.5
42
45.7
61.7
74.8
82.3
85.7
91
93.7
93.3
91.7
96.5
98.2
99.2
100
98.2
68.8
61.8
56.7
53.5
50.3
45.7
45.5
44.8
43.8
44.3
46.2
62.3
74.7
81.3
84.8
87.7
92.5
80.8
81
87.3
96
99.2
100
100
96.8
71.2
61.7
57
54.7
50.8
43.2
43.3
38.8
39.5
43
61.3
68.7
78.5
85.8
88.2
90.8
94.2
95.8
97.8
98.7
100
100
100
88.3
63
55.3
52.2
47.5
45.3
42.2
39.2
38.5
38.2
41.8
58
61.8
72.3
79
82.3
85.7
89
91.2
94
95.3
96.5
97.5
97.5
87.3
66.2
53.2
45.5
44.7
41
40.5
40
38.2
39.8
44.3
61
70.2
76.7
81.3
84.2
88.2
90.5
92.2
93
93.5
93.5
94.5
94
78.7
60
55.3
52.3
48.8
45
43.8
41.2
41.8
41.2
43.7
55.8
64
71
77.2
76.2
69
79.8
76.8
68.8
64.8
67.7
70.7
72.2
72.8
68.5
61
63.8
71
64.7
61.7
72.5
89.7
85.2
93.7
97
94.3
99.8
100
100
100
97.8
97.2
99
100
100
100
100
99.3
89.3
72.7
53.7
41.3
34.2
39.5
40.2
50.7
57.2
53.7
64.5
78.2
85.8
88
93.2
95.3
97.8
99.5
97.3
89.3
91
89.3
89.8
73.8
52.5
40
35.7
36.2
32.7
32.2
32
29
30.7
34
44.3
50
66.8
61.5
61.5
64.7
76.2
89.8
95.2
96.2
98.5
100
100
96.3
62.8
51
47
45.5
44.3
44.7
42.2
39.5
38
39.8
44
51.8
64.8
68.7
68.2
61.8
51.8
55
64.8
72.2
70.8
76.5
80
79.5
63.7
54.2
52.5
46.8
44.2
42.7
42.8
42.5
42.2
45
59.7
70.5
65.5
69
67.3
63
60.8
58.3
63.7
78
82.5
80.5
78.7
74
68.3
58.7
54
50.5
47.3
46
45
43.3
45.2
51.5
64.7
74
73.8
84.3
90.8
93.7
95.2
97.7
99.5
100
100
100
100
100
74.3
58.2
55
52.8
48.5
44.3
44.3
44.8
47.5
54.7
68.8
74.5
79.3
82
82.2
83
84.8
78.5
79.7
81.2
84.7
83.7
83
89.7
91.2
95.8
99
95.8
84.2
77.8
69.7
68.5
74.3
79.5
86
85.2
94
99.3
100
100
99.7
100
100
100
100
100
100
100
64.3
50.2
48.7
46.7
40.5
40.3
38.2
37.8
42.3
49.2
64.3
60
56
53.6
57.2
58.7
55.5
56
69.3
81.8
87
65.3
79
83.8
71
46.8
42.2
41.8
41.5
41.7
39.8
39.7
40.2
50.2
67.2
75.2
79.3
86
90.2
91
89.3
90.2
92.2
95.5
92.2
90.2
88.8
84.8
70.3
60.5
52.2
48.8
44.5
45.2
45.3
43.8
47.2
52.8
58.7
64.3
68.3
72.7
73.8
75.2
79.3
68.7
65.8
66.2
66.7
74.3
76.5
73.7
72.5
68
61.2
55
53.5
53.5
54.7
53.7
56.7
62.7
65.2
65.7
64.8
65
71.8
67.5
74.8
81.8
83
84.3
83.2
72
70.8
68.8
72.8
75.8
74.7
68.5
67.8
69.2
73.8
94.7
100
100
100
100
100
100
100
100
100
100
100
100
100
100
100
100
97.7
73.5
64
63.2
60.3
59
57.8
60.8
64.3
65.3
64.3
66.8
73.7
73.5
72.7
80.7
84.7
89.2
75.8
65.5
79.3
81.3
71
73
81.7
83
82.7
76.7
71.2
64.8
64.5
67.7
72.3
70.2
67.5
69.5
82
72.7
72.3
74.3
76.8
75.8
70.8
69.3
71
72.2
78
86.7
70.7
62.2
64.2
51.3
41.3
39.3
38.2
44.5
45.7
50.5
56.2
64.8
76.8
84
87.7
90.7
91.5
94.8
96
97.7
99.7
100
100
100
81
67.3
60.8
53.7
50.7
51.3
49
52.3
56.5
58.7
67.2
72.3
84.3
87.2
87.5
83.2
84.2
87.8
93.7
99
99.3
99
98.5
93.5
91.8
92.5
88.5
97.5
94
96.8
96
96.2
96.5
98.8
100
100
100
100
100
100
100
100
100
100
100
100
100
100
100
94.5
86.7
79.5
75.8
67.8
65.7
68.2
72
78.7
82
83.7
86
90.3
94
98.8
100
100
100
100
100
100
100
100
94.3
84.5
75.2
67.7
62
67.7
75.2
74
83.8
93.3
98.7
100
100
100
98.7
100
100
100
100
100
100
100
100
100
93.7
76.2
73.8
69
65
63.7
64.3
63.7
67.5
75.8
85.7
90.3
96.7
100
100
100
100
100
100
100
100
100
100
100
100
85.7
67.8
61.2
57.7
56.3
54.5
52.2
51.8
64.2
82.7
91
96.5
98.8
100
100
100
100
100
100
100
100
100
100
88.2
71.8
65.7
60.7
57.7
59.3
60.2
61.5
64.5
69.8
76.3
81.3
84.8
83.2
82.8
71.7
72.7
82.2
93.7
99.2
100
100
100
97.7
84.3
76
73.7
70.8
67
60.5
61.7
64.2
67.3
72.7
78.2
85.2
96.5
99.5
100
100
100
100
100
100
100
100
100
100
100
82.2
68.2
63.2
61
58.2
59.5
58
61.2
71
76.7
74.7
75.8
85.3
88.7
75
74.2
76.7
79.3
84.5
84.5
93.8
97.5
89.3
73.3
69.7
67.8
65.8
61
58
56.5
60
63.8
67.8
72.2
73.5
82.5
93
99.3
100
100
98
98.7
100
100
100
100
83
59
64
64.2
61.3
57.2
54.8
59.5
62.5
64
68
69.2
70
70
68.8
68.5
68.7
67.5
66
66.7
67.2
76.2
90.5
97.3
98.7
90.3
68.2
63.3
64
61.3
60.8
63
65.2
66.7
78.8
89
85.5
91.5
83.7
84.8
90.7
86
86.8
88
91
90.8
91.8
94.3
94
92
90
85.2
83.8
80
76
72.7
75.5
77.2
78.8
87.3
90.8
94.2
96.3
97
96.3
95.5
95
94.7
90.8
91.7
95.8
92.3
92.7
88.2
79.3
78.2
75.5
76.5
72.5
67.8
72
75.7
80.7
88.7
92.5
96.7
98.3
99.8
100
100
100
100
100
100
100
100
100
100
92.8
82.5
74.2
72.5
71.3
68.3
70.3
72
78.3
85.3
91
95.5
96.7
98.7
98.8
100
100
100
100
100
100
100
99.8
85
70
70.5
67.2
63.5
64.5
62.3
63
65.7
71.2
80.3
82
82.8
85.7
85.8
87.7
96.5
100
100
100
100
100
100
100
98.5
80.3
79.3
70.7
66.7
71.8
70.8
68.8
75.2
79.2
81.3
82
83
91.8
96.7
94.8
94.2
91.7
91.5
83
72.8
71
77.7
88.5
87.2
91
90
91.3
93.5
94.7
94.2
93
88.7
86
93.7
99.8
100
100
100
100
100
100
100
100
100
100
100
100
100
83.3
71.3
70.8
65.2
58.7
57.3
56.3
59
59.2
60.8
82.2
94.2
98.2
99.7
100
100
100
100
100
100
100
100
93.5
87.7
85.8
79
77
77
73.5
74.5
78.3
82.8
87.3
89.3
93.7
95.2
96.7
98.5
99.8
99.8
100
100
100
100
100
100
100
100
89.8
78
70.3
62.8
60
60.7
62.8
69.8
85
96.7
99.2
100
100
100
100
100
100
100
100
100
100
100
100
100
95.8
77.7
75.5
70.7
69.2
70
70.7
74
87.5
96.2
100
100
100
100
100
100
100
100
100
100
100
100
100
100
99.8
80
71
65.7
64.7
61.3
60.5
65.8
79.5
90
97.7
100
100
100
100
100
100
100
100
100
100
100
100
100
98.7
77.2
69.2
65.2
63.7
60.7
64.2
74
88
97
96.7
94
97.5
100
100
100
100
100
100
100
100
100
100
100
88.2
71.2
67.3
61.3
58
53
50
65.5
87.7
95.7
99.8
100
100
100
100
100
100
100
100
100
100
100
100
100
99.7
71
60.2
57.2
60
59
58.2
67
87.7
97.2
99.8
100
100
100
100
100
100
100
100
100
100
100
100
100
100
79.7
67.7
62
59.2
56.2
54.3
62.7
84
94
98.7
100
100
100
100
100
100
100
100
100
100
100
100
100
100
82.8
68.8
67.5
67.2
63
60.7
71.3
89.3
97.3
100
100
100
100
100
100
100
100
100
99
90
84.5
94.7
97.5
84.5
82
82.3
89.3
95.2
94.5
95.2
96.5
97.7
96
96
96.2
98.8
100
97.3
95
99.2
98.2
99.8
100
100
100
100
100
100
100
100
100
100
100
100
100
100
100
100
100
100
93.3
88.7
83.5
64.8
59.5
53.8
57.3
75.7
92
90.5
91.7
97.7
97.3
96.2
96.5
97.7
99.3
100
100
100
100
100
100
100
100
95.5
93.8
96.3
98.5
100
100
100
100
100
100
96.7
89.7
84.2
74.2
66
61.7
57.5
63
81
90
79.7
87.2
96.2
99.7
100
100
100
100
100
100
100
100
100
100
100
85
62.3
58
59.5
63.8
69.2
77.5
84.5
92
92.8
92.7
92.2
89.7
92
91
81.2
90.8
96
97
96.7
97
81.3
83.8
77
70.8
69.2
70.7
71.5
71.5
76.8
82.5
86.2
93
99.7
96.2
82.3
84.2
87.2
96.2
100
100
100
100
100
100
100
100
100
100
99.7
99.8
92.7
85.7
77.7
76.7
91.2
99.5
100
100
100
100
100
100
100
100
100
100
100
100
100
99.2
83.5
73.3
75.8
74.3
72.8
68.2
62
72.7
94.2
99.7
100
100
100
100
100
100
100
100
100
100
100
100
100
100
100
100
100
96.2
88.8
88.7
91.8
98.7
100
100
98.3
89.2
98.8
100
100
100
100
100
100
100
100
100
100
100
100
100
100
100
100
99.3
100
100
98.5
94.8
90.2
90.2
94.7
99.5
100
100
100
100
100
100
100
100
100
100
99.7
92.7
88.2
84
78.3
76.8
75.8
81.8
95.2
100
100
100
100
100
100
100
100
100
100
100
100
100
100
100
100
100
68.3
54.5
55.3
54
55
69.2
90
98.2
100
100
100
100
100
100
69.2
75.3
91.5
98.2
100
100
100
100
77
56.5
51.7
53
56.3
55.7
56.8
68
76
74.7
89
98.3
100
100
100
100
100
100
100
100
100
100
100
100
100
79
60.3
57.5
57
59.3
63.7
70.7
77.7
90.2
98.7
100
100
100
100
100
100
100
100
100
100
100
100
100
100
87.3
70.8
72.2
69.3
67.3
65.3
75
85.7
88
95.5
98.5
97.8
97.2
96.8
98.5
98.2
98.8
98
97
99.8
99.7
100
100
100
100
96.2
88.8
96.5
95.5
76.2
71
73.7
81.5
90
93.7
87.8
87.7
87.2
88.7
82.5
75.8
83.3
87.2
96
97.5
93.2
100
100
100
99.3
96.5
100
100
100
100
100
100
100
100
100
100
100
100
100
100
100
100
100
100
100
100
100
100
100
100
100
99.8
97.8
98.7
100
100
100
100
100
100
100
100
100
100
100
100
100
100
100
100
100
100
92.7
75.7
69.8
73.5
81.8
88
95.8
99.8
100
100
100
100
100
100
100
100
100
100
100
100
100
100
100
99.7
92
84.2
72.7
70.5
81.2
87.2
88.5
93.7
89.5
94.5
95.3
98.2
98.8
100
100
100
100
100
100
100
100
100
87.7
77.3
73.7
69
68.5
64.7
67.7
72.2
78.5
87
97.8
100
100
100
100
100
100
100
100
100
100
100
100
100
100
99.8
72
64.7
62.5
62.7
64.5
75.8
91.7
97.8
100
100
100
100
100
100
100
100
100
100
100
100
100
100
100
100
87.3
71.5
66.5
67
70.3
79
91.2
97.3
99.8
100
100
100
100
100
100
100
100
100
100
100
100
100
100
100
79
70
67.3
70
75
81.2
87
85.8
86.5
88.8
94.5
98
99.7
100
100
100
100
100
100
100
100
100
100
88.7
81.8
73.5
67.7
63.7
66.2
78.7
89.8
92.8
89.7
93.5
98.5
100
100
100
100
100
100
100
100
100
100
100
100
84.3
67.3
60
57.2
60
65.5
76.2
80.2
81.7
73.5
73.2
89
98.5
100
96.8
96.3
99.8
100
100
100
100
100
100
100
96
68
65.2
65.2
65
69.8
81.2
96.2
99.2
100
100
100
100
100
100
100
100
100
100
100
100
100
100
100
100
96.3
81.2
78.5
81.7
81
88.7
97.3
100
100
100
99.2
94.7
97.3
99.8
100
100
100
100
100
100
100
100
99.3
82
75.7
75.2
70.7
69.5
74.8
83.7
92.5
98
100
100
100
100
100
100
100
100
100
100
100
100
100
100
100
100
86.7
71.3
69
68.7
77.7
87
96
99.8
100
100
100
100
100
100
100
100
100
100
100
100
100
100
100
95.8
93.8
91.7
90.7
91.3
93.3
95
97.7
98.8
98.8
100
100
100
100
100
100
100
100
100
100
100
100
100
100
100
100
100
100
100
99.2
98.5
100
95.5
92.8
88.5
88.2
95
89.3
88.3
90
97.3
85.8
82.3
75.5
67.5
68
69
84.3
79.2
76.7
81.7
86.8
84.2
85.7
85.3
81.7
75.8
78.8
74.5
83.2
95.5
100
95.7
86.7
79
74.8
67.8
59.5
72.8
78.5
87
91.3
86.7
86.3
90.7
91.7
75.3
81.2
80.7
67.5
77.7
84.3
94.5
81.3
78
79.5
85.5
94.2
86.7
85.3
96
97.8
97.2
97.3
91.8
82.2
72.3
68.7
73.7
70.8
71.7
93
83.5
90.2
87.3
88.7
93.7
92.7
87.7
91
94.8
98.8
99.8
100
99.5
98.2
98.5
97.8
84
70.2
58.8
50
52
56.2
59.2
63.2
74.3
79.5
78.8
84.5
91
94.5
97.8
99.7
100
100
100
100
100
100
100
100
100
100
93.3
89.7
90
90.3
92.8
94.7
98.8
100
100
100
100
100
100
100
100
100
100
100
100
100
100
100
100
100
100
97.8
91.3
88.5
88.8
88.3
92.8
95.3
97.2
91.7
85.3
91
97.5
99.2
93
87.3
93.2
98.8
100
100
100
100
89.5
59.3
53
39.8
49.2
49.5
51.2
53
59.8
69.3
78.7
85.2
90.3
90
91.7
91
91.8
95
95.2
90.5
90
85.3
74.3
71.3
75
77.3
79.8
86.7
92.7
94.7
79.3
75.7
80.3
88.2
84.3
80.8
74.8
82.2
87.7
91.3
98
100
99.5
93
97
98.8
99.8
100
95.7
86.2
81.3
72.5
64.3
58.3
62.2
67.8
67.3
81
93.5
96.8
97.8
99.2
100
100
100
100
100
70.5
67.3
81
92.5
97.7
99.8
95.8
61.3
54
58
64
65.7
65
76.3
88.5
92.8
85.2
78.5
70
73.5
77.8
76
80
79.7
80.7
61.3
37.5
52.5
63
64.5
62.5
42.5
41.3
42.5
45.8
49.5
71.5
89.8
96
99.5
100
100
100
100
100
100
100
100
100
100
100
100
100
100
100
99.3
91.3
84.7
87.2
83.7
89.8
94.3
98.5
100
100
100
100
100
100
100
100
100
100
100
100
100
100
100
100
100
97.2
60
56
65.2
69.2
76
91
96.7
98.3
99.8
100
100
100
100
100
100
100
100
100
100
100
100
98.7
64.5
53.5
56.5
67.2
64.2
58.2
61.3
72.7
79.2
84.7
87.5
91.5
95
94.3
93.3
92.3
93.7
93.8
96.2
96.2
96.5
97.2
99.2
86.2
57.5
55.5
50.3
47.5
47.8
51.8
60.7
76.3
52.7
52.2
55.2
59.3
59.7
62.5
61.8
69.7
80
85.8
86.8
87.5
88.7
90.7
90.8
70.2
45
40.3
39.7
33.3
41.2
40.8
50.2
65.8
73.8
78.7
81.8
83.3
81.8
85.2
85.2
84.8
81.8
75.5
79.8
78.8
78.2
79.5
78.2
69.2
55.7
53.7
52.5
51.7
58
58.5
61.2
69.3
76.8
78
79.5
79.7
79.5
90.3
95.5
97.8
99
100
100
100
100
100
100
100
100
100
99.8
97.7
98.5
98.5
99.8
100
100
100
100
100
100
100
100
100
100
100
100
100
100
100
100
100
100
100
100
100
100
100
100
100
100
100
100
100
100
100
100
100
100
100
100
100
100
100
100
100
100
100
100
100
98.2
97.2
100
100
100
100
100
100
100
100
100
100
100
100
100
100
100
100
100
100
100
100
100
100
100
100
100
100
100
100
100
100
100
100
100
100
100
100
100
100
100
100
100
100
100
100
100
100
100
100
100
100
100
100
100
100
100
100
100
100
100
100
100
100
100
100
100
100
100
100
99.5
74.7
70
71.2
81.8
94.2
97.8
99.3
100
100
100
100
100
100
100
100
100
100
100
100
100
100
100
100
92.8
72.5
73.3
66.5
60.8
72.7
72.2
78.5
89.3
95.3
99
100
100
100
100
100
100
100
100
100
100
100
100
100
98.8
88.3
91.3
89.3
90.5
94.7
97.8
99
99.7
100
100
100
100
100
100
100
100
100
100
100
100
100
100
100
100
100
100
100
100
100
100
100
100
100
100
100
100
100
100
100
100
100
100
100
100
100
100
100
100
100
100
100
100
100
100
100
100
100
100
100
100
100
100
100
100
100
100
100
100
100
100
100
100
100
100
100
100
100
99.7
99.7
100
100
100
100
100
100
100
100
100
100
100
100
100
100
100
100
100
100
100
100
100
100
100
100
100
100
100
100
100
100
100
100
100
100
100
100
100
100
100
100
100
100
100
100
100
100
100
100
100
100
100
100
100
100
100
100
100
100
100
100
100
100
100
94.3
82.5
80
84.3
88.2
93
96.5
98.8
100
100
100
100
100
100
100
100
100
100
100
100
100
99.8
57.2
35.5
42.8
52.7
48.3
49.2
43.3
44.8
39
49.2
72.5
82.7
87.2
89.2
91
90.3
73.8
68.8
72.5
67.2
63.2
74.8
85.3
90.5
79.3
60.5
54.3
54.3
57.8
58.7
56.7
70.3
87
92
94.5
97
98.2
99.3
99.7
100
100
100
100
100
100
100
100
100
100
90.3
61.8
60.7
58.8
62.8
61.8
70.3
86.5
94
97.8
99
100
100
100