97
97
97
97
97
97
97
97
97
97
97
97
96
96
96
96
96
96
96
96
96
96
96
96
95
95
95
95
96
96
96
96
96
91
96
96
96
95
96
96
97
95
90
91
93
94
94
95
94
93
93
94
95
96
96
95
96
96
95
95
95
66
47
49
38
62
85
91
93
93
93
92
93
93
92
93
93
93
93
94
94
95
95
94
94
85
85
83
80
83
90
93
94
90
91
93
94
94
95
95
95
95
95
94
95
96
96
96
97
96
95
94
94
93
94
95
95
95
94
94
95
95
95
96
96
96
95
95
96
96
95
85
75
72
72
73
73
75
74
75
82
86
88
90
91
92
93
92
92
92
93
92
92
93
93
94
93
92
91
86
87
89
93
94
92
89
87
85
83
80
78
82
87
86
85
78
76
69
72
76
83
82
84
85
86
88
89
90
89
89
88
87
89
89
90
90
90
91
90
90
90
91
90
88
85
82
83
85
89
89
89
90
90
90
91
92
92
92
91
91
90
90
89
88
89
89
91
91
89
89
90
92
91
86
89
87
86
84
88
90
91
93
94
94
94
94
94
93
93
93
93
90
85
78
79
77
79
79
77
76
76
80
81
74
70
71
77
75
77
81
82
80
77
74
73
57
56
55
54
57
60
67
74
75
78
82
86
87
89
90
91
91
92
92
93
93
93
93
82
69
65
65
64
68
73
77
81
86
87
88
90
91
92
92
92
93
93
93
92
92
92
91
84
70
68
64
56
54
55
61
74
80
83
86
87
88
89
90
90
91
91
92
92
91
92
92
86
74
70
67
67
68
70
75
82
86
89
91
90
90
90
90
90
89
89
89
90
90
91
92
93
92
89
85
79
78
81
86
87
89
88
88
89
89
89
91
92
93
94
94
94
95
95
95
94
92
84
74
69
70
75
79
85
87
87
88
89
89
90
91
91
92
92
93
93
93
94
94
94
94
81
76
78
77
76
85
91
93
93
94
94
95
95
95
95
96
96
96
96
96
96
97
95
93
88
76
75
75
75
78
85
90
92
93
94
95
94
94
95
95
95
96
96
96
96
96
95
84
66
60
61
62
68
79
81
83
84
85
87
88
91
92
91
89
90
90
83
78
73
72
75
78
84
91
94
90
89
89
89
91
92
93
96
96
97
97
97
98
98
98
98
98
98
98
97
96
94
86
84
78
78
80
89
92
94
95
96
96
96
96
96
97
97
96
96
96
97
96
96
96
91
86
86
84
89
92
93
94
95
95
95
96
96
96
96
96
97
97
97
98
98
97
95
93
68
50
50
57
57
61
72
75
82
86
88
91
92
92
93
94
93
92
93
93
94
94
85
64
56
50
49
50
51
55
68
77
83
87
88
88
89
90
91
92
92
93
94
94
94
94
87
65
55
53
53
52
52
55
66
72
79
84
87
90
77
74
82
84
85
88
90
91
92
93
86
67
62
59
56
55
57
60
68
71
71
72
75
78
81
85
86
86
87
89
91
92
93
92
85
75
67
62
59
58
60
65
76
84
87
86
88
90
92
92
93
94
94
93
92
93
92
93
86
77
60
53
57
56
57
62
73
80
84
78
77
76
74
83
88
89
90
91
93
93
93
93
89
76
67
61
60
60
61
65
75
77
84
83
85
89
91
92
93
93
93
94
94
94
95
94
84
71
71
69
65
64
61
69
74
78
81
67
46
54
58
61
62
63
69
71
70
70
73
70
54
40
35
33
35
38
40
34
50
62
68
71
76
80
78
81
81
76
78
77
79
81
81
81
66
56
54
54
53
52
55
57
64
71
75
80
82
84
86
86
87
88
89
87
88
89
90
88
80
75
73
72
72
66
66
68
71
70
69
68
65
66
71
73
75
78
79
79
86
88
87
89
86
84
80
78
79
77
74
76
79
81
84
85
86
88
88
87
88
90
89
85
76
68
70
55
36
34
31
28
27
21
19
19
24
23
23
26
28
40
41
42
44
46
34
35
35
51
59
58
43
34
30
26
23
18
14
18
23
27
27
26
27
40
47
53
58
60
60
61
65
66
68
64
45
39
41
39
34
32
33
39
43
52
57
58
60
65
69
71
72
72
71
70
73
74
75
71
63
49
48
46
46
47
47
49
57
66
70
68
59
57
NA
NA
NA
NA
NA
NA
NA
NA
NA
NA
NA
NA
NA
56
58
59
60
60
69
74
76
80
84
86
86
88
90
90
91
89
86
84
84
83
76
76
77
74
68
66
65
67
73
77
82
86
87
88
89
90
91
91
92
92
93
92
93
92
79
73
68
63
62
58
57
59
65
74
79
83
85
86
88
86
87
88
78
73
72
71
70
66
60
57
56
57
54
54
57
59
61
63
65
68
69
67
65
65
65
66
66
65
67
72
69
68
59
55
52
50
50
51
51
54
59
62
66
67
62
60
60
62
63
64
66
64
65
68
71
70
62
58
57
54
53
54
52
52
58
62
66
67
65
73
78
80
82
83
85
86
86
88
89
89
75
61
57
55
53
51
52
55
62
71
74
66
65
63
60
58
61
61
60
62
63
60
58
54
53
48
45
44
45
45
44
45
47
51
53
56
54
54
54
57
61
69
73
74
78
81
83
76
58
53
51
48
45
44
44
45
52
58
62
69
73
73
68
68
68
74
79
82
84
86
80
63
58
55
52
50
48
46
44
47
54
59
66
72
76
78
79
81
80
80
82
80
82
85
86
82
57
48
48
48
48
46
47
48
55
59
62
66
71
76
79
81
83
83
85
86
87
88
89
88
70
57
52
48
45
41
41
47
53
62
69
73
76
78
79
81
82
82
83
85
86
87
87
83
63
58
51
47
44
41
39
40
44
49
57
65
71
75
78
80
82
82
84
85
86
87
88
86
69
56
53
50
48
47
47
49
55
60
61
61
63
63
64
65
63
63
63
63
61
58
57
60
60
58
55
51
49
48
49
51
57
66
72
76
79
80
80
84
85
86
87
88
89
90
91
90
71
58
57
52
45
NA
NA
47
55
65
72
77
78
81
82
84
86
87
87
88
88
89
90
88
60
50
43
36
31
29
28
30
34
47
54
61
63
65
67
68
71
72
74
75
76
76
77
65
50
44
41
38
36
34
33
35
41
53
61
66
69
67
66
68
72
79
84
86
87
90
91
84
66
61
55
54
53
52
55
58
61
67
69
74
78
79
82
85
87
88
89
90
90
91
92
90
69
59
56
51
46
42
42
43
50
61
65
66
68
70
72
75
79
80
82
84
86
87
87
80
66
60
55
50
48
48
48
51
55
63
68
70
70
70
66
64
65
73
83
88
90
91
92
92
89
81
82
77
75
70
73
80
85
90
93
94
95
96
96
96
97
97
97
95
93
94
93
94
92
89
82
74
64
60
58
59
66
76
80
84
87
88
80
85
89
90
92
93
93
93
93
87
66
56
50
46
44
45
46
45
52
63
71
78
81
81
82
84
87
87
88
90
91
91
92
86
68
61
54
48
46
46
47
50
57
63
72
76
81
84
85
86
87
88
89
89
90
91
92
86
70
63
57
55
59
62
61
63
67
68
78
83
88
91
93
94
95
95
95
96
96
96
97
97
94
80
73
70
64
66
67
67
71
75
81
86
89
90
90
91
92
92
92
93
93
93
94
93
78
73
69
68
65
64
66
70
73
74
74
75
74
79
83
87
89
91
91
88
77
79
86
84
76
66
62
60
60
58
58
61
66
70
73
78
78
74
79
83
85
86
88
90
91
91
90
86
75
69
58
53
48
43
40
38
43
58
68
71
65
61
62
67
71
76
81
84
86
88
87
77
65
60
58
59
59
58
60
63
66
68
71
76
79
81
77
75
75
78
78
78
79
79
79
78
78
75
73
68
65
60
57
57
61
63
69
69
71
73
79
79
77
75
74
78
80
84
87
79
68
64
62
55
51
50
47
47
49
55
63
57
39
69
74
70
69
71
70
69
72
73
71
63
56
57
57
54
52
50
51
51
52
54
55
56
57
57
57
62
66
80
90
89
93
94
92
85
75
64
60
54
53
52
49
50
54
61
63
63
66
56
54
54
56
63
69
74
78
77
69
61
52
46
43
42
39
39
39
40
44
51
56
55
57
58
59
60
65
72
77
82
84
68
63
55
51
49
47
46
44
41
39
37
38
45
49
52
57
64
69
71
72
73
74
68
62
61
62
52
39
38
39
38
37
35
35
35
39
47
54
60
65
68
71
73
75
77
78
76
79
80
70
57
55
53
51
49
47
45
44
45
48
56
64
70
73
76
78
79
81
81
84
85
86
85
85
66
54
52
48
46
43
41
39
40
43
53
60
66
67
56
57
57
58
66
74
79
81
82
79
67
58
53
52
50
47
44
45
48
48
49
49
53
56
59
53
52
57
61
60
61
68
62
51
46
42
41
40
38
36
36
37
39
43
46
47
48
48
51
52
48
49
60
59
53
51
51
53
51
50
48
47
46
44
43
42
43
45
52
59
64
67
71
74
77
77
79
81
81
82
82
76
60
48
49
46
44
39
36
34
35
36
40
42
53
59
64
67
69
71
74
76
78
79
80
77
60
46
43
40
37
35
34
33
31
32
41
51
56
62
64
72
76
75
78
81
83
82
83
80
61
50
50
48
43
39
34
32
33
35
44
54
60
65
68
68
72
74
75
75
78
79
79
76
58
47
44
42
40
38
37
38
39
40
49
58
66
71
74
76
74
77
78
80
82
83
84
79
64
58
55
52
49
45
43
43
44
47
51
52
54
60
63
71
75
78
80
83
87
91
93
88
85
79
73
69
65
62
59
56
56
61
66
67
68
70
72
73
73
78
83
86
88
89
90
91
82
71
66
62
61
57
55
52
54
60
66
71
72
73
74
76
79
79
79
81
83
85
88
86
77
72
71
70
66
63
65
64
68
70
72
71
72
73
71
75
80
81
80
78
78
80
78
68
64
59
55
56
51
48
46
44
47
52
56
62
71
75
74
73
71
72
72
72
71
64
55
55
65
72
68
70
74
81
90
94
95
94
95
95
85
80
86
84
84
83
75
76
87
90
91
89
87
85
78
77
79
75
76
85
92
93
94
94
95
95
95
95
96
96
96
96
96
96
97
96
96
90
81
81
79
80
75
71
68
69
76
83
87
89
91
92
93
93
93
94
94
94
94
94
71
60
62
63
60
57
55
54
55
58
64
66
67
78
83
85
86
85
86
87
90
87
88
79
62
55
60
57
57
59
64
70
69
66
70
71
78
80
79
81
81
86
89
90
91
91
91
85
73
67
71
67
54
49
37
30
27
36
66
72
76
76
76
74
76
69
64
58
56
72
75
65
48
39
39
39
38
35
32
31
29
31
36
41
53
55
48
48
51
52
56
63
68
75
77
68
55
55
49
46
45
44
44
46
48
50
51
57
67
70
77
85
89
92
92
91
89
86
87
90
92
93
93
93
93
93
93
94
94
94
91
87
88
87
88
88
88
89
91
92
92
92
92
90
87
79
78
73
69
67
65
68
69
76
81
83
85
87
86
88
92
94
95
95
96
96
96
96
96
96
96
95
92
91
86
86
81
81
82
84
85
88
91
93
93
93
94
95
95
95
96
93
80
62
62
60
57
54
51
50
50
53
59
72
80
84
87
88
87
89
90
91
92
92
93
80
63
55
50
47
43
42
43
43
43
46
53
65
73
77
80
71
62
62
59
60
59
61
69
56
48
48
49
48
45
44
43
41
42
47
52
57
59
60
61
65
71
72
73
75
73
74
66
66
56
51
48
47
45
42
40
39
42
45
49
54
59
65
72
76
78
80
80
80
80
79
73
52
41
39
40
39
39
37
38
39
39
41
42
42
42
42
40
39
42
47
44
44
45
56
64
50
39
38
37
37
37
37
35
35
36
36
42
47
48
45
44
43
43
49
51
48
48
50
51
51
53
57
57
58
59
58
56
61
72
71
74
71
60
55
50
52
50
63
71
79
84
85
75
76
69
53
49
48
48
46
47
48
48
49
51
52
58
64
68
71
75
76
78
81
85
85
74
63
59
61
60
53
55
53
50
54
61
63
67
71
72
75
79
81
86
89
90
91
91
92
92
86
62
57
57
53
49
46
46
40
40
40
47
60
67
71
73
75
80
82
83
85
86
87
85
74
59
50
48
45
42
43
54
55
43
43
48
55
56
61
71
77
81
81
82
86
88
88
86
66
53
48
41
43
43
40
37
35
36
39
43
47
50
54
57
57
56
52
46
42
42
58
67
58
52
46
43
43
40
37
37
37
38
41
47
53
56
52
53
54
57
65
65
68
69
70
66
58
53
47
42
41
36
35
33
37
42
47
48
50
65
69
63
73
78
86
89
89
90
90
90
80
71
67
64
59
56
55
54
51
49
51
59
65
67
67
77
77
76
74
78
79
79
77
77
78
77
69
70
69
67
61
56
58
57
57
63
70
74
73
74
76
75
77
81
85
85
88
89
82
76
71
67
65
58
54
51
51
51
52
56
60
66
74
75
77
78
82
85
87
86
88
89
88
87
84
79
73
70
65
61
59
61
64
69
75
77
80
80
81
82
84
85
87
86
87
86
83
74
70
64
60
56
52
50
49
48
51
57
60
63
65
68
63
63
71
77
82
83
80
77
73
67
65
65
66
63
66
77
82
85
87
87
87
88
88
87
88
88
89
90
91
91
91
90
85
75
68
61
53
45
46
46
43
42
45
51
54
54
51
59
64
61
64
73
79
81
82
73
65
56
50
45
44
43
40
38
37
37
38
44
52
60
65
68
71
74
77
79
80
81
83
79
62
48
43
42
41
38
36
34
33
33
37
44
46
51
52
46
46
58
66
71
73
75
77
73
56
49
46
46
42
40
38
35
34
33
33
42
47
49
48
52
62
68
69
73
76
78
77
70
52
47
44
43
39
35
33
34
32
34
37
44
51
56
61
64
67
70
71
73
73
74
78
74
57
50
44
40
38
35
28
27
27
27
29
37
45
46
56
60
58
57
61
68
72
77
76
71
60
54
56
55
50
46
38
36
34
34
36
42
47
53
59
65
69
70
71
74
76
78
77
73
66
59
51
47
52
55
52
63
68
66
67
81
88
89
92
94
95
95
95
95
95
95
95
95
93
82
73
66
55
51
53
50
53
56
59
63
69
74
81
84
86
87
88
89
88
87
88
83
73
68
63
58
54
53
51
46
51
56
55
61
69
74
78
82
84
86
87
88
88
88
90
84
73
64
57
54
51
50
45
44
40
39
40
46
51
56
66
70
76
74
77
80
77
79
80
74
66
60
55
50
47
43
36
28
35
51
49
53
57
55
55
56
59
62
66
73
81
85
87
77
58
51
48
42
38
34
30
29
28
28
29
33
40
39
41
44
44
41
39
48
46
40
44
45
45
45
43
39
36
34
34
33
33
33
34
37
47
49
52
51
50
53
64
70
68
68
71
68
53
39
37
36
37
36
34
33
33
36
40
43
47
51
57
63
66
69
74
76
79
81
82
71
59
50
42
40
40
39
38
37
37
38
39
42
46
49
53
62
67
73
76
79
80
81
81
72
56
47
47
46
44
42
41
41
42
44
46
49
56
59
63
63
66
69
71
72
85
87
87
84
78
71
81
88
73
67
62
61
55
55
64
78
66
67
79
83
84
86
87
88
90
89
90
83
65
59
55
50
45
39
35
35
38
44
45
51
56
61
66
74
79
80
82
80
82
85
87
73
60
47
47
41
36
35
33
30
28
30
32
34
44
50
61
54
45
42
43
51
44
40
43
50
39
39
37
34
34
34
33
32
33
34
35
39
45
48
48
49
55
65
72
74
77
78
79
68
52
46
42
40
40
39
39
38
38
38
40
43
51
57
58
64
69
74
79
81
82
84
85
73
55
46
43
41
40
39
37
36
35
34
37
42
50
56
62
66
60
55
56
60
71
74
76
66
54
47
43
43
50
46
44
43
46
48
50
52
55
59
63
62
66
68
70
72
73
76
79
75
67
56
55
52
47
45
46
44
43
50
56
57
58
63
66
66
70
67
66
66
72
77
78
68
53
42
41
39
38
37
37
35
38
45
48
54
59
62
64
56
64
69
67
88
93
94
94
94
80
52
45
45
44
42
42
40
44
45
48
56
61
65
69
72
73
81
91
93
88
79
88
94
92
68
53
55
50
48
48
46
46
47
48
51
56
59
61
63
67
70
73
77
79
81
74
70
62
56
49
48
47
46
44
42
50
54
57
60
64
62
68
69
72
73
74
92
93
88
86
81
68
62
59
57
53
56
55
55
60
59
57
62
67
72
70
69
66
63
59
59
60
69
75
70
66
64
58
54
54
53
52
51
56
55
55
65
69
70
83
93
91
93
94
95
95
94
91
82
70
66
63
58
56
58
59
54
53
54
53
58
67
77
82
85
85
75
77
83
87
88
90
82
70
63
62
46
60
58
54
51
48
48
55
59
58
62
70
76
78
80
82
84
86
87
88
79
65
58
54
54
54
53
50
48
47
47
49
51
58
61
68
71
74
76
78
80
82
83
84
77
65
57
53
51
48
47
45
43
44
43
43
43
53
63
68
70
73
74
75
76
78
81
81
72
64
58
55
52
52
50
45
40
41
40
39
48
56
61
68
71
74
76
78
80
82
83
84
73
59
53
51
48
44
41
40
40
38
37
36
40
50
58
67
71
74
78
79
81
82
85
85
71
55
51
49
46
43
38
33
32
32
30
36
42
47
53
62
68
71
73
69
74
77
78
78
66
51
49
44
43
42
42
41
37
35
34
28
33
46
52
59
61
65
66
68
72
74
75
74
60
48
43
43
43
41
40
39
38
37
37
38
39
48
56
62
66
68
70
73
74
75
77
77
67
53
47
45
43
43
41
39
36
34
32
36
40
43
50
59
64
67
69
70
70
74
76
74
62
53
49
45
45
43
40
40
37
32
36
37
38
44
49
59
63
66
68
69
66
71
74
73
63
52
43
41
41
41
39
39
39
39
40
43
47
50
50
43
41
46
53
58
61
66
67
69
59
47
42
43
42
37
35
34
36
37
38
41
43
50
53
54
62
63
60
59
59
55
53
57
57
53
49
49
50
48
47
46
44
44
45
53
87
91
80
62
58
59
58
67
80
86
93
90
91
78
67
60
52
51
50
49
45
48
51
52
55
58
69
77
78
81
83
82
84
80
85
87
80
65
60
60
58
52
50
48
53
46
46
46
52
54
66
90
92
72
75
81
83
85
88
89
76
70
55
51
46
45
40
39
35
37
37
40
44
52
62
68
70
71
74
77
79
81
83
84
70
57
49
48
47
46
44
43
41
39
34
32
33
39
41
47
52
51
53
62
70
76
80
81
70
56
52
52
52
51
46
44
42
43
41
46
48
50
52
54
59
58
57
57
55
61
73
77
72
57
46
47
45
45
44
43
42
42
43
44
45
52
60
64
65
64
58
54
64
70
74
72
64
56
50
52
52
51
50
47
44
44
40
42
45
52
60
65
67
65
61
56
57
64
71
73
67
59
55
54
54
53
52
53
54
52
48
48
53
56
61
65
67
69
73
79
82
83
85
83
75
67
61
61
58
55
54
51
53
51
54
52
52
53
53
57
62
64
65
70
73
75
77
77
69
61
61
58
53
53
49
50
50
46
46
48
51
55
58
63
64
66
83
86
81
74
75
83
73
62
51
49
47
46
45
45
43
42
44
48
51
57
63
65
67
66
70
74
74
72
76
69
67
67
64
55
51
50
49
48
47
54
54
52
51
55
56
55
78
93
94
95
95
95
95
95
95
94
85
77
68
59
57
57
55
54
52
56
57
64
72
72
75
81
85
79
80
84
86
88
80
70
64
62
61
59
57
54
48
47
52
52
54
61
68
68
71
75
75
78
82
82
80
81
74
67
66
56
50
52
53
55
52
47
46
44
46
52
59
64
70
74
78
73
73
81
86
87
74
58
48
45
44
43
44
43
42
39
40
41
47
52
64
72
73
76
77
80
81
82
83
81
75
66
60
58
58
58
55
51
49
47
47
50
52
60
64
68
72
75
72
77
81
74
93
79
70
70
62
61
59
59
54
51
52
53
55
56
50
60
70
73
79
81
79
80
83
87
90
91
78
62
57
56
52
50
47
45
44
45
41
37
38
52
66
74
77
79
80
59
63
65
59
55
50
51
58
48
47
48
48
46
47
45
43
43
45
54
65
73
76
71
64
63
64
71
72
77
70
60
58
53
51
49
50
49
48
45
47
49
54
62
68
74
75
64
61
56
55
54
55
56
63
66
61
58
56
52
51
52
51
48
49
51
55
63
72
75
77
76
66
63
62
62
67
69
63
62
60
57
56
58
58
59
58
56
57
57
59
65
69
68
86
98
98
98
98
98
98
98
98
92
74
70
68
67
66
63
61
61
60
62
64
68
73
74
70
73
71
68
73
82
87
90
82
72
66
67
66
63
60
57
59
58
57
57
57
62
64
68
70
71
72
69
68
76
79
83
83
75
72
71
66
62
59
58
56
58
58
60
63
68
70
73
76
76
75
81
81
87
90
89
83
79
74
71
70
71
71
71
68
67
66
65
66
70
78
74
79
84
82
84
81
80
72
66
66
66
65
66
67
68
69
69
69
68
67
67
70
77
80
82
82
82
83
83
86
87
88
89
85
79
75
73
66
65
65
64
64
64
65
66
68
73
77
79
76
75
70
71
79
84
88
86
81
69
69
68
67
67
66
67
65
63
62
64
64
67
69
76
79
79
79
79
78
80
82
87
86
81
75
72
69
72
73
69
69
70
69
71
74
75
77
82
86
91
94
88
90
92
95
96
88
76
73
67
57
58
60
66
66
66
66
68
71
76
77
75
79
79
79
83
91
96
95
93
89
78
73
71
72
68
68
68
67
67
68
69
71
77
80
75
74
75
72
78
77
81
89
94
88
77
72
67
68
67
65
66
67
67
68
68
70
76
82
87
90
92
84
76
83
88
90
94
88
80
72
75
73
73
74
72
74
74
76
76
76
81
79
81
78
82
87
89
94
96
98
98
95
88
86
85
83
83
82
81
82
82
81
82
84
88
91
93
94
98
98
98
98
98
98
98
98
94
89
88
88
85
84
84
83
82
82
83
84
91
96
90
89
92
91
95
91
91
90
92
98
98
98
98
98
98
98
98
98
98
98
98
98
98
98
98
98
98
98
98
98
98
98
98
98
98
95
94
92
91
86
81
82
89
88
88
91
97
98
98
98
98
98
98
98
98
98
98
98
97
92
90
89
88
89
85
84
84
83
84
87
94
98
98
98
98
98
94
90
88
97
92
90
96
89
87
87
87
88
88
85
85
85
85
87
89
92
94
87
80
88
94
98
98
98
98
98
96
91
89
86
88
NA
NA
NA
NA
NA
NA
NA
NA
NA
NA
NA
NA
NA
NA
NA
NA
NA
NA
NA
NA
NA
NA
NA
NA
NA
80
81
82
84
85
85
87
89
87
88
92
93
93
95
94
96
85
85
84
81
84
85
83
81
81
81
82
85
85
86
87
92
93
93
95
86
86
85
82
82
86
92
93
93
93
90
85
82
82
84
84
87
98
98
98
98
98
98
98
98
98
98
98
98
98
98
97
93
90
88
87
85
88
88
88
87
86
87
91
98
98
98
98
98
98
98
98
98
98
98
98
94
91
89
88
87
87
87
86
85
86
87
92
97
98
98
98
98
98
98
98
98
98
98
98
94
90
88
87
88
89
90
89
89
89
90
93
96
98
98
98
98
98
98
98
98
98
98
97
92
90
90
91
90
88
87
87
84
85
88
92
96
98
98
98
98
98
98
98
98
98
98
98
94
89
89
89
87
86
84
85
85
85
89
93
98
98
98
98
98
98
98
98
98
98
98
98
96
94
93
93
90
90
89
87
90
92
95
98
97
98
98
98
94
92
95
98
98
98
98
98
97
95
93
91
91
90
90
89
90
94
94
94
97
98
98
98
98
98
96
97
98
98
98
97
94
91
90
92
93
92
92
91
91
92
93
95
98
98
98
98
98
98
98
98
98
98
98
98
98
96
97
97
93
92
89
86
84
86
87
91
95
97
98
98
98
98
98
98
98
98
98
96
94
89
87
90
90
87
85
85
85
85
88
93
96
98
98
98
98
98
98
98
98
98
98
98
95
95
98
96
93
93
92
92
90
88
90
96
97
95
97
98
95
93
93
97
98
98
98
98
96
90
89
88
89
89
87
86
86
87
88
90
95
98
98
98
98
98
98
98
98
98
98
98
98
97
95
92
88
86
86
84
85
86
89
93
95
94
98
98
98
98
98
98
98
98
98
98
96
94
91
91
90
86
86
86
87
85
83
86
86
92
94
98
98
98
98
98
98
98
98
98
95
91
91
91
91
86
86
87
87
87
89
95
96
93
92
95
97
98
97
97
96
98
98
98
94
93
90
89
87
86
86
85
83
83
87
89
92
90
90
91
97
98
98
98
98
98
98
98
96
95
90
86
83
81
81
79
77
77
80
85
88
87
94
97
95
94
97
98
98
98
98
96
93
90
89
93
90
81
78
77
77
83
84
83
82
83
84
91
95
98
98
98
98
98
98
88
81
79
77
75
77
74
69
67
63
63
66
75
78
80
83
86
78
79
80
86
89
91
90
81
74
71
69
69
68
67
66
64
63
63
65
70
75
79
75
76
75
74
76
77
77
80
82
81
79
69
65
65
64
62
61
59
59
60
64
64
68
72
70
70
75
79
82
83
85
86
85
73
66
61
58
56
55
54
52
51
51
56
57
63
66
70
73
76
77
79
81
77
81
86
85
74
65
62
60
56
54
52
50
47
47
47
50
58
63
67
69
72
72
71
72
75
76
78
78
64
55
51
50
49
46
43
42
41
39
41
45
49
55
56
63
87
93
95
96
96
95
95
95
88
70
60
59
55
52
51
48
49
51
50
57
63
64
64
69
71
74
70
72
71
73
73
70
63
57
52
51
47
46
43
41
40
39
41
47
56
63
67
70
72
75
74
74
78
80
82
83
67
52
45
43
42
41
39
37
33
33
35
43
48
55
62
65
69
72
72
67
69
75
76
76
66
61
56
53
49
47
45
44
43
44
47
53
50
52
52
50
51
51
56
54
55
57
55
59
57
56
60
58
57
57
52
46
41
37
39
41
46
48
53
56
61
67
72
71
65
71
79
81
66
56
53
52
46
40
34
30
27
27
28
34
44
49
52
60
64
66
59
60
60
59
61
60
56
49
45
43
42
44
39
35
33
32
33
37
50
53
54
53
50
51
56
55
53
50
42
40
40
46
52
57
56
47
45
49
49
44
49
58
63
65
66
71
74
78
79
80
81
81
83
82
74
65
53
46
39
38
37
36
38
34
37
41
46
48
55
57
59
61
61
59
60
58
61
72
85
68
NA
46
44
43
38
36
35
35
36
44
50
48
47
48
49
54
63
69
71
71
70
71
61
50
49
51
44
41
39
38
37
36
38
46
54
56
62
68
71
73
73
72
76
79
82
82
67
49
42
38
36
34
32
31
30
33
35
38
42
43
44
47
53
54
56
57
59
61
63
64
60
53
45
46
42
38
36
35
38
39
39
47
52
52
55
62
64
63
70
74
78
77
80
80
74
60
48
42
39
39
40
41
40
42
46
50
51
54
59
63
66
59
57
55
55
59
61
61
64
74
84
92
94
93
92
84
75
71
70
75
76
78
81
78
81
82
83
84
83
86
88
88
86
81
81
77
77
77
82
87
92
94
95
95
96
96
96
96
96
96
96
96
96
96
97
97
96
95
83
70
64
59
57
51
44
44
46
59
68
73
76
78
NA
NA
NA
NA
NA
NA
NA
NA
NA
NA
NA
NA
NA
NA
NA
NA
NA
NA
NA
NA
NA
NA
NA
NA
59.1
63.3
64.3
70.6
77.7
81.2
83.8
85.5
74.9
59.6
40
45.2
41.8
44.2
45.7
44.2
41.9
41.6
44.2
51.3
45.3
47.4
58.2
64
65.8
65.2
66.7
68
67.2
72.1
74.1
72.4
59.3
47.1
37.7
32.4
29.6
28.9
28
27.6
28.9
30.6
34.2
37.2
41.9
79.3
72.3
55.2
53.3
61.4
73.7
78.4
78.4
82.4
82.7
83.4
74.8
47.8
40
45.5
42.2
38.4
38.7
39.2
37.8
37.1
40.4
50
52.6
51.2
53.6
56
57.3
56.7
55.2
56.6
58.4
58.1
63.4
60.4
52.1
44.3
42
38.6
37.4
36.4
35.3
34.3
34.2
34.6
38.2
46.8
55.2
63.9
62.7
56.7
66
71.3
73.5
76.2
78.3
79.4
81
81.4
74.4
58.3
49.9
45.7
43.4
41.7
39.5
39
38.8
40.8
43.2
46.7
49.4
50
56.5
67
70.3
74.1
77
79
81
82.8
83.5
84.7
79.3
57.7
47.1
43.5
41.4
39.6
35.9
33
30.6
30.2
33.2
45.4
53.9
60.5
63.2
66.2
69
71.1
73.6
75.6
77.2
78.8
79.6
80.7
73.6
55.9
44.3
38.8
37.1
33.8
30.2
29.3
28.2
28.8
31.4
44.4
52
58.1
61.3
64.4
67.2
68.6
70.3
72
73.2
74.6
75.9
76.7
71.3
51.7
43.4
38.2
36.4
32.9
29.9
28.7
28.2
28.9
33
45
52.9
57.7
60.8
63.5
67.1
67.2
67.9
70.3
72.9
75
76
77.6
71.4
55.4
47.4
41.5
37.1
34.2
31.6
30.7
30.7
32.5
37.6
49.8
58.2
60.6
65
68.1
65.7
69
71.6
73.4
75.9
77
78.7
79.7
74.6
59.4
50
45.4
41.3
38.2
36.3
34.4
33.7
34.6
40
52.3
56.6
53
63
67.1
61.8
65.9
70.5
72.6
74.4
76.2
78.6
79.7
72.1
58.1
45.1
39.1
39.3
35.8
33.5
32.8
31.8
32.3
37.2
46
46.6
48.9
56.7
66.9
67.9
67.9
71.6
74.8
76.8
73
68.5
72.4
76.4
78.7
75.1
72.6
69
65.8
72.2
68
62.2
62.8
63.7
65.2
67.8
67.8
67.2
68.7
77.5
87
87.5
89
90.1
93.6
94.9
95.6
95.8
95.8
95.5
93.8
76.1
73
78.2
72.5
65.2
60.3
63.2
66.4
69.8
68.1
63.4
63.6
63.7
62.7
62.1
59.3
58.2
58.9
58.3
56.3
54.2
52.7
50.5
46.9
44.5
43.1
42.9
42.4
41.8
43
48.1
57.2
64.5
72
72.9
74
60.1
70.3
78.2
80.5
83.8
85.8
85.6
86.5
83
65.5
52.5
49.5
48.5
46.9
45.1
43.9
43.5
44.6
49.7
61.2
69.7
75.3
77.8
79.7
81.6
83.2
84.8
85.8
86.9
87.6
87.9
88.6
89.6
72.3
57.8
51.9
48.3
46.3
48.5
46.4
47.8
47.3
51.9
60.9
67.3
70.4
73.8
76.1
78.8
80.1
79.5
36.5
1
1
53.5
82.6
79.6
66.6
53.1
50.4
47.8
46.7
47.2
46.9
48.7
51.1
54
58.9
62.5
64.6
67.1
74.8
80.1
84.6
86.7
88.3
89.2
89.7
90.3
91.7
92.1
84.8
78.3
73.7
67.6
61.7
57.2
54.1
54.1
55.8
59.5
69.3
76.8
80.1
82.6
81.5
78.6
76
76.3
75.4
72.5
70.5
67.9
67.2
70.9
70.6
65.5
58.7
60
53.3
50.7
49.3
49.3
52
57.1
61.3
66
69.9
68.5
71.4
73.6
75.7
76.2
80.7
73.9
77.1
80.1
79.6
81.3
79.9
71.5
66.8
66.1
65.9
66.6
78.6
84
84
84.6
85.4
84.8
84.1
84.2
84.1
84.4
84
84.3
85.4
86.4
87.1
87.9
88.9
88.6
86.5
83
77.5
71.5
64.7
59.2
59.7
60.1
64.4
69
73.6
77.3
82.5
85.7
88.4
89.2
85.8
85.6
85
84.6
78.8
77.9
79
83.8
79.8
77.1
74.6
73.5
71.5
67.9
66.6
67.6
70.2
72.6
77.9
80.5
82.9
81.1
80.1
82.9
82.6
78.5
78.2
81.7
85.2
87.3
89.6
90.5
76.6
69.6
64.8
58.4
55.3
54.1
49.7
49.4
56.9
60.9
65.5
66.9
62.4
64.9
62.7
66
83.2
88.1
85
76.4
75.1
90.6
91.1
91.3
94.4
95.5
93.8
80.1
72.8
71
72.6
85.7
93.8
94.4
94.6
93.2
86.5
85.6
88.3
90.2
91.4
92.1
92.3
92.9
94.3
92
93.3
94
75.2
59
49.5
45.8
44
44
42.1
37.6
37.1
45.2
58.5
71.1
76.2
79.8
81.3
80.5
82.8
84
66.9
62
70
65.7
70.2
77.5
76.2
74.7
64.2
54.4
53.6
51.4
50.6
53.2
53.9
58.4
64.1
70.1
77.1
78.3
79.7
74.8
63.8
72.9
66.5
51.5
45.7
47.3
52.3
56.5
38
30.9
22.4
19.8
15.7
15.4
16.9
17.9
24.1
31.8
38.5
47.2
49.4
52.2
55.2
58.8
65.1
53.6
36.5
38.8
47.7
45.2
43
41.9
42.3
41.1
40.5
36.3
36.2
36.5
38.7
40.6
42.4
44.8
47.8
51.7
50.5
54.4
65.4
72.9
74
77.4
80.1
82.5
83.3
85.2
85.2
83.5
65.8
52.5
49.8
49.9
47.8
43.7
45.1
47.2
50
58.5
70.5
76.1
79.7
82.3
85
85.9
87.2
88.8
90.1
90.4
90.9
91.6
92.7
93.1
90.5
71.9
65.1
61.5
60
58.5
54.6
53.3
56.6
63.4
71.9
75.8
74
75.9
78.1
78.4
78.6
77.8
80.5
81.7
82.6
83
83.5
83
77.5
74
70.6
62.4
54.9
52.8
52.9
52.5
54.9
62.1
72.8
75.1
75.5
75.7
75.5
73.6
70.6
70
72
77
79
80.2
81
81.3
77.8
75.8
75.3
71.8
68.1
66.5
62.8
63
65.6
71.3
74
73.6
71.6
71.9
73.2
73.3
73.3
75.4
77.4
74.5
77.5
84.5
90.4
93
94.8
94.9
94.8
93.8
92.5
88.4
77.1
76.1
81.6
79.9
76.8
80.5
78.7
71
69.3
69
64.8
65.1
65.2
63.3
62.3
62.8
61.9
59.8
57.4
53.8
51.9
50.3
50
49.4
43.7
42.1
44.3
53.7
65.8
71
70.5
65.7
61.1
74.1
79
80.4
81.5
82.2
75
79.1
82.7
85.6
71.8
57.1
49.8
49.2
47.7
46.4
46.1
47
49.6
59.6
68.5
73.4
78.1
70.9
63.6
63.6
63.9
63.3
61.8
60.8
61.1
61.5
62.8
63.1
62.1
61.2
60.6
58.9
55.6
50.5
48.2
48.4
51.3
60.6
69.6
73.7
67.3
65.2
69.5
76.6
76.1
66.1
66
62.5
63.1
63.3
63.2
69
62.1
56.6
52.7
51.2
51.7
53.3
49.9
48.8
50.5
62.3
67.3
69
69.1
70.6
72.5
75.7
77.6
77.8
79
80
80.4
81
81.1
80.4
76.4
66.7
54.6
54.5
52.6
51.1
51.3
50.5
53.9
62.9
69.2
74
74.6
75.2
68.8
63
64.7
75.7
79.7
81.6
83.4
89
93.7
94.8
95.7
96.6
96.9
96.9
97
96.9
97.1
97.2
97.2
97.2
97.1
96.9
96.7
96.5
96.4
96.1
95.5
95
94.8
94.7
94.6
94.7
94.7
95
95
92.9
89.9
85.1
79.9
79.6
78.6
73.2
74.9
84.5
89.3
91.1
91.3
89.2
89.9
93
94
95
81.1
73.5
75.9
77.5
78.6
83.4
85
82.4
72.4
69.1
67.6
65.1
64.4
68.5
74
77.8
83.4
85
82.6
81.5
81.6
84.4
88.8
89
87.6
85.7
84.9
87.8
84.8
86.9
93.2
95.9
95.7
95.3
94.2
94.2
95.7
96.5
96.9
97.1
97.6
97.7
97.7
97.7
97.6
97.4
97.3
97.4
97.6
97.6
97.6
97.6
97.6
97.6
97
97.6
97.4
96.6
92
72.6
68.5
71
84.1
90.5
95
94.9
93.5
93.2
93.6
95.3
95.1
93.8
94.1
94.4
89.4
84.8
89.5
91.6
88.9
78.8
63.7
58.8
58.3
56.2
56.8
57
61
69.7
74.6
74.6
78.3
84.5
86.2
87.7
90.1
91.7
93
94.3
94.7
95.2
95.5
95.7
94
85.6
66.6
62.1
62
64.1
63.5
66.5
71.9
74.8
77.4
75.9
71.3
72.1
70.8
72.2
73.8
83.1
88
92.3
94.6
94.7
95.6
95.7
96
93.9
85.6
75
69.3
65.6
63.1
66.4
77.5
83.6
86.9
89.3
25
1
1
1
1
1
1
1
1
1
1
1
13.9
42.9
1
1
1
1
17
53.1
71.3
76.5
80.4
84.1
87.2
88.1
88.6
88.3
88.4
88
87.1
87.5
87.8
88
86.6
81.8
81.1
82.4
87.8
94.8
96.2
96.9
97.1
97.6
97.7
97.7
97.7
97.7
97.7
97.7
97.7
97.7
97.7
97.7
97.7
97.7
97.7
97.6
97.7
97.7
97.7
97.7
97.7
97.7
97.3
92
78.2
75.8
77.9
83.2
89.1
91.6
93.6
95
96.6
85.9
86.3
86.9
86.8
78.2
77.4
74.7
76.3
87.4
94.6
95.3
95.6
95.5
93.2
89.3
92.5
94.3
94.9
95.2
94.1
93.4
91.2
92.7
95
95.1
92.9
91.3
91.1
92.8
93.7
85.1
81.3
84.8
93.1
90.7
86.1
83.4
86.3
86.3
85.4
87.8
88.5
90.9
92.7
93.6
94
47.6
1
1
1
1
1
1
1
1
1
1
31.6
1
1
1
1
1
1
1
1
1
1
1
1
1
1
1
1
1
1
1
1
1
1
1
1
1
19.4
74.9
71.2
70.2
69.6
69.1
75.6
83.8
88
89.7
91.7
93
94
94.8
95.6
96.6
96.8
97.1
97.4
97.6
97.6
97.6
97
95
82.9
65.9
56.8
55.1
54.9
58.5
68.4
80.3
84.2
89.3
91.7
93.6
94.1
94.6
94.8
95.4
96.2
96.8
97.1
97.2
97.3
97.6
96.9
93.1
73.5
63.9
57.1
54.1
53.6
56.4
62.9
78
86
89.1
91.2
92.9
93.2
94.5
95.1
88
74.4
87.3
90.9
92.7
92.8
93.5
88
72
66.3
62.3
59.6
59.3
59.8
61.2
66.8
76.1
83.3
89.1
91.7
83
72.3
72.4
68.8
60.8
59.2
62.4
61
62.5
63.9
64
62
9.7
39.4
48.3
49.7
49.9
53.8
54.4
56.2
57.1
61.2
62.3
62.7
62.3
64.9
70.2
71.2
82.5
83
83.4
80.9
81.1
83.6
89.5
94.4
95.9
96.7
96.9
97.3
97.7
97.7
97.7
97.7
97.7
97.7
97.7
97.7
97.7
97.7
97.7
97.7
97.7
97.7
97.7
97.7
97.6
97.7
97.7
97.6
97.4
93.9
90.7
90.5
89.2
89.9
90.6
91.4
93.2
94.7
95.1
95.4
95.7
95.8
96.1
96.2
96.3
96.5
96.8
97.2
97.3
97.5
97.6
97.1
94.7
80.1
71.4
68.9
65.4
64.9
65.2
72.8
85.5
87.6
76.2
77.2
83.1
78.9
76.1
77.1
77.2
75.3
71.6
71.4
73.2
74.1
74.9
75.9
76.1
73.7
67.2
67.6
66.7
65.9
65.4
68.9
72.8
75.7
77
80.7
85
87.9
88.6
89
88.1
81.1
71.5
70
71.8
74.5
73.5
76.6
76
74.4
73.2
69.5
66.9
64.6
65.6
69
73.8
75.6
76.9
77
76.7
73.5
77.1
79.2
71.6
70.4
78.3
80.8
82.6
84.4
83.3
74.8
69.7
62.8
61.4
61.8
60.1
58.4
62.3
67.6
78.1
84.2
87.7
88.9
89.9
91
91.7
92.3
92.8
93.3
93.8
94
94.5
94.8
95.2
95.8
94.4
82.3
70.8
69.1
68.2
69
72.8
76
79.3
79.9
84
87.1
88
88.1
86.5
86.5
86.6
87
87
86.5
88.2
90.6
93.2
94.3
93.1
79.6
71.1
67.9
67.2
68.8
71.2
76.4
83.8
86.5
89.8
89.4
89.2
87.6
86.8
86.9
87.5
88.1
88.6
88
88.8
88
87.2
88
86.5
87.1
85.5
83.5
82.8
86
89.7
91.7
94.3
96.6
97.3
97.4
97.6
97.7
97.7
97.7
97.7
97.7
97.7
97.7
97.7
97.7
97.7
97.7
97.7
97.8
95.1
91.2
90.3
87.4
86.9
89.3
92
93.6
93.2
94.4
95.2
96.2
96.6
97.1
96.7
96.8
97.1
97
97.1
97.2
97.6
97.6
97
95
77.7
72.7
72.7
73.1
78.1
87.4
92.2
93.9
93.9
93.8
93.6
94.6
95.2
95.3
95.8
95.9
96.1
96.6
96.9
96.9
97.2
97.4
97.3
97.3
96.9
96.4
94.9
92.3
92
92.5
92.7
92.5
93.3
93.2
91.7
91.8
92.9
92.9
93.1
92.6
92.2
91.9
92.1
92.3
92.3
92.3
90.8
89.3
88.5
90.2
91.6
92
92.1
91.9
92.4
91.7
92
92.1
91.6
90.5
91.1
90.8
90.8
91
91.6
91.4
91.8
92.5
92.7
93.6
90.9
85.5
83.3
81.9
83.1
82.5
84
85.2
87.2
86.6
87.6
89.2
90.5
92.3
92.7
92.5
92.7
92.4
92.2
91.1
90.5
87.8
88.6
89.8
89
87.4
87.1
86
85.1
87
88.1
88.2
88.8
89.6
90.7
91.6
92.1
92.3
92.6
93
93.3
93.7
91.4
85.6
85.3
87.3
89.9
91.5
89.1
86.2
85.6
85.4
85.5
86.4
90.6
91.7
93.3
93.9
94.5
94.4
94.9
95.6
95.8
96.2
97.5
97.6
97
96.8
94.9
95.6
89.3
86.7
81.9
73.1
71.3
70.7
73.2
80.6
93.2
94
96.4
97
97.6
97.7
97.6
97.5
97.7
97.8
97.8
97.8
97.8
97.8
97.8
97.8
97.8
97.8
97.8
97.8
97.6
96.6
95.9
94.1
92.9
92.6
93.7
94
94.8
91
88.2
86.9
91.2
91
89.7
91.3
92.3
93.4
94.3
95.3
96
95.4
89.7
91
93.8
96.9
96.7
94.5
91.4
90.8
91.5
92.5
93
94.4
97
97.7
97.8
97.8
97.8
97.8
97.8
97.8
97.8
97.8
97.8
97.1
82
91.2
95.7
89.9
82.4
87
89
95.2
96.6
96.2
96
97.7
97.7
97.8
97.8
97.8
97.8
97.8
97.7
97.7
97.7
97.7
97.7
97.7
97.7
96.1
86
83.3
84.2
88.7
93.3
96.3
97.4
97.6
97.7
97.7
97.7
97.7
97.7
97.7
97.7
97.7
97.7
97.7
97.7
97.7
97.7
97.7
97.6
93.5
75.4
67.4
64.1
66.7
67.6
76.3
85.6
91
92.8
94.3
95
95.1
96.2
95.8
96
96.1
96.4
96.5
96.5
96.9
96.9
96.9
96
95.2
80.5
69.4
71.8
77.8
82.4
83
84.7
87.3
89.1
90.1
90.8
90.7
89
89.3
90.2
92.6
93.2
91.9
93.8
96.1
97.2
93.2
92.7
91.9
92.9
93.3
90.3
90.1
84.9
81.3
80.6
78.5
78
78.1
79.7
78
77.7
77
79.3
78.5
76.4
73.3
74.1
75.7
75.2
75
75.8
75
74.2
71.7
65.6
70.6
72.1
73.3
72.1
68.6
67.5
67.5
69.3
67.1
67.1
69.7
68.3
67.6
67.1
67
68.4
69.7
69.2
68.3
67.9
67
66
67.9
69
68.5
68.5
72.6
75.2
74.4
74.4
71.9
66.4
65.2
72
62.8
66
64.8
73.3
76.2
76.7
70.6
59.8
57.1
61.3
56.5
57.9
60.7
63.5
64.7
68.5
74.5
74.9
77
77.6
75.6
80.9
86
90
92.5
93.4
93.7
94.7
95.3
96.1
96.6
97.2
97.5
96.9
96.5
95.8
93.4
79.8
79.3
80.6
85.7
89.4
86.2
56.2
95
95.5
95.6
96.2
96.6
96.7
96.7
96.6
97.1
97.3
97.5
97.6
97.5
95.8
82
57.5
56.8
58.4
58.5
61.1
64.1
65.9
64.2
65.6
63.7
74.4
83.6
81.3
77.9
73.8
79.1
87.1
77.9
68.8
64.5
61.4
54.6
52.1
48.7
49.7
49.5
50.2
52.4
52
52.5
56.7
63.7
69.2
72.5
63.1
67.8
72.7
79.3
82
82.1
84.9
86.5
88.4
89.1
88.6
86.9
70.4
57.8
56.3
57.4
56.1
55.1
57.5
66.1
75.5
78.9
80.6
83.1
84.7
84.2
86.4
88.2
88.7
88.7
89.3
89.6
89.8
90.6
90.3
86.5
68.9
58.9
53.3
48.7
48.9
47.6
49.6
60.7
70.1
72.8
73.8
74.8
71.7
67.2
64
47.6
62.4
73.3
85.9
92.6
94.8
96.2
96.6
96.9
96.6
96
94.6
91.3
88
87.9
89
90.7
91
90.3
90.4
91.9
92.7
93.7
94.1
94.2
94.4
94.6
95.1
95
94.9
95
95.2
95.6
95.9
96.3
95.6
92.1
90.7
89.7
89.8
90.1
91.5
93.6
94.3
93.9
94.2
94.8
95.4
95.4
95.2
95.1
95.1
96.1
96.3
96.3
96.2
96.8
96.7
94.7
81.2
73.3
72
70
72.6
79.6
88.2
91.8
84.5
91.4
93.9
94.5
95.1
95.4
96.2
96.8
96.6
96.7
96.6
96.9
97.1
97.3
95.4
91.8
74.5
70.7
73.2
73.9
76.1
82.5
86.3
90.1
92.6
93.5
93.9
94.3
95.2
95.6
95.8
95.6
95.8
96
96.3
96.5
96.7
96.9
95.6
86
76.2
77.4
78.9
82.8
87
92.6
95.1
86.1
81.7
81.7
87.7
92.6
93.9
95.3
95
95.5
96.3
96.6
96.9
97.3
97.4
97.3
92.4
62.8
53.9
50.2
40.7
31.4
29
30.4
29.4
32
47.3
43.5
49.5
46
57.9
63.1
51.1
53.2
48.9
43.7
49.1
43
35.6
32.5
27
26.3
27.6
30.9
30.4
30.8
32.3
39.7
52.8
64
69.9
75.3
79.1
82.4
82.9
83.5
84.6
84.4
84.2
82.1
79.8
79.9
79.5
76.5
73.7
65
49.2
58.1
60.4
59.6
62.4
66.9
71.5
71.8
73.1
75
76.7
80.2
82.7
83.1
79.9
79.5
80
80.2
80.9
80.9
81.5
81.2
77.5
71.6
69.4
70.2
72.3
73.6
72.1
72.8
76.7
81.4
83.3
84.7
86.2
87.2
87.6
89
89.8
90.2
91.4
92.2
93.1
93.7
93.5
93.7
93.1
91.4
87.5
83.6
81.4
81.1
79.8
81.5
83.8
87.1
90.2
92
93.1
93.8
94.3
94.8
95.1
95.2
95.5
95.7
95.8
96
96
96.3
95.1
90.5
70.6
65.3
66.8
66.5
68
75.4
84.9
89.1
90.2
91
91.3
91.9
91.9
91.7
91.7
92
92.7
93.5
95.2
96.9
97.3
97.5
97.6
97.6
97.6
97.6
97.7
97.7
97.7
97.6
97.6
97.6
96.6
94.6
93.4
94
94.1
95.3
96.2
95
95.1
95.8
95.7
95.5
95.6
96
96.5
96
88.1
86.9
85.4
84.2
87.9
87.6
87
87.3
89.1
91.5
86.7
63.9
55.7
58.3
69.9
77.6
78.3
78.3
50.1
37.5
57.1
63.6
49.8
35
36
34.8
33.5
32.5
33
40.9
52.3
60.7
65.4
65.7
66.6
66.1
69.9
70
71.5
73.6
75.9
76.6
76.9
78.3
77.2
77.1
61.5
48.1
43
39
36.4
36.4
44.6
48.5
55
66
71.9
74
75.5
77.6
77.9
78.9
80
81.5
81.5
81.3
81.5
82.2
82.7
82
67
54.1
46.7
41.5
41.5
40.6
42.4
51.7
60.8
65.9
71.3
75.2
76.7
78.2
78.6
79.2
80.6
82.2
80.7
81.2
81.8
81.9
82
82.5
73.4
58.7
54
54.1
56.3
57.9
59.7
66.9
78
81.1
84.5
85.6
86.3
86.5
85.8
86.3
86.7
86.1
85.2
83.4
84.6
85.1
84.4
84.2
79.2
76
74.6
71.9
70.7
71.3
72.2
72.9
72.6
75.4
79.5
79.7
80.3
78.5
78.5
84.2
89.9
93.9
95.2
96
96.3
97.1
97.5
97.6
97.6
97.6
97.6
97.1
88.8
80.4
80.5
79
77.3
76
76.4
84.8
91.4
94.7
96
96.6
96.9
97.1
97.4
97.5
97.6
97.6
97.6
97.6
97.6
97.6
97.6
97.6
97.7
97.7
97.7
97.7
97.7
97.7
97.7
97.7
97.7
97.7
97.7
97.7
97.7
97.7
97.7
97.7
97.7
97.7
97.7
97.7
81.6
1
86.4
97.7
97.7
97.7
97.7
97.7
97.7
97.7
97.7
97.7
97.7
97.7
97.7