87.4
89.4
90.9
90.3
88.9
88.6
87.1
89.6
90.7
77.8
68.5
68.5
66.4
66
65.3
67
71.4
74.7
81.3
88.5
91.4
96.4
93.9
89.8
91.3
92.9
92.4
89.5
81.4
86.8
81.8
85.7
84.9
84.1
73.4
68.5
64.8
65.1
67.7
72.1
72.8
77.7
85.6
84.9
77.7
83.7
86.2
90.6
92.4
90.3
93.8
94.7
91.7
89.1
90.3
89.3
88.4
85.7
75.4
69.8
65.8
65
63.6
62.5
64.1
71.7
80.5
83.3
89.2
85.6
87
85.4
82.9
82.1
80.8
79.8
81.9
80.9
80
79.9
81.4
80.4
72.8
64.8
58.3
61.9
65
66.8
67.1
76
85.9
95.5
97.2
97.5
97.5
97.5
97.5
94.1
95.1
97.3
97.5
97.5
97.1
97.5
97.5
95.7
81.2
70.7
65.1
64.1
65.9
66.9
69.1
80.1
91.6
96.8
97.3
97.3
95.2
95.3
94.4
95.5
94.4
95.6
92.1
92
92.4
90.3
87.9
83.8
74.4
67.6
62.3
61
62.1
67.4
75
86.4
94.1
95.2
97.3
97.5
97.6
97.6
97.7
97.7
97.8
97.8
97.8
97.8
97.8
97.8
97.7
97.6
97.5
94.7
80.6
75.3
72.4
75.5
74.4
85.5
96.2
97.5
97.5
97.5
97.2
97.3
96
95.3
94.3
95.2
92.2
95.8
93.7
93.1
91.8
88.1
77
67.9
63.7
66.5
65.2
69.2
70.6
80.6
89.4
91.5
87.5
83.1
87.6
88.8
87.4
90.5
90.5
93.5
93.3
91.3
94.3
94.6
96.8
94.9
89.5
79.2
75.1
72.3
71.6
74.9
77.5
84.7
95.8
97.6
97.6
97.5
94.8
96.4
97.5
97.6
97.7
97.7
97.8
97.8
97.8
97.8
97.7
97.6
97.3
92.9
79
76.8
74.3
72.4
73.5
79.2
90
97.5
97.5
97.5
97.5
97.6
97.6
97.6
97.6
97.6
97.6
97.6
97.7
97.6
97.6
91.7
89.8
88.2
86.1
81.6
83.7
81
81.2
87.7
95.9
97.6
97.6
97.7
97.6
97.5
97.5
97.5
97.5
97.5
97.5
96.9
97.6
97.6
97.7
97.6
97.4
80.4
70.5
69.9
71.3
73.7
75.9
82.3
86.9
85.9
80.5
77.6
78.5
83
86
90.7
95.3
97
97.1
97.5
96.8
89.3
89.9
86
82.6
79.6
76.9
73.8
73
74
76.5
78.5
81.2
85.7
87.3
95.1
97.3
95.3
95.9
97.3
97.4
97.4
92.3
97.3
93.1
96.3
97.3
96.6
86.1
82.9
74
73.3
72.8
72.6
73.8
77.1
86.5
87.8
92.2
91.5
94.5
91.3
92.3
88.4
87
82.3
83.7
86.8
92.5
94.4
97
94.4
80.3
68.1
64.6
64.9
64.5
62.6
63.5
72.8
82.1
86.8
89.9
88.3
88.4
91.1
92.6
95.1
91.4
94.5
93.1
93.3
97
96.7
97.4
97.5
89.7
84.2
82
79.6
74.5
74.3
78.2
80.5
83.7
85.5
88.4
90
89.6
91.4
95.1
96.7
97.4
97.5
97.6
97.7
97.7
97.8
97.8
97.7
97.5
90.9
83.7
78.4
79.3
80.3
86.3
90.8
96.7
95.2
84
47.5
45.7
47.3
48.7
45
42.6
44
46.4
54.5
56.6
56.3
53.5
51.3
48.4
46.6
44
43.7
44.2
46
47.2
45.5
43.5
42.5
42.8
43
48
48.5
52.9
46
42.7
50.6
57.1
76.4
83.2
86.1
84.6
87.5
74.1
61.2
54.7
52.4
52.3
51.9
52.6
57.6
65.4
67.9
70.7
72.3
73.6
79.2
78.5
79
78.2
78.9
83.1
78.4
81.9
87.1
89.4
83.2
72.1
63.6
57.1
56.4
54.5
54.5
54.4
59.1
66.5
70.3
72.4
74.9
77.8
80.3
80.3
82.6
78.8
78.3
80
81.1
79
79
78.1
72.7
64.1
54.3
52.4
51.7
50.9
52.6
44
41.4
45
51.8
54.1
52.9
53
56.1
58.9
56
57.7
59
59.8
60.9
65
64.8
62.3
77.4
71.7
72.6
78.4
76.1
78.8
83.8
81.7
82.5
86.7
86.8
95.3
97.6
97.6
97.6
97.6
97.6
97.7
97.7
97.8
97.8
98
98
98
98
97.9
86.3
78.7
81.9
81.4
80.8
86.1
97.1
77.7
57.2
57.1
50.9
51.3
57
56
59.9
62
59.7
57.8
65.5
79.1
86.9
90
81.8
73.8
67.6
73.5
76.9
79.5
85.3
95.6
97.5
97.6
97.6
94.2
90.2
83
78.1
73.1
71.6
70.4
68.2
67.6
67.6
66.6
67.4
68.3
67.1
68.6
63.3
61.7
60.2
58
60.3
62.2
62.4
65.4
70.5
77.5
80.5
84.7
85.8
86.3
88.4
90.5
91.5
95.1
92.7
93.6
94.3
94.7
87
73.6
69.4
66
64.9
63.3
62.7
61.7
65.4
73.5
78
79.9
86
89.3
91.9
90.8
89.2
88.5
88.8
89.4
89.3
84.9
86.3
84
79
68.1
61.8
57.5
57.4
59.5
59.1
60.4
66.4
74.1
76.2
83.1
87.1
94.2
94.8
90.7
87
81.5
81.3
87.9
81.1
80.1
83.6
94.4
91.7
72.3
73.8
71.9
71.6
68.5
68.7
71.4
75.7
87.1
95.2
97.4
97.5
97.6
97.5
97.6
97.6
97.7
97.7
97.7
97.7
97.7
97.7
97.7
97.7
95.8
88.2
75.3
70.9
69.7
72.1
78.1
81.6
96.8
97.5
96.5
87.9
86
76.3
80.1
88.6
94.5
95.7
97.4
88.8
91.3
89.2
86.9
78.4
65.7
58.8
61.4
63.7
60.4
58.6
60.7
63.6
70.6
83.6
83.7
91.1
94.8
97.5
97.5
97.5
97.5
97.6
97.6
97.6
97.6
97.6
97.6
97.3
85.1
74.8
71.2
68.8
66.1
65.9
66.4
71.6
80.4
90.5
95.4
97.5
97.6
97.6
97.4
97.6
97.7
97.5
97.5
97.5
97.7
97.9
98
98
97.6
94.5
82
78.1
77.8
78.1
81.4
91.2
96.6
96.7
97.6
97.6
97.6
97.6
97.6
97.6
97.6
97.6
97.6
97.6
96
96.6
97.5
95
94.6
94.2
93.4
91.7
97
97.6
97.7
97.9
98
98
98
98
98
98
98
98
98
98
98
98
98
98
98
98
97.7
95.2
84.9
80.1
78.8
79.1
80.2
94.3
97.7
98
95.1
79.9
75.3
76.7
82.9
93.1
94.4
96.6
96.7
94.1
90.6
88.1
88.6
80.9
73.2
63.6
67.7
64.2
61.9
66.8
70.5
77.3
90.9
97.4
97.6
97.7
97.7
97.9
98
98
98
98
98
98
98
98
98
97.9
97.3
88.3
75.2
76.7
74.5
75.4
74.4
77.2
89.7
97.2
97.5
97.6
97.7
97.7
97.9
98
98
98
98
98
98
98
98
97.3
86.2
75.8
67.1
68.1
70.5
72.8
75
80.6
88.3
97.3
97.5
97.6
97.7
97.7
97.9
97.9
97.9
97.8
97.7
97.7
97.5
97.5
97.5
97.5
94.2
82.3
78.2
71.6
69.6
72.1
73
75.2
85.1
95
96.3
91.2
94.4
96.9
97.9
97.9
98
98
98
98
98
98
98
97.7
97.9
97.7
97.7
97.6
97.6
97.6
97.3
97.6
97.8
98
98
98
98
98
97.9
97.9
97.7
97.9
98
98
98
98
98
97.9
75.5
40.5
37.1
34.5
35.9
38.4
38.3
38.3
43.3
46.6
51.5
53.4
51
51.8
57
60.3
61.8
64.4
62.7
64.8
63.8
63.5
59.3
56.9
50.6
46.3
43.9
42.9
42.4
41.7
44
43.6
51.4
58.7
63.1
65.7
67
69.4
70.1
71.4
71.1
75.9
75.3
78.8
76.9
72.9
71.5
71.3
70.5
66.1
61.5
59.5
58.8
61.9
67.4
84.6
97.7
97.5
97.6
97.7
97.6
97.6
97.4
94.9
97.5
97.4
97.3
97.1
91.2
90.3
88.8
85.7
78.6
65.3
60.5
59.8
60.5
60.4
60.5
63.4
71.6
81.5
87.9
90.2
94.9
97
94.8
97.4
97.2
97.5
93.1
97.4
95.3
97.4
96.7
82.3
68.3
64.4
64.6
63.4
65.2
64.2
65.2
64.9
71.9
82.8
91
96.1
97.4
97.5
97.5
97.5
97.5
95.5
96.9
95.7
94.2
77.5
71.8
72.7
66.1
64.9
65.6
65
63.7
63.9
63.3
64.7
70.6
79.3
89.7
93.5
96.3
97
96.1
95.9
97
97.4
97.5
97.5
97.3
97.5
97.6
96.4
80
70.9
66.5
64.8
65.5
65.6
68.3
73.6
80.9
86.4
88.3
96.5
97.5
97.5
97.4
90.5
82.2
88.7
90.1
95.4
97.6
97.7
98
98
98
98
98
98
97.9
97.6
97.4
97.5
97.5
97.7
97.9
97.7
97.6
94.2
55.1
77
92.5
87.8
71.1
61.1
51.1
45.4
79.8
95.3
89.4
86.2
83
74.2
67.6
52
45.2
47.1
47.5
47.5
47.8
50.3
51.8
50.6
48
56.3
59.9
55
58.1
62.8
61.4
62.9
62.9
57.7
59.6
55.2
55
51.2
47.8
46
43.8
45.1
49.7
55.2
61
63.3
67.4
72.8
68.3
71.3
70.6
72.4
73
72.6
69.1
66.8
72.4
66.7
61
59.9
57.8
56.5
55.3
54.1
55.3
58.4
65.5
71.7
78.2
81.3
81.7
83.8
89.4
88.3
90.3
77.7
74.3
76.4
79.5
76.2
71.7
65.2
47.6
46
41.5
43.4
46.9
45.1
44.2
38.5
39
40.4
41.7
41
41.3
40.8
41.1
40.3
41.3
49.4
49.2
51.5
56.2
57.5
54.3
50.8
45
42.7
42.8
41.6
39.6
39.9
40.3
41.6
44.2
50.3
55
57
55.9
59
65.2
66.4
69.1
69.5
69.4
71.6
75.3
78.2
80.7
72.3
64.2
64.6
64.4
63.2
62.5
62.8
61.9
62.2
63.8
68.8
73.4
74.6
70.7
69.6
72.2
80
81.7
87.7
91.3
95
95.1
92.3
91.6
82.4
74.3
65
62.4
62
61.7
61.8
61.5
63
66.1
72
76.2
82.2
88.1
90.9
91.5
95.3
95.6
97.2
97.4
97.4
97.4
97.5
97.4
86.7
73.1
69.1
66.7
64.9
63.5
62.8
62.4
63.3
66.7
73.1
78.2
82.1
85.3
88
88.8
91.9
93.3
93
93.9
95.3
97.1
96.3
96.2
89.1
74.3
67.6
66.8
65.4
63.7
63.7
66.5
68.7
72.5
81.6
89.3
94.5
97
95.5
97.5
97.5
97.6
97.6
97.8
97.7
97.8
97.7
97.7
97.6
90.4
78.3
71.7
70.3
69.7
69.7
70.9
73.1
78.1
88.1
95.2
97.5
97.5
97.5
97.3
97.1
97.3
90.2
97.5
97.5
97.5
96.4
96.7
95.4
86.2
79.7
69.4
67.1
66.1
65
65.2
67.3
73.1
82.7
87.6
92.5
96.7
97.5
97.5
97.5
97.6
97.6
97.6
97.6
97.6
97.6
97.6
96.4
78
70.5
67.1
66.9
66.7
65.7
65.6
66.4
69.3
76.9
86.7
92.4
94.2
89
89.8
92.9
93.1
93.9
87.5
84.8
87.6
90.2
89.1
91.9
92
90.6
85.7
81.2
94.6
97.8
98
97.8
97.6
97.7
97.7
97.7
97.6
97.7
97.8
97.9
98
98
98
97.9
97.9
97.9
97.9
97.8
97.8
97.9
97.9
97.9
98
98
98
98
98
98
98
98
98
98
98
98
77
56.5
61
59.9
59
53.8
52.9
43.9
39.6
37.6
38.7
38
38.4
38.2
38.1
37.7
42
40.4
43.9
53.8
51.1
58.4
65.8
68.1
66.6
69.7
69.4
68.7
69.2
70.8
66.1
57.7
50.7
48.8
49.7
49.6
47.9
47.9
48.5
48.6
51.9
56.9
64
67.6
69.8
70.7
72.7
74.9
73.2
72.3
73.1
73.2
73.7
74.2
71.6
72.8
67
64.5
63.3
62.4
63.1
61
59.7
59.6
52.8
39.2
38.3
39.8
40.2
41.4
41.8
41.1
42.3
44.1
43.9
49.7
57.7
47.9
49.8
47.2
45.1
49.6
51.9
53
56.6
55.5
55
55.2
57.9
63.9
68.9
74.5
77.3
79.6
74.3
71.5
76.4
79.3
73.4
80.6
80.8
81.2
84.7
74.4
63.8
52.1
51.7
51.6
51.7
52.9
52.9
53.6
56.9
66
67.6
74.7
77.5
81.6
81.2
84.6
86.8
88
88.2
90.6
92.4
91.5
85.6
70.3
63.5
59.8
58.1
57.3
60.9
60.2
59.4
63.9
66.2
72.4
78.9
82
89.4
96.7
97.5
97.5
97.6
97.6
97.6
97.6
97.6
97.7
96.7
82.8
72.1
66.7
65.8
63.2
59.5
58.1
57.6
57.7
59.8
65.2
67.7
74.2
76.1
79.1
85
90.5
92.2
94.3
96
97.2
96.7
96.5
95.5
80.3
67.4
62.4
60.4
60
56.3
51.1
48.9
50.1
55.4
59
61.7
71.5
75.8
73.7
68.4
80.6
96.4
97.5
97.5
97.3
88.8
86.4
71.9
79.1
83.3
80
75.6
73.7
71.3
69.2
67.5
67.2
71
80.8
85.6
90.1
93
97.1
97.5
97.6
97.7
97.7
97.8
97.8
97.8
97.8
97.8
92.6
86.9
97.5
97.1
85.5
84.4
79.9
77.7
79
81.4
85.9
94.8
97.6
97.8
97.9
97.8
98
98
98
97.8
97.7
97.9
98
98
98
98
97.5
88.3
74.9
70.1
68
65.2
61.6
64
75
88.6
93.8
97.5
97.6
97.7
95.5
97.6
95.4
97.5
97.3
97.5
82.7
80.9
73.6
65
63.3
66.3
66
62.5
61
60.7
62.3
64.3
71.2
78.6
84.4
86.4
93
90.7
94.5
97.3
97.5
97.5
97.6
97.6
97.6
93.2
86.1
73.7
72.7
70.8
72
72
70.2
68.6
69.6
72
78.2
84.3
89.9
87.6
92.4
96.9
97.5
97.5
97.6
97.6
97.6
97.8
97.8
97.2
85.2
79
74.5
82
81.4
72.6
67.9
60.5
51
47.3
40.2
38.4
37.9
38.5
43.9
48.5
90.3
97.6
97.6
97.7
97.7
97.7
97.4
92.1
74.5
69.9
64.5
64
54.2
44.3
38.9
37.4
38.1
39.1
40.7
42
45
47.3
54.8
67.3
80.8
78.5
70.9
78
83.4
84.9
83.3
76.3
75.1
69.2
66.7
62.2
61
64.4
60.8
48
42.5
43.6
44.9
50.8
72.2
73.4
77.2
85.7
96.2
97.6
97.6
97.6
97.6
97.7
97.7
95.5
88.7
95.1
95.6
88.8
80.8
74.4
72
70.2
71.1
74.2
79
86.3
88.2
84
84.6
83.2
77.8
77.6
74.3
71.6
76.8
80.9
81.9
80.6
72.4
64.8
62.8
62.8
60.3
59.1
58.1
57.3
57.4
58
63
65.7
68.7
72.4
81.7
80.8
75.8
83
94.3
97.6
97.6
97.8
97.8
97.9
84.7
73.1
68.8
68.2
67.6
66.4
65
63.3
62.9
65.4
71.5
80.1
86.1
89.3
95.5
82.6
85.3
91.6
94.7
87.8
95.8
97.5
97.4
87.9
76.3
67.6
64.6
62.5
60.8
61.5
59.9
58.8
58.5
60.4
64
70.1
76.2
78.8
82.1
86.2
88
87.8
90.5
92.5
95.9
94.6
95.6
83.9
70.4
63.9
60.7
58.9
58.5
56.8
54.4
51.7
50.2
50.4
57.3
61.7
66.4
69.6
70.5
71
73.1
75
75
78.7
80.5
82.8
83
76.2
65.8
60.9
55.7
52.4
51.3
50.6
52.1
54
56.9
61.8
68.6
68
70.2
73.4
78.4
81.7
81.2
85.6
84.9
87.6
81.8
83
81.4
82.4
79.3
75.2
73.7
70.9
84.3
88.3
96.4
95.4
93.8
97.5
97.9
98
98
97.8
97.9
98
98
98
98
98
98
98
98
97.8
97.7
97.7
97.6
94.2
84.4
81.6
81.3
80.2
79
78.6
89.5
97.3
95.9
97.3
95.5
90.2
95.9
97.4
97.3
97.4
97.5
97.6
97.5
97.5
97.9
98
98
97.9
97.7
95.4
89.3
86.4
87.4
97.8
97.9
97.9
97.9
97.7
97.7
97.8
98
98
98
97.7
97.7
97.5
97.2
94.1
94.7
97.6
97.6
97.7
97.8
98
97.8
97.8
97.9
98
98
98
98
98
98
98
97.9
97.8
97.7
97.6
97.7
97.8
98
97.4
86.5
75.5
76.8
77.1
95.5
97.4
93.9
95.6
97.8
97.6
97.7
97.9
98
98
98
97.7
97.5
91.5
97.5
97.6
97.7
97.7
97.8
97.5
98
98
98
98
97.8
91.4
77.9
73.1
86.4
97.5
97.6
97.5
97.5
97.8
97.7
97.6
97.7
97.7
97.8
98
98
98
98
97.7
89.4
77.6
76.1
74.5
70.7
66.6
65.6
64.1
61.9
61.3
66.5
71
76.4
86.2
86.5
90.5
93.9
95.4
94.6
92.5
97.5
97.5
95.4
81.5
70.5
65.7
65.2
64.5
64.2
61.7
55
57.2
59.5
60.7
68.7
81.7
97.1
98
97.8
97.6
97.7
97.7
97.7
97.7
98
98
98
98
97.6
89.3
87.3
79.7
76.3
75.2
75.5
74.2
75.4
75.6
82.9
95.8
97.5
97.6
97.6
97.5
97.9
97.9
98
97.8
97.3
95.6
95.6
96.6
90.2
78.9
73.1
71.9
70.8
70.5
70.8
71.4
69.8
71.4
73.1
74.1
73.6
75.4
80.1
95.8
97.8
97.9
97.8
97.6
97.7
97.7
97.8
97.7
97.5
97.6
97.8
97.9
97.9
98
98
98
98
98
98
98
98
98
98
98
98
98
98
98
98
98
98
98
97.8
97.4
97.6
97.5
97.6
97.8
97.7
97.9
98
98
97.8
97.9
97.9
98
98
98
98
98
97.9
98
98
98
98
96.3
83.2
79.3
77.4
75.3
73.4
71.4
68.8
67.8
65.7
62.8
NA
NA
NA
NA
NA
NA
NA
NA
NA
NA
NA
NA
NA
NA
NA
NA
72.8
NA
NA
NA
NA
NA
NA
NA
NA
NA
NA
NA
NA
NA
NA
NA
NA
NA
NA
NA
NA
NA
NA
NA
61.5
61.9
61.4
61.9
61.7
61
59.3
58.1
66.3
74
79
83.1
85.1
91.7
96.6
97.4
95.6
97.4
94.6
85.8
90.3
74.6
68.4
67.3
66.3
64.2
63.3
63.6
61.6
59.2
58.3
56.1
58.7
66.5
72.4
79.6
75.6
77.4
84.1
93.2
95.4
97
97.3
88.8
87.7
79.7
74.5
64
63.2
61.1
58.7
58.3
58.9
61.1
65.6
70.3
72.3
67.8
83.2
97.5
97.6
97.6
97.7
97.7
97.6
95.8
90.2
84.3
95.7
95.6
88.1
75.1
76.1
78.4
77.4
81.9
89.9
93
94.5
95.1
97.1
97.9
97.8
97.7
97.8
97.7
97.7
97.8
97.6
97.7
97.8
97.7
97.7
97.5
92
89
87.3
83.1
79.5
77.5
76.1
76.1
77.3
79.4
81.8
86.4
96.8
97.6
97.7
97.9
98
98
98
98
98
98
98
98
98
97.8
97.6
96
84.8
72
68.4
71.7
97.4
87.9
92.6
84.9
81.5
80.4
79.8
84.8
84.9
88.5
86.9
83.9
89.4
86.9
88.5
78
73.3
71.4
70.8
67.9
74.4
92
94.4
95.7
90.3
88.7
95.4
97.6
96.4
97.5
97.4
93.5
92.5
89.5
87.2
90.2
90.7
88.8
88.9
83.7
79.3
75.4
71.3
70
67.5
64.8
64.1
70.9
91.7
92.3
96.3
90.1
88.9
84.1
81.5
82.6
81.9
84.4
83.6
90.4
88.5
87.8
92.4
97.6
97.6
97.6
97.8
97.9
97.6
97.5
97.6
97.2
97.5
97.3
97.4
97.3
97.8
97.9
98
98
98
97.9
97.8
95.3
96.8
97.6
92.2
96
93.6
82.7
77.3
75.5
73
70
67.4
67.4
63.3
71.2
78.6
75.2
81.5
96.2
96.1
91.3
83.7
82.5
83.4
94
97.7
97.6
97.5
97.5
97.8
98
97.8
97.9
97.9
98
98
97.9
97.9
97.9
97.7
97.7
97.7
97.7
97.8
98
97.6
96.8
97.5
97.9
98
98
98
98
98
97.9
97.8
97.6
97.6
97.1
95.7
94.4
95.9
97.6
97.5
97.7
97.9
98
98
98
98
98
98
98
98
98
98
98
97.7
91.9
82.7
79.4
77.5
76.8
75.4
74.8
85.6
86.4
75.4
78
84.3
75.4
79.8
87
96.1
95.5
88.2
73
78.9
77.7
75.9
72.5
67.5
64.5
60.5
58.7
56.8
57
57.1
56.5
58
61.8
68.8
72.2
80.6
85
84.3
87.3
88.7
88.8
92.2
90.3
90.4
92.9
86.1
72.1
61.7
60.3
59.4
58
57.1
55.1
53.7
52.4
52.2
55.9
64.9
69.5
74.8
80.1
83.9
84.5
89.8
93
95.6
95.7
95.1
93.3
81.1
73.1
63.6
58.8
55.1
52.4
51.9
51.7
52
47.7
47.8
49.9
57.8
64.6
68.4
71.7
75
77.7
80
83.8
84.2
85.9
85.3
87.2
83.7
71.9
62.4
57.9
57.6
56.7
56.3
54.7
53.5
54.9
58.5
64.5
63.1
68.1
75.7
86.2
95.3
98
98
98
98
98
97.7
97.9
97.7
97.8
90.7
75.3
72
69.3
67.9
67.8
66.9
71.5
73.9
74.2
75.8
79.2
85.3
96.9
95.7
97
97.7
97.8
97.9
98
98
98
95.9
78.8
76.9
74.6
69.8
66.1
63.9
61.5
59.5
57.2
55.3
58.5
62.6
72.9
82.3
90.3
97
97.5
97.6
97.7
97.7
97.7
97.7
97.7
89.2
77.4
71.2
66.9
65.1
62.9
60.4
59.6
58.8
58.7
61.3
64
73.2
74
80.4
84.3
90.2
94
97.2
97.5
97.5
97.6
89.3
94.4
97.5
89.4
82.7
79.6
73.8
73.3
75.1
70.6
66.2
67.4
67.5
68.6
72.5
86.8
96.3
97.5
97.6
97.6
91.9
96.4
92.8
90.1
97.3
92.4
97.6
94.4
97.6
97.6
97.5
97.2
92.4
86.2
80.7
78
74.9
76.6
91.2
97.9
98
97.9
97.6
97.6
98
98
97.9
97.3
96.8
94.5
97.1
94
81.3
78.4
81
93.7
94.4
86.4
82.4
97.1
97.8
97.6
97.7
94.4
90.5
97.7
97.8
97.7
97.8
97.7
97.8
97.9
97.9
97.8
97.9
97.7
90.9
73.5
72
68.6
68.7
66.4
66.7
68.1
74.3
79.9
85.4
81.8
80
92.8
96.2
97.6
97.7
97.7
97.7
97.6
97.6
97.5
84.3
74.5
70.3
65.8
64
61.3
59.2
59.8
59.2
75.7
88.5
68.8
76.9
83.1
87.7
95.7
95.1
89.9
95.4
97.7
97.8
97.7
97.7
97.8
97.6
89.6
79.7
73.6
73.2
73.5
70.5
67.6
78.7
97.4
97.8
97.7
97.7
97.6
97.6
97.6
97.7
97.7
96.5
95.3
97.5
97.6
87.8
89.8
86.4
76.8
73.6
67.8
64.5
64.6
63.9
63.3
59.8
65.1
70.6
77.1
77.7
81.6
83.7
85.6
86.1
93.1
96.3
97.7
97.7
97.8
97.8
97.9
94.5
97.9
97.1
83.5
66.9
61.8
60.7
59.7
57.6
57.5
61.6
67
70.2
79.1
76.9
75
76.8
80.2
85.1
82.8
87.6
96.9
97.7
97.7
97.6
89
74.3
71.3
68.5
67.4
68.1
67.4
67.7
89.1
85.6
84.1
82.9
79.2
78.8
80.3
93.4
97.6
97.4
97.4
97.6
98
98
98
97.9
97.9
97.7
97.2
89.6
78.6
71.2
70.7
74.6
79.1
94.7
96.5
97.6
97.9
98
97.9
91.9
92.8
85.5
96.6
92.8
97.7
97.6
97.8
97.6
97.3
95
91.1
87.6
74.6
73.3
77.7
74.2
77.4
86.4
93.8
94.3
97.6
97.7
97.8
97.8
98
98
98
98
98
98
98
98
98
98
98
98
98
98
97.8
94.1
80
77
78.2
84
92.5
96.7
97.8
97.8
97.9
98
98
98
98
98
98
97.7
87.3
79.9
83.3
77.5
73.9
73.8
70.3
69.5
69.6
73.2
80.9
97.1
98
98
98
97.9
97.9
97.8
98
97.9
97.9
97.8
97.7
97.6
95.8
94.1
97.5
91.8
84.9
81.1
79.9
76.5
75.9
77.1
80.7
85.8
95.7
97.6
97.6
97.8
97.7
97.7
97.8
97.9
98
97.9
97.9
97.8
97.7
97.6
92.5
81
76.4
72.7
69.1
71.1
72
78.3
82.2
81.3
85.1
87.9
94.4
97.6
97.7
97.4
97.7
97.6
98
98
98
98
97.7
97.7
95.9
79.9
76
74.1
69.4
67.9
66
66.7
69.8
75.5
87.5
91.6
93.4
97.5
97.1
97.6
97.7
96.7
97.9
97.9
97.9
97.6
83.3
75.5
71.8
70.9
72.5
70.7
70.2
79.3
95.2
87
93.8
95.1
97
97.2
96.7
97.7
98
97.8
97.8
98
98
98
97.9
97.3
88.5
73.5
69.7
68.2
67.1
66.9
65.6
64.8
67.5
65.9
67.3
70.3
78.3
85.5
95.3
97.6
97.6
97.7
97.8
97.8
97.9
98
97.9
95.7
80.2
69.4
63.1
61
61
60.9
61.8
61.9
61.7
61.9
63.3
65.1
74.8
86.4
96.5
97.5
97.5
97.6
97.7
97.7
97.7
97.8
97.8
97.4
85.7
71.4
65.9
64.1
62.9
62.9
62.1
61.7
62.1
63.2
65
70.3
74.3
88.1
95.4
97.3
97.3
97.3
97.5
97.5
97.6
97.6
97.7
96.2
80.5
70.9
67.3
64.2
58.8
55.5
53.5
54.3
50.3
51.6
55
58
65.9
67.6
65.9
71.8
71.3
71.2
72
74.7
77.2
79
86.2
84.1
73.6
70.8
66.6
62
66.4
65.8
64
62
63
62.4
62.6
67.2
83.5
97.6
97.6
97.6
97.8
97.7
97.8
97.8
97.9
98
97.8
97.6
85.4
72.2
70.4
68.8
63.7
60.6
58.3
56.5
50.3
44.4
46.4
47.9
56.3
63.5
69
75
85.9
96.7
97.5
95.3
94.7
95.5
92.1
85.2
75.8
71
68.7
67.1
62.6
54
49.2
42.6
39.4
36.6
38.5
47.5
72.2
76
77.2
77.1
82.9
85.7
83.3
82.9
82.7
87.6
87.6
87.2
77.5
73.9
71.9
68.8
69
67.1
65.7
65.3
64
64.6
65.2
68.4
74.7
78.8
79.6
84.4
86.4
95.7
95.9
90.2
89
93
96.4
85.2
77.7
68.7
64.3
63
57.6
50.1
43.6
40.4
40.5
40.7
41.1
48.4
54.9
59.8
61.1
70
85
96.2
94.9
96.3
97.6
97.5
97.4
85.2
74.1
67.7
65.6
63
64
60.5
59.4
59
58.1
NA
58.3
60.3
66.3
68.2
74.7
75.8
77.4
71
72.7
85
89.7
83.1
85.7
80.6
70.1
62.6
59.9
58.4
56.4
54.4
55.4
55.9
55.3
58.7
64
68
72.7
75.3
80.3
82.6
85.9
89.6
96.2
91.1
94
93.4
92.3
89
81
71.1
63.3
59.8
58.4
57.4
55.8
53.5
51.6
52
53.5
58
65.8
70
76.9
80
80.1
81
84.7
80
81.5
92.6
86.6
71.9
70.8
66.5
64.2
61.4
59.6
56.8
59.1
60.7
60.7
61.8
65.6
65.9
66.3
62.6
60.8
63.9
73.1
79.8
86.6
89.9
93.6
93.1
95.3
79.1
68.5
67
61.4
59.2
61.1
60.7
57.2
55.6
56.6
59
95.9
97.9
97.8
97.6
96.8
97.4
97.7
97.7
97.7
97.6
97.7
97.9
97.9
97.7
97.6
94.5
89
85
77.6
75.1
90.5
89.3
97.7
97.4
94.8
91
97.6
97.7
97.9
97.7
97.9
97.8
97.7
97.7
97.7
97.7
97.6
97.5
88.8
78.4
78.3
72
67.9
64.2
61.7
59.7
58.2
58
60.1
63.4
67
77.9
85.9
69.9
63.3
82.5
88.1
86.8
84.2
83.7
78.8
78.2
79.5
75.3
72.2
69.3
66.8
63.3
62.7
65.4
68.1
69
70.3
70.9
72.6
78.3
90.4
97.2
97.7
97.8
97.9
97.7
97.7
97.7
97.8
93.3
83.6
75.4
71.1
69.2
NA
63.9
61.9
60.5
59.3
58.9
60.3
65.9
72.8
78.6
80
80.1
86.8
96.5
97.7
97.7
97.7
97.9
97.7
93.2
83
73.3
63.4
62.8
61.3
61.1
62.3
60.5
60.4
61
62.1
63.9
67.9
72.6
84
84.1
87.4
77.1
75.9
75.6
79.7
82.7
84.2
80.6
70.9
64.3
60.9
59.8
60.4
58.1
57.4
57.4
58
58.8
60.2
62.2
70.5
78.6
87.4
93.1
89.5
91
94.1
96.5
97.6
97.7
97.6
91.1
77.2
69.5
65.7
64
62
60.9
59.5
58.7
58.4
59.1
60.4
63.7
71.5
78.6
82.5
83.6
96.1
97.3
96.7
97.5
97.6
97.7
97.7
94.8
80.6
71
68.4
66.1
64.4
61.5
59.3
57
56.9
66.2
93.4
98
97.4
88.6
88.9
91.7
97.3
97.7
97.7
97.7
96.8
84
89.5
92.4
83.8
78.8
71.8
66
64.5
63.6
62.3
59.7
57.8
55.5
56
65.2
74.3
86.3
91.7
93.4
94.3
96.4
93.4
94
89.2
97.5
93.9
92.1
96.3
94.2
95.5
86
71.7
68.6
68.3
70.9
70.9
67.8
NA
NA
NA
NA
NA
NA
NA
NA
NA
NA
NA
NA
NA
NA
NA
NA
NA
66.9
65.5
62.5
63.9
62.3
62.9
63
65
66.6
69.6
75.4
80.9
84.4
90
80.7
84.3
92.7
94.5
94.6
88.7
83.8
70.7
58.1
57.1
55.3
55.3
54.6
55.3
54.7
54.9
54.6
55.9
58.3
64
72.6
80.4
83.6
87.2
93.2
97.2
97.6
97.6
97.3
96.9
82.7
71.1
64.9
61.9
61.4
57.9
57.4
55.5
53.8
53.9
54
55.4
59.5
67.5
74.2
83.1
90.8
95.2
96.9
97.4
97.5
94.3
92.4
81.7
81.2
75.9
66.7
62.6
59.4
59.4
59.8
57.3
54.8
57.8
58.7
60.6
62.3
65.2
67.4
71.3
73.6
76.9
75.4
91.7
97.9
98
97.7
97.9
98
97.9
97.9
98
97.9
98
97.8
92.6
83.6
82.8
85.5
84.7
84
86.2
93.2
96
97.7
97.7
97.7
97.9
97.8
97.4
97.3
96.4
97.6
97.6
96.5
84
77
76.1
67.2
66.3
63.3
60.8
61.7
63.3
70.9
79.4
83.8
85.2
85.4
88.5
89.7
88.1
96.4
97.8
98
97.8
97.6
86.1
80.4
75.5
64.5
61.5
64.2
65.5
65.8
66.5
67.8
93.4
97.6
90.7
87.7
97.1
97.9
97.4
96.3
97.8
97.9
98
98
97.9
95.6
89.6
77.1
68.3
63.8
65.4
66.5
65.5
71.2
69.3
71.1
75
84.4
90.5
96.9
92.8
92.5
95.4
95.4
94
81.2
91.8
96.1
91.9
79.3
76.6
72.9
67.1
62.2
59.8
58.4
60.1
58.7
58.7
60.5
68.5
71
79.9
91
96.4
91.5
94.3
97.6
94.1
84.4
81
82.4
78.7
67.7
62.1
56.3
54.1
57.4
57
55.8
55
53.3
54.4
55.5
57.4
60.3
65.7
51.6
46.8
56.2
68.4
93.5
95.9
87
93.6
92
96.8
73.6
65.6
59.8
62.8
64.3
64.3
61.6
62.5
61.2
61.5
61.4
61.8
63.7
66.5
66.2
63.8
63.1
63.2
63.3
64.2
63.8
64.5
64
66.5
64.1
61.5
60.1
59.2
57.4
57.2
56.6
55.7
55.5
55.5
56.1
57.4
59.4
61.7
70.4
81.3
91.7
96.2
97.3
97.5
97.6
97.6
97.7
97.6
85.3
72.3
65.5
62.5
61.2
60.4
58.7
57.7
56.4
54.8
54.2
55.2
58.1
65
73.6
83.9
88.6
93.8
97.3
97.5
97.6
97.6
97.6
97
82.4
71.1
63.3
58.3
56.6
49.9
47.5
45.4
45.1
43.6
42
42.3
46.2
53.4
59.6
65.8
68.1
72.7
76.5
80.3
82.5
84
86
82.7
68.1
62.2
52.4
49.3
48.6
47.3
46.8
48
48.4
49.9
50.9
51.3
54.4
60.4
68.5
74.1
75.9
77.2
91.4
97.3
97.5
97.5
97.5
96.2
78
66.4
61.1
60
59.3
60.1
58.5
57.9
57.6
56.8
58.2
60.4
59.5
62.9
67.8
69
72.7
78.7
83.5
81.1
85
84.7
91.3
95.3
80.9
74.2
73.3
70
65.7
63.2
61.9
61.4
63.5
65.3
67.3
67.4
68.1
61.7
63.9
74.1
83.7
77.8
86
84
85.8
93.6
80.3
82.2
80.5
71.6
71
63.6
62.6
61.8
60.7
59.5
58.4
56.7
57.1
58.5
61.3
76.6
97.8
98
98
98
98
98
98
98
98
97.9
97.8
89.3
81.5
85.9
73.8
62.9
65.2
66.3
69.1
67
62.2
61.8
64.1
67.7
72.4
84.6
90.2
91.3
97.5
92.6
97.4
97.7
97.8
97.8
96.2
80.6
66.2
62.2
61.5
61.9
61.3
59.4
59.2
57.7
58.4
59.3
61.9
68.9
79.6
86.2
81.8
84.8
81.8
84.9
97.6
97.7
97.7
95.3
78.2
74
62.5
60.1
59.8
59.9
62.1
61.8
60
58.2
58.3
61.7
64.4
71.7
78
87.3
93.5
92.3
96.3
97.5
97.6
88.2
89.8
97.4
97
91.1
80.6
74.5
71
66.5
62.6
65
65.4
65.5
78.4
97.8
97.6
97.8
97.8
97.6
97.6
97.7
97.8
97.8
97.7
98
98
98
95.9
88.4
72.1
68.7
65.6
63.3
60.1
60.7
63.4
63.1
64.4
65.8
67.9
71.9
80.4
82.9
90.3
92
97.3
97.4
97.6
97.6
97.8
97.8
96.7
87
76
71.4
69.7
66.7
65.4
64.9
61.5
61.4
64
65.4
66.2
72.8
77.9
82.6
84.9
86.2
88
91.5
97.5
97.7
97.8
97.7
97.5
93.4
79.8
79.5
75.6
72.9
75.9
74.5
70.8
68.3
65.1
65.8
69.1
78.8
92
97.5
97.6
97.7
97.7
97.7
97.7
97.9
97.7
97.7
97.6
93.6
86
73.9
67.6
65
63
62.2
60.9
60.2
61.1
61.6
66.3
74.2
88.6
97.3
93
93.8
94.3
97.4
97.7
96.6
97.7
97.6
90.6
77.5
71.5
69.5
68.5
67.9
65.7
66.6
67.1
67
68.5
72.6
74
79.4
84.6
86.7
84.3
86.8
86.2
92.5
97.5
95.9
91.2
96.2
92
85.1
72
67.3
65.5
66
65.3
64.2
63
61.1
60.9
57.5
63.4
64.3
67.7
73.5
86.7
87.8
91.7
97
97.5
97.6
97.6
94.7
86.5
73.9
69.3
65.2
62.6
63
62.5
63.8
59.5
58.1
56.6
56.3
57.1
55.7
64.2
70.6
78.1
83.5
89.6
95.8
97.5
97.5
97.5
85.2
75.7
69.8
68.3
66.4
64.1
62.7
59.9
58.2
58.9
58.7
58.1
59.6
61.7
65.3
73.7
78.8
85.2
85.8
88.7
96.3
94.8
92.1
97.1
97.5
86.6
75.2
67.4
66.8
64.8
63.5
62.3
58.5
54.3
52.1
51.8
51.4
53.7
59.3
66.6
73.6
75.6
71.5
77.2
89.7
97.3
97.5
96.7
91.8
80.1
72.9
68.6
64.8
63.3
63
59.6
57.6
55.3
44.9
51
58.7
62.3
79.7
77.5
80.5
96.3
97.6
97.7
97.7
97.9
97.9
98
97.7
88.7
76
70.3
65.6
61.8
61
55.4
53.9
53.1
52
52.9
52.8
52.2
56.5
60.3
64
71.2
72.9
75.7
75.4
82.1
82.6
86.2
80
72
65.8
65.3
63.6
64.5
64.6
63.4
63.8
75.6
97.9
98
98
98
97.6
96.8
98
98
98
98
98
97.9
97.7
97.7
98
98
98
98
95.2
73
65.4
65.2
62.5
71.9
85
82
81.1
97.9
91.6
85.2
90.6
97.5
93.5
93.7
95.3
97.7
97.9
97.8
97.5
84.3
76.8
69.6
77.7
74.2
67.5
61.7
58.1
55.6
68.3
68.3
89.4
92.7
86.5
95.6
97.5
94
97.1
97.4
97
96.7
96.2
80.5
71
63.1
61.2
61.8
64.1
62.2
60.3
56.9
55.4
53.5
49.9
51.6
54.4
57.2
60.1
63.6
69.6
69.2
75.7
81.8
85.9
94.8
97.5
97.5
92.6
76.2
84
79.2
74
67.5
66.4
66.6
63
61.2
58.7
58.2
60.6
64.4
68.5
78.7
83.9
78.9
87.7
97.5
97.5
97.5
97.6
97.6
96.3
76.8
66.8
66.8
70.2
69.9
65.7
65.9
91.7
67.5
59.6
63.7
62.5
63.8
66.1
69.2
82.5
89.7
97.5
97.6
97.7
97.8
97.7
97.8
97.5
83.2
74.9
66.8
61.9
57.8
55.9
56.9
59.7
82
92.8
70.6
55.3
62.2
78.1
68.8
71.2
73.9
79.3
87.7
93.2
97.3
93.4
97.6
97.5
84.3
70.8
64
62.1
61
59.9
57.7
56.2
54
53.7
55.9
57.8
59.5
69.5
76.9
82
88.9
89.8
95.5
95.7
95.7
83.4
97.6
97
86.8
72.6
68.8
67.9
68.4
68.1
64.9
64.7
62.3
59.1
59.8
59.9
59.9
63.5
72.4
78.9
75.2
82.8
90
95.1
91.6
96.2
97.7
97.7
91.6
75.6
69.7
69.5
66.3
64.9
63.5
62
60.9
59.7
60
61.1
62
68.9
69.9
70.8
73.8
77.5
82.7
97.1
87.6
94.7
97.4
96.6
93.2
83.6
71.3
65.6
63.3
64.1
64.7
64.7
64.6
64.9
63.6
63.7
65.3
69.9
79.9
90.8
93.7
97
90.2
97.5
92.3
95
97.3
97
97
80.5
67.7
62.5
57.9
56.9
56.3
56.8
58.4
58.4
60.3
62
63
67.9
72.7
81.5
77.4
76.7
80.7
90.5
97.5
97.6
97.6
97.5
90.9
NA
NA
NA
NA
NA
NA
NA
NA
NA
NA
NA
NA
NA
NA
NA
NA
NA
NA
NA
NA
NA
NA
NA
NA
NA
NA
NA
NA
NA
NA
NA
NA
NA
NA
NA
NA
NA
NA
NA
NA
NA
NA
NA
NA
NA
NA
NA
NA
NA
NA
NA
NA
97.6
91.2
86
86.8
80
74.4
74.9
69.8
70.5
65.6
66.1
76.8
81.6
86.9
98
98
98
97.9
97.9
97.6
97.3
96.3
83
78
78.9
79.4
71.9
68.5
66.5
NA
NA
NA
NA
NA
NA
NA
NA
NA
NA
NA
NA
NA
NA
NA
NA
NA
NA
67.3
64.3
64.4
62.5
61.5
62.6
61.3
62.2
65.6
83
95.7
97.7
97.7
97.7
97.9
98
98
98
96.1
97.3
85.5
72.8
69.3
71.2
70.7
67.9
65.2
61.9
61.7
61
59.9
62
64
78.6
94.3
96.9
97.5
97.4
97.7
97.8
97.8
97.9
97
95.5
92.6
90.1
86.2
80.9
72.5
65.5
61.6
60.2
64
68.1
64.5
55
60.7
63.7
64.6
84.2
96.2
95.4
97.6
97.6
97.6
97.4
84.8
88.4
69.3
64.3
61.6
58.4
55.9
56.1
53.1
53.9
51.6
50.4
50
54.9
58
56.3
54.9
63
63.5
64.6
64.7
66.5
71.8
74.4
79.7
81.1
73.4
63.5
59.5
58.2
56.2
55.3
53.6
52.9
52.6
53.4
53.1
53.7
56.8
62
72.2
80
76.2
78.5
78.7
97.1
96.3
97.5
97.6
96.9
80
69.6
62.9
55.5
54.8
54
55
54.1
54.3
54.2
53.8
55.9
56.9
59.7
67.5
80.5
86.1
83.3
86.2
80.4
92
97.2
97.6
97.6
87.2
72.7
63.4
57.1
56.3
56.2
56.3
56.3
55.8
54.6
55.6
57.1
59.5
65.1
74.1
81.7
90.7
95.6
94.1
96.2
89.1
97.6
97.6
96
94.5
78.1
70.6
65.9
63.9
62.2
59.7
59
59.3
58.7
59.3
60.4
65.8
87.5
93.8
91.4
97.6
97.8
97.8
97.9
97.8
96.7
97.7
97.8
97.3
93.4
77.8
80.1
82
79.3
91.3
96.8
NA
NA
NA
NA
NA
NA
NA
NA
NA
NA
NA
NA
NA
NA
NA
NA
NA
NA
NA
NA
97.6
97.8
97.6
97.5
97.8
98
97.8
97.6
98
97.9
97.9
97.9
97.9
98
98
98
98
97.9
97.7
97.4
96.1
97.8
97.6
97.5
97.7
97.8
95.5
86.9
89.6
92
97.6
97.7
97.8
97.1
96.2
97.7
98
98
98
98
98
98
98
98
98
98
98
97.7
92.7
82.6
73.1
70
71
68.3
69.4
74.4
80.7
97.5
97.6
97.8
97.8
98
97.9
97.6
97.5
97.7
97.8
97.8
96.3
86.1
73.8
66.5
65.2
61.6
61.4
61.5
56.7
53.5
54.5
55.8
64.3
73.9
81.7
93.6
95.4
97.5
97.7
96.9
97.7
97.8
97.9
97
93.6
78.5
66.7
63.8
63.2
63.7
61.5
62.1
61.5
58.6
58.5
61.6
68.6
77.6
86.5
96.8
88.8
86.4
97.5
92.6
97.6
96.7
94.5
79
84
75.9
77.7
67.6
74.9
66.1
62.1
62.2
61.6
60.3
61.3
63
69.8
81.8
92.8
97.6
97.6
97.5
97.7
97.7
97.7
97.9
98
98
97.8
97.2
86.5
73.3
70.1
68.9
66.3
65.2
63.8
63.1
63.9
68.5
73
89
97.6
97.7
97.7
97.8
97.9
98
98
97.8
97.9
97.7
97.7
93.1
77.4
71.1
70.4
68.3
65.5
64.9
65.9
66.3
65.6
68.3
76.1
87.5
96.4
97.7
97.8
97.9
98
98
98
98
97.9
98
97.8
93.6
86.1
77.3
69.6
68
66.2
67.3
64.4
64.3
71.4
97.8
97.6
97.6
97.2
75.2
72.9
80.6
84.1
96.4
93.4
95
97.5
97.2
97.6
96.7
97.5
90.4
78.8
62.9
66.2
71.9
68.2
68.4
68.4
75.8
85.9
97.3
97.6
97.7
97.7
97.8
97.9
97.9
97.9
97.9
98
98
97.7
88.9
76.1
67.2
65.4
62.3
63.2
62.4
62.7
61.6
64.5
67
71.9
86.2
85.4
96
93.2
97.6
97.8
97.8
97.8
97.9
97.6
97.9
93.8
82.5
67.8
64.4
62.1
62.6
62.5
60.4
60.4
59.9
NA
NA
NA
NA
NA
NA
NA
NA
NA
NA
NA
NA
NA
NA
NA
NA
NA
NA
NA
62.2
61.4
NA
NA
NA
NA
NA
NA
NA
NA
NA
NA
NA
NA
NA
NA
NA
NA
NA
NA
NA
NA
NA
NA
60.7
60.7
58
57.8
61.2
62.3
53.8
60.4
68.2
70.7
74.9
77.6
79
83.1
91.7
95.7
93.1
95.9
97.5
94.5
79.5
69.6
62.2
58
58.4
58.3
58.5
59.1
60.4
61.7
64.7
68.3
77.3
87.7
81.8
80.4
86.8
83
83.7
84.5
95.4
97.5
97.6
97.6
86.4
74.8
66.5
65
60.6
60.8
59.1
56.4
52.6
51.3
52.1
62.7
73.8
80
83.8
87.1
86.6
87.5
90.1
85.8
92.7
97.3
97.4
91.6
74.8
66.5
59.3
58.4
57.2
56.4
54.6
52.4
50.5
46.3
47.3
55.5
65.5
72.6
79.9
87.2
88.8
95.1
96.3
94.5
93
97.1
95.7
89
75.7
64.6
59.8
59.4
59
59
58.2
51.2
52.4
59.8
64.2
65.1
64.6
64.8
63.6
63
70
79.8
89.4
96
97.5
94.5
89.7
84.3
75.6
65.2
64.7
64.7
61.9
60.4
58.8
58
57.2
56.6
53.1
62.3
73.4
85.5
90.4
94.4
97.5
97.6
97.6
97.5
97.5
97.5
97.5
92.7
72.6
63
59.2
58.6
56.6
54.7
53.2
53.6
52
51.1
54.7
63
74.1
84.3
88.1
92.3
96.3
97.5
97.3
97.6
97.6
88.9
93.4
95.2
75.9
65
60.7
57.8
58.1
57.7
56.4
55.6
56.6
57.1
60.2
69
78.6
84.9
87.8
92.1
94.8
97.6
97.3
90.8
97.5
90.2
68.4
75.6
62.9
54.3
51.4
51.1
48.7
50.6
49.7
49.7
52.1
53.7
56.6
62.4
72.3
83.6
79.9
84.7
89.3
79.1
75.2
78.9
83.9
88.9
80.8
78.7
64.6
55.5
50
51.1
52.9
54.9
57.4
59.6
59.3
59.6
61.3
65
71.6
75.9
75.1
82.4
86.4
96.5
97.6
97.6
96.5
97.6
96.6
96.8
91.9
82.1
68
61.5
59
59.6
59.3
61.8
62.2
78.1
98
98
98
98
98
98
98
98
97.8
97.9
98
98
98
98
96.1
84.6
75.2
68.7
64
63
61.2
61.2
59.1
60.6
65.5
68.4
78.1
91.1
86.6
76.7
77.7
90.6
92.4
88.5
95.6
92.4
90.1
87.5
89.8
85.6
65.6
55.7
55
53.6
55.1
55.2
56.2
56.5
59.2
65.1
75.3
90.3
97.2
95.4
97.5
93.3
95.2
97.5
97.7
97.8
97.8
97.5
92.9
89.6
73.8
69.8
63.7
64.4
68.1
89.9
97.9
98
98
98
98
97.9
97.8
98
98
97.8
98
97.9
97.7
97.8
97.7
97.6
97.8
97.7
97.7
97.4
97.3
94.5
94.3
97.8
97.7
97.9
98
98
97.8
98
98
97.9
98
98
98
98
97.9
98
98
97.8
94.4
83.5
73.8
71.3
66.4
64.7
61.8
59.1
57.5
57.3
59.9
78.8
88.4
97.5
97.7
97.8
97.9
98
97.9
98
98
98
98
97.9
91.4
74.7
68.2
69
65.6
65.2
63.2
61.5
59.9
61.8
67.8
83.9
96.3
97.7
97.8
97.8
97.8
97.8
89.8
85.9
80.2
75.3
87.9
97.2
83
75.5
69.7
66.5
65.3
63
62.2
60.3
60.4
59.1
62.7
79.7
89.8
89.9
83
93.4
93
97.2
97.6
97.6
97.7
97.8
97.8
97.6
97.5
97.6
87.3
65.9
59.6
61.2
61
60.2
63.4
63.6
64.4
66.6
85.7
91.7
96.9
97.7
97.9
97.9
97.9
98
97.8
96
93.5
94.3
73.6
66.7
66.3
65.8
62.7
58.7
56.8
55.6
55.8
55.7
57.4
61.9
68.1
73.6
83.8
82.5
88.9
93.6
97.5
97.5
97.6
97.6
97.6
97.6
91.5
69.4
61
59.7
58.8
59
58.5
58.4
56.5
57.2
63.3
71.9
77.4
79.6
81.3
93.6
92.5
92.8
97.1
97.4
97.6
97.7
97.8
97.7
94.3
79.1
77.7
79.4
75.2
69.6
63.9
60.3
49.2
42.9
35.8
37.2
42.4
43.2
46.7
72.2
85.7
95.9
97.6
97.7
97.8
97.8
97.8
96.6
77.7
62.4
61.4
60.4
57.7
56.5
55.5
54.6
54.2
55
58.3
64.4
73.5
83.3
80.3
89.4
92.7
96.4
97.6
97.5
97.5
97.6
97.6
97.3
86.9
68.4
60.3
59.2
58.4
57.8
58.5
58.1
58.1
59.2
62.8
67.8
78.7
92.5
97.4
97.5
97.6
97.6
97.6
96.6
97.8
97.9
98
97.8
90.5
74.9
63.3
61.3
60.5
59.5
59.1
58.8
58.9
59.4
63.1
76.6
90.6
92.5
96.5
97.6
97.7
97.8
97.8
97.9
97.9
98
97.9
97.8
89.6
70.9
64.6
63.5
62.3
60.8
59.4
58.5
57.2
56
57.1
66.1
75.7
82.1
81.5
88.7
89.9
95.3
96.6
97.5
97.6
97.6
97.7
97.7
90.4
72.1
61.6
54.3
52.5
51.6
51.1
50.3
49.3
49.9
54.1
64.4
72.5
78.3
82.3
88.1
90
94.3
91.1
90.4
93
97.5
96.1
89.4
85.1
74.3
62.1
57.4
55.2
55.1
55.4
53.6
52.6
53
57.7
67.4
70.9
71.4
76.1
89.8
96.5
97.5
97.6
97.7
97.6
97.7
97.8
97.8
92.5
80.9
70.6
68.9
70.4
67.9
66.2
63.8
62.7
63.8
68.3
79.3
92
94.3
97.6
97.6
97.8
97.8
97.9
98
98
98
98
98
97.8
93.8
77.9
73.5
71.5
66.2
63.3
62.6
62.7
64.2
70.3
80.3
92.2
97.3
97.5
97.6
97.7
97.8
98
98
98
98
98
97.9
97.6
95.3
90.9
87
83.7
79.6
79.3
79
78.5
78.5
73.9
90.1
96.1
97.8
97.9
98
98
98
98
97.8
97.9
97.9
97.7
97.8
88.1
74.3
73.3
69.5
70.4
65.7
62.6
59.8
59.5
58.9
64.6
76
89.6
93.6
96.3
96.5
97.6
97.7
97.7
97.9
97.9
97.9
97.8
97.7
97.6
97.6
98
98
97.7
89.1
73.5
69.4
66.8
69
74.7
91
97.6
96.5
91.2
95.5
97.1
97.1
98
98
98
98
98
98
98
98
97
97.9
98
92.5
79.2
72.2
80.6
76.6
89.2
96.6
97.8
97.5
96
96.7
97.3
97.4
94
90.2
87.4
91.3
92
89.2
78.8
78.6
76.8
73
77
85.9
98
98
98
98
98
98
98
98
98
97.8
98
98
97.9
97.8
97.6
97.8
97.8
97.3
92.6
79.2
74.5
74.5
82.2
81.7
86.3
82.5
70
70.2
53.8
62.5
72.5
77
84.2
69.2
69.2
73.4
84.9
89.4
92.5
91.5
89
79.9
67.7
62.4
58.6
58.8
56.4
53.1
50.6
49.1
49.9
50.9
60
74.6
80.7
90
92.9
95.1
97.1
97.6
97.7
97.7
97.8
97.7
97.8
97.7
92.9
75.3
66.2
66.8
67.5
65.4
62.3
61.6
65.6
66.2
70
80.1
88.8
86
88.6
86.6
85.2
91.5
97.2
97.4
97.3
96.6
91.2
95.6
97.3
84.1
80
78.2
76.2
77.6
76.6
75.6
75
78.1
81.5
85.4
90.9
90.2
96.2
97.6
90.8
97.2
97.6
97.6
97.5
97.8
97.7
97.8
97.5
92.4
76.9
76.2
74
67.7
66.4
66.2
67.4
69.7
76.9
96.5
97.7
97.8
98
98
97.9
98
98
97.9
97.8
97.8
97.8
97.8
97.7
96.6
85
73.9
73
69
68.1
67.6
68.4
71.6
85.2
97.5
97.8
97.9
98
98
97.8
97.9
97.9
98
98
98
98
98
98
97.6
91
76.7
72.5
72
69.6
68.6
68.7
72.5
83.8
97.5
97.7
97.9
97.9
98
98
98
98
98
98
98
98
97.9
97.8
97.5
90.1
81
78.3
76.5
77.2
75.3
76
78.2
88.4
93.5
96.3
97.5
97.5
97.5
97.5
97.6
97.6
97.7
97.9
97.7
97.7
97.8
97.7
96.4
91.1
86.8
90.6
92.9
87.1
85.1
83.6
84.7
89.5
97.5
97.5
97.4
90.4
88.5
84.3
80
82.1
83.7
85.5
92.4
97.5
97.5
90.2
92.2
97
97.9
98
98
98
98
98
98
98
98
98
98
98
97.9
97.9
97.7
98
97.8
97.9
97.6
97.6
97.7
97.7
97.9
97.7
97.9
97.9
98
98
98
98
98
98
98
98
98
98
98
98
98
98
98
98
98
98
98
98
97.8
97.6
95.6
97.6
97.2
96.2
95.9
94.8
97.9
98
98
98
98
97.7
98
98
97.7
98
98
98
98
96.9
92.6
96.1
83.6
78.1
86.7
74.5
63.7
62.7
68.1
75.4
87.4
96
98
97.9
98
98
98
98
98
98
98
98
98
98
98
97.9
97.7
96.1
80.2
73.8
72.5
69.9
70.5
76.1
83.3
97.7
97.9
97.8
97.9
97.9
98
98
97.9
94.7
94.3
97.6
97.8
97.9
97.8
97.8
97.6
92.5
79.1
78.5
74.1
68.3
65.6
66.5
71.3
82
86.9
96.4
95.5
97.5
97.6
97.6
97.6
97.8
97.9
97.6
97.7
97.6
97.5
96.5
95.1
93
83.9
83.6
80.1
78.4
78.6
86.3
86.9
97.1
98
89.9
93.2
85.4
86
85.2
81.9
81.3
87.6
83.7
81.1
92.9
96.9
95.9
97.6
94.2
81
71.5
67.7
67.4
66.8
69.8
72.5
82.3
89.2
96.1
97.7
97.8
97.9
98
97.8
97.8
97.9
98
98
98
98
97.8
88
71.9
67.8
65
64.7
64.3
65.1
69.2
80.2
84.8
89.6
92.7
96.1
91
95.9
97.6
97.6
97.8
97.9
97.8
97.6
98
98
97.8
93.4
79
71.9
71.1
70.8
70.1
68.8
68.8
71.7
84
93
97.7
97.6
97.8
97.7
97.5
97.6
97.7
97.7
97.5
97.5
97.5
97.8
98
98
98
98
98
98
98
98
98
98
98
98
98
98
98
98
98
98
98
98
98
98
98
98
98
98
98
98
98
98
98
98
98
98
98
98
97.8
97.9
98
98
98
98
98
97.9
97.6
97.6
97.6
97.7
97.7
97.6
97.6
97.6
97.8
97.9
98
98
98
98
98
98
98
97.9
98
97.9
97.1
93.2
91.4
93.9
97.9
98
97.9
97.7
96.9
95
84.8
81.2
97.3
91.3
82.6
78.3
83.4
92.1
97.8
98
97.4
97.5
98
97.8
98
98
98
98
98
98
98
97.9
97
95.7
96.9
97.8
97.8
97.8
98
98
97.9
97.9
98
98
97.9
97.9
97.7
97.4
98
98
98
97.9
97.9
97.9
98
98
98
98
97.9
97.7
97.9
98
98
98
98
98
98
98
98
98
98
98
97.9
97.7
96
97.3
94.1
91.5
97.3
97.5
96.3
95
93.4
87.7
78.2
79.3
81.4
89.2
94.8
97.7
97.9
97.8
97.6
97.5
93.8
89
86
85.2
97.4
97.7
98
97.8
97.9
98
98
98
98
98
97.8
97.5
95.2
93.9
94.3
97.4
98
98
97.9
98
97.8
97.9
98
98
98
98
98
98
98
98
97.9
97.5
93
79.4
76
74.7
75
77.4
74.5
80.9
96.5
97.7
97.9
98
98
98
97.9
98
98
98
98
98
98
98
98
95.5
92.7
86.8
83.5
80.9
82
84.3
86.6
92.8
97.6
97.8
98
98
98
98
98
98
98
98
98
98
97.9
97.9
98
97.8
97.5
86.2
79.6
78.8
79.5
80.7
84.5
91.4
97.5
97.7
97.7
97.8
98
97.7
97.9
97.7
97.6
97.6
97.6
97.8
98
97.9
97.6
97.5
95.4
89.5
77.5
74.4
75.1
74.3
77.7
87.3
97.6
97.8
97.9
98
98
98
98
98
98
98
97.9
97.9
97.9
97.9
97.9
97.6
92.8
81.3
84
74.3
76.2
74.6
75.7
83.9
97.6
97.8
98
98
98
98
98
98
98
98
98
98
98
98
98
97.5
83.3
79.5
75.8
71.4
73.3
78.1
81.8
91.3
97.7
97.9
98
98
98
98
98
98
98
98
98
98
98
98
98
97
82.1
77.5
74.7
72.4
71.8
72
75.4
82.9
97.4
97.6
97.7
97.8
97.9
98
98
98
98
98
98
98
98
98
97.7
97.7
97.6
97.5
94.1
84.8
86
84.9
87.1
93
97.6
97.6
97.7
97.8
97.9
98
98
98
97.9
97.6
97.5
97.5
97.7
97.8
97.8
97.8
97.4
96
89.1
85.5
82.9
87.4
96.5
97.6
97.8
98
98
97.9
98
98
97.9
97.8
97.9
98
97.9
97.9
97.7
97.8
97.9
97.8
91.5
91
86.4
80.6
83.1
86
97.5
97.6
97.8
97.8
97.9
97.8
97.7
97.7
97.8
98
98
97.9
98
97.7
97.7
97.7
97.7
97.7
96.6
97.3
95.7
93.1
83.7
80.3
87.6
96.4
97.7
97.9
98
97.9
97.9
97.8
97.8
97.8
97.7
97.7
97.9
97.9
97.5
97.6
97.8
97.6
97.5
97.6
96.6
95.5
91.8
90.1
93.3
97.1
97.6
97.7
97.8
97.8
97.7
97.8
97.8
97.8
97.8
97.8
97.7
97.5
97.7
97.7
97.7
97.6
97.5
97.5
97.5
97.5
97.2
97.5
97.6
97.6
97.8
97.9
97.9
97.9
98
97.9
98
98
98
97.9
97.8
97.6
97.6
97.7
97.7
97.8
97.9
97.9
98
97.9
98
97.9
98
98
98
98
98
98
98
98
94.9
75.5
86.2
89.6
94.5
97.7
97.9
97.8
97.1
83.8
76.9
72.8
69.3
65.4
65
65.5
65.1
74.7
88.9
96.9
97.5
90.9
84.5
97.1
97.7
97.7
96.7
91.2
87.2
88.6
90.1
80.4
82.6
73.7
73.8
76.2
76.5
77.1
77.8
92.5
97.6
97.7
97.6
97.6
97.7
97.7
97.6
97.6
97.6
97.6
97.7
97.7
97.7
97.6
97.6
97.6
97.6
97.7
97.7
97.8
97.6
97.6
97.8
97.8
97.8
97.9
97.9
98
97.9
98
98
98
98
98
98
98
97.9
97.7
97.6
97.7
98
97.9
97.6
94.9
96.8
89.6
80.9
83.3
92.4
97.5
97.6
97.7
97.8
97.1
97.8
97.8
97.7
97.8
98
98
97.7
97.7
97.8
97.9
97.9
91.5
77.5
69.9
73.8
75.2
70.5
68.9
72.7
80.4
91.3
90.7
93.2
92.5
96.7
93.4
91.2
89.4
84.2
92.2
97.6
97.6
97.6
97.6
97.6
97.6
97.5
97.5
97.7
97.7
97.7
97.6
97.7
98
98
98
98
98
98
98
98
98
98
98
98
98
98
98
98
98
98
97.8
97.1
96.9
94.9
97.6
97.7
97.8
98
98
97.8
97.7
96.1
96.2
95.7
97.6
97.5
97.6
97.5
97.5
97.7
97.8
97.8
96.7
88.4
82.1
81.7
93.7
97.5
89.9
92.5
97.5
93.8
90.3
89.3
83.6
87
89.4
86.3
87.7
90.9
95.9
95.2
91.6
85.5
90.5
95.2
87.6
91.2
93
97.4
97.7
97.6
97.7
97.6
97.6
97.6
97.5
97.2
97.5
97.6
97.7
97.8
97.7
97.9
98
98
98
97.5
97.3
97.6
95.9
89.5
94.1
89.3
83.4
78.4
78.1
78.1
94.7
97.7
97.7
97.7
97.8
98
98
98
98
98
98
98
98
97.9
97.9
97.6
92.1
79
73.3
74.5
75.8
73.3
72.8
76.7
93.4
98
98
98
97.9
97.9
94.1
88.4
97.5
97.6
97.6
97.6
97.6
89.3
95.4
95.6
97.4
97.5
96.1
97.6
97.6
97.7
97.8
97.9
98
98
98
98
98
98
98
98
98
98
98
98
98
98
98
98
98
98
98
98
98
98
98
98
98
98
98
98
98
98
98
98
98
98
98
98
98
98
98
98
98
98
97.9
97.9
98
98
97.9
97.6
96.4
92.6
97.5
97.7
97.9
98
97.9
98
98
98
97.9
97.7
97.6
97.6
97.9
98
97.7
96.2
85.6
80.7
92.5
97.3
95.1
97.5
97.7
97.8
97.9
97.9
98
97.9
97.9
97.9
98
98
98
98
98
98
98
98
98
97.8
97.9
98
98
98
98
98
98
98
98
98
98
98
98
98
98
98
98
98
98
98
98
97.7
94.5
78.5
95.5
97.5
92.8
83.9
97.5
97.6
97.6
97.8
97.8
98
98
98
98
98
98
98
98
98
98
98
98
98
98
98
97.7
95.3
83.3
79.5
86.3
91.2
88.3
95.2
97.5
97.6
97.6
96.8
97.5
97.6
97.5
97.6
97.6
97.8
97.9
97.7
97.8
97.7
95.5
87.6
81.1
79.1
78.1
73.8
68.5
69.5
77.5
81.6
88.8
91.8
96.4
97.2
97.4
97.5
97.6
97.6
97.7
97.5
94.5
97.5
97.6
97.5
95
97.5
96.9
95.9
97.1
97.6
97.9
98
98
98
98
98
98
98
98
98
98
97.9
98
98
97.7
97.8
98
98
98
97.9
97.6
96.2
88.8
85.9
89.1
91.1
96.8
97.6
97.7
97.8
97.9
98
98
98
98
97.9
97.8
95.8
96.4
97.6
97.7
97.7
94.8
92.5
86.7
81.9
76.7
75.1
77.8
87.2
94.6
97.5
97.5
97.5
97.5
97.6
97.4
97.5
97
92.7
95.9
97.6
97.6
97.5
97.6
97.5
97.3
97.7
98
97.9
97.7
97.6
97.6
97.6
97.7
97.6
97.6
97.4
97.5
97.6
97.5
95.9
97.4
97.5
96.6
97.6
97.9
98
97.9
97.9
98
98
98
97.9
98
98
98
98
98
98
98
98
98
98
98
98
98
98
98
98
98
98
98
98
98
98
98
98
97.2
96.6
97.5
97.6
97.6
97.5
97.5
97.5
97.6
97.7
97.9
97.9
98
97.9
97.6
97.6
97.6
97.6
97.5
97.5
96
92.4
81.3
82
85.9
90.2
90.6
88.4
93.6
97.6
97.6
97.6
97.7
96.9
89.4
85.1
83.4
79.7
84.5
82.8
83.3
83.2
78.5
79.1
72.3
63.2
57.8
57.6
53.8
56.2
61.8
71.5
78.5
83.6
75
76.5
80.7
79.6
79.3
79.5
79.3
78.3
79.4
79.5
78
75.4
78.2
79.1
78
68
62.2
60.1
62.5
63.3
65
70.1
76.6
81.9
90
89.8
83.3
93.3
93.7
96.1
97.1
97
96
96.6
93.8
97.4
97.5
97.4
91
80.1
70.2
66.6
66.1
66.8
72.4
79.1
89.6
97.1
97.6
97.6
97.6
97.5
90.1
97.5
97.5
97.4
96.8
96.7
97.5
97.3
97.5
97.4
95.6
82.6
76.3
70.5
70.8
71.5
74.1
80
90.7
96.9
97.5
97.6
97.6
97.7
97.7
97.7
97.5
97.7
97.7
97.8
97.9
97.9
98
98
97.8
94.1
82
77.9
78.7
79.3
81.2
85.5
95.3
97.5
97.5
96.3
96.8
96.9
96.6
94.4
97.4
97.6
97.7
97.8
97.7
97.7
97.7
97.8
97.7
97.5
97.4
97.6
97.7
97.7
97.9
98
98
98
98
98
98
98
98
98
98
98
98
98
98
98
98
98
98
98
98
98
98
98
98
98
98
98
98
98
98
98
98
98
98
98
98
98
98
98
98
98
98
98
98
97.8
97.5
96.2
94.4
97.5
97.7
97.9
98
98
98
98
98
97.9
97.8
98
98
98
98
97.9
97.8
98
98
95.6
86.2
87.9
95
89.4
87.1
96.6
97.8
98
98
98
98
98
98
98
98
98
98
98
98
98
98
98
98
97.8
97.6
97.3
96.3
97.4
94.3
93.8
96
97.5
97.6
97.7
97.7
97.7
97.7
97.7
97.7
97.7
97.8
97.8
97.7
97.7
97.8
97.9
97.8
97.8
97.6
97.6
97.5
97.5
97.7
97.8
98
98
98
98
98
98
98
98
98
98
98
98
98
98
97.9
97.9
97.9
97.9
97.9
97.7
97.6
97.7
97.8
97.9
98
98
98
98
98
98
98
98
98
98
98
98
98
98
98
98
98
98
NA
NA
97.8
97.7
97.7
97.6
97.7
97.9
97.9
97.9
98
98
98
98
98
98
98
98
98
98
98
98
98
97.6
97.5
92
87.3
82.9
84.9
86.8
96.9
97.5
97.5
97.6
97.7
97.7
97.7
97.7
97.7
97.6
97.6
97.6
97.6
97.6
97.5
97.5
94.4
89.5
81.2
78.3
73.6
67.3
66.2
76.5
95.4
97.7
97.9
98
98
98
98
98
98
98
98
98
98
98
98
98
98
98
97.6
86.2
83.9
85.5
93.9
97.5
97.6
97.9
98
98
98
98
98
98
98
98
98
98
98
98
97.8
97.6
97.5
96.6
92
87.7
85.7
86.7
89.2
91.2
91.2
94.6
97.9
98
97.9
98
98
98
98
98
98
98
98
98
98
98
98
98
98
98
97.9
97.8
97.6
97.6
97.7
97.6
97.8
97.9
98
98
98
98
98
98
98
98
98
98
98
98
98
98
98
98
97.8
97.7
97.6
97.5
97.6
97.6
65.7
71.4
73.3
73.7
77.1
78.7
76.1
69.2
72.3
69.8
75.4
73.3
73.1
75.7
73
67.7
66.3
67.8
69.2
68.1
69.5
73
72.9
72.2
75.8
78.8
80.5
78.7
78.2
74.2
74.8
71.1
77.8
80.3
78.9
79.3
80
81.5
78
72.5
65.8
62.4
63.2
65
67.5
71.8
79.4
88.5
94.7
94.3
95.6
95.2
95.7
97.4
97.3
97.5
97.5
97.5
97.5
97.5
97.2
95.5
94.4
84.9
73.7
63
62.6
63.1
62.3
64.7
78.9
86
89
91.3
92.8
88.1
89.9
90.7
84.1
87.3
87.9
86.6
84.3
84.2
83.7
84.3
79.6
71.2
63.3
57.4
57.6
58.7
62.3
64.8
83.3
91.8
91.5
91.1
95.7
94.8
83.8
82.9
87.3
90.8
90.3
79.3
74.7
81.2
82.5
85
85.3
84.9
82
81.1
81.5
81
81.7
82.2
80.9
80.8
83.3
85.9
84.5
82.9
84
84.6
84.7
85
89.1
89.3
90.3
90.1
88.5
87.2
91.2
90.4
86.6
84.6
82.8
78.1
78.9
78.2
72.1
72.5
72
74.7
79
83.9
87.4
88.8
92.6
94.2
96.5
95.7
95.8
97.4
97.5
97.5
96
84.6
78.2
75.3
73
75.3
75.1
79.8
87.5
94.2
93.4
89.7
90.9
91.7
90
93.5
97.3
97.5
97.5
97.5
97.5
97.5
97.5
97.5
96.9
86
78.2
73.3
69.4
73
79.1
87.3
97.3
97.6
97.6
97.6
97.6
97.5
97.5
97.5
97.2
92.4
83.3
86.1
87.6
90.3
90.4
84.8
85.2
83.9
84.2
81.3
84.5
85.1
84.6
85.9
84.5
85.9
86.9
97.4
97.5
97.6
97.5
97.6
97.6
97.6
97.6
97.7
97.7
97.8
97.8
97.8
97.9
98
98
98
98
98
98
98
98
98
98
98
98
98
98
98
98
98
98
98
98
98
98
98
98
98
98
97.9
95.9
95.7
97.5
97.6
97.8
98
98
98
97.9
97.9
98
98
98
98
98
98
98
98
97.9
98
98
98
98
98
97.8
97.6
97.5
97.6
97.7
97.8
97.9
97.9
97.7
97.6
97.5
97.7
97.9
98
98
98
97.9
97.7
97.6
97.5
97.6
91.7
81.4
77.7
75.7
78.6
75.7
79.1
87.9
97.5
96.2
90.2
96.2
96.8
91
91
90.3
86.7
83.3
83.2
76.8
84.5
93.6
92.7
88.1
92.8
97.4
97.6
97.7
97.9
97.7
97.8
98
97.9
97.8
97.3
97.6
97.7
97.7
97.7
97.7
97.7
97.7
97.7
84.1
89.2
96.8
95.3
87.8
76
75.6
73
67.2
64.2
63.7
65.8
79.2
82.1
79.8
85.2
82.7
79.9
78.8
80.3