97.7
97.6
97.6
97.6
97.6
97.6
97.7
97.6
97.6
97.6
97.7
97.5
97.5
83.3
95.4
97.5
97.5
97.5
97.7
97.9
97.9
98
98
98
98
97.9
97.9
97.8
97.6
97
97.6
97.7
97.8
96.9
85
76.4
74.6
81.8
95.8
90.6
97.6
97.8
97.9
97.9
97.9
97.9
97.9
97.8
97.8
97.8
97.8
97.8
97.9
97.9
97.9
97.8
97.8
97.7
97.5
97.4
83.5
57.4
53
60.6
57.4
63.1
67
70.6
80.5
81.7
86.3
87.7
89.1
92.2
96.7
97.4
97.4
97.3
97.4
97.4
97.3
89.1
63.1
55.5
47.3
48.1
50.3
52.6
51.8
66.4
77.5
78.6
74.2
66.9
64.7
60.3
59.3
60.9
62.8
62.4
60.2
62.9
60.3
62.4
65
61.9
55
43
48.7
55
49.7
44.7
52.9
62.8
66
63.7
58.4
60
64.4
64.1
67.3
63.8
61.6
71.4
97.4
97.6
97.5
97.5
97.6
97.7
97.7
97.6
97.5
97.5
97.4
97.5
97.5
97.5
97.5
97.5
97.5
97.6
97.7
97.7
97.8
97.8
97.8
97.8
97.8
97.8
97.8
97.8
97.8
97.8
97.8
97.9
98
98
98
98
98
98
98
98
98
98
98
98
98
98
98
98
98
98
98
98
98
98
98
97.9
97.7
97.5
97.5
97.5
97.7
97.8
97.8
97.8
97.8
97.8
97.8
96.9
86.9
74
69.5
68.4
67.3
67.3
65.4
59.2
59.3
61.4
54.4
45.2
44.4
43.7
45.9
45.7
44.9
53.5
64.3
70.3
71.6
76.2
80.6
87
85.9
82.1
91
95.8
96.9
96
96.3
94.8
97.3
80.2
55.3
52.7
49.9
48.1
49.4
51.2
53
64.2
78.5
82.6
84.4
80.5
77.9
71.8
72
72.1
70.4
63.3
56.1
67.1
64.1
58.7
66.6
62.5
50.7
42.5
38.6
37.1
38.6
43.6
47.6
57
65.6
65.9
68.1
64.9
62.7
65
67
68.6
67.9
65.3
57.6
58.6
64
68.1
66.8
60.1
51
43.2
38
33.7
37.3
41.6
40.7
48.6
57.5
60.7
60.5
64.9
63.3
62.8
62.2
61.6
56.7
58.8
65.2
67.8
69
70
67.4
58.6
49.5
43.7
40
41.3
41.7
41.7
44.9
50
60.4
62.4
61.5
60.2
60.4
57.5
56.5
61.1
62.3
61
62.9
62.5
60.8
61.5
63.2
63.5
63.3
60
55.1
51.5
50.5
52.3
51.7
54.1
60.4
62.5
65.3
66.9
66.9
71.2
76.6
91.7
97.5
97.6
97.6
97.6
97.8
97.9
98
98
98
98
98
98
97.9
90
88.8
92.7
97.5
97.6
97.6
97.6
97.6
97.6
97.5
97.5
97.5
97.4
97.5
97.6
97.7
97.7
97.7
94.2
68.8
61.5
64.5
61.5
58.5
60.7
65.7
81.7
97
97.5
97.6
97.6
97.6
97.5
97.6
97.6
97.6
97.6
97.6
97.6
97.6
97.6
97.7
97.5
86.9
57.8
56.7
52.9
58
60.8
60.6
71.3
79.3
80.4
79.5
78.8
79.5
84
92.8
92.5
85
86.4
97
97.5
97.6
97.8
98
98
98
98
98
98
98
98
98
98
98
98
98
98
98
98
98
98
98
98
98
98
98
98
98
98
98
97.9
97.9
98
97.8
97.7
97.8
98
98
98
98
98
98
98
98
98
98
98
98
98
98
98
98
98
98
98
98
98
98
98
98
98
98
98
98
98
98
98
98
98
98
98
98
98
98
98
98
98
98
98
98
94.9
86.8
96.5
97.7
97.8
97.7
97.5
97.6
97.7
97.9
97.8
97.8
97.9
98
98
98
98
98
98
98
97.9
90.7
75.1
72
64.7
53
57
64.5
77.2
93.1
97.7
97.8
97.8
97.8
97.7
97.6
97.4
97.5
80.7
85.4
95.9
96.6
90.1
88.5
70.3
65.3
64.6
63.8
60.1
57.8
58.4
67.1
83.6
97.6
97.9
98
98
98
98
98
98
98
98
98
98
98
98
97.9
97.6
97.4
97.5
85.1
84.1
77.9
76.8
84.5
90.9
95.4
97.3
95.8
87
78.9
79.8
83.7
91.3
89.4
91.1
84.5
95.1
97.5
94
82.2
67.3
65.9
58.9
51.2
39.6
39.3
43.6
47.8
55.1
59.3
63
66.9
69.8
65.7
69.4
72.5
73.7
73.3
72.1
73.5
73.9
72.7
71.4
74
74.5
67.5
58.7
49.5
47.3
50
51.2
53.6
57.7
59.4
61.8
61.7
64.3
65.9
73.1
76.5
80.2
84.7
96.2
95.6
97.5
97.6
97.6
97.6
97.5
97.8
97.8
93.9
80.9
76
69.2
66.5
72
87.7
97.4
97.5
97.4
95.6
84.6
77.2
85.9
97.3
97.5
97.4
75.5
88.2
93.7
89.2
83.4
67.6
57.6
47.6
42.5
46.4
47.9
50.1
55.1
65.3
68.8
74.4
77.4
85.9
85.4
87.6
85
86.5
86
85.3
75.2
76.1
76.8
64.9
55.9
52.1
45.3
44.4
41.8
44.8
49
48.2
52.5
60.5
68.1
79.1
80
85.1
85.9
94.2
86.4
81.6
87.8
92.5
94.4
97.2
95.7
97.3
79.5
60.8
51.1
46.3
46.3
47.1
47
48.5
56.1
69.5
74.5
88.9
86.6
90.4
95.3
96.5
97
95.8
97.5
82.9
97.4
97.5
95.1
93.6
86.9
87.8
83.7
73.3
70.9
68.9
70.4
70
66.3
68.1
68.8
68.8
65.8
64.5
64.8
66.7
67.5
66.1
66.3
75.4
86.6
82.3
89.4
96.9
97.4
97.4
97.5
97.5
97.7
97.8
97.9
97.9
98
98
98
98
98
98
98
98
98
98
98
98
98
98
98
98
98
98
98
98
98
98
98
98
98
98
98
98
98
98
98
98
98
98
98
98
98
98
98
98
98
98
98
98
98
84.4
69.9
81.1
96.3
97.5
97.7
97.8
97.8
97.8
97.9
97.9
97.6
94.5
97.3
97.6
97.6
97.8
96.9
97.6
75.1
62.9
55
52.2
60.1
64.1
66.2
75
87.5
93.4
89.7
96.8
92.8
94.3
92.5
97
97.4
97.7
97.7
98
98
98
90.7
91.3
92.2
97.9
98
98
98
97.8
80.2
91.1
97.9
97.9
98
95.9
87.6
97.9
98
98
98
98
98
98
98
98
97.9
98
98
97.9
97.8
97.9
98
98
97
75.8
73
81.9
97.8
93.9
82.8
97.9
98
98
98
98
98
98
98
98
98
98
98
93.4
77
76.6
69.1
86
87.6
73.6
83.7
97.9
98
98
98
98
98
98
97.9
97.9
97.8
97.8
97.8
97.8
97.9
98
97.9
96.5
81.9
77.7
73.5
63.4
62.4
61.7
73.9
92.2
97.6
90.3
67
65.2
68.5
69.4
70.8
62.2
62.2
67.7
65.9
63.7
61.7
64.7
58.5
50.4
39.1
37.6
42.3
39.1
39.1
38.6
41.6
52.5
61.7
66.6
60.1
64.6
69.8
77.3
75.4
82.2
81.7
76
61.9
66.1
72.1
77.7
94.2
97.7
98
98
98
87.5
71.3
68.5
69.8
74.7
86.5
95.3
97.6
97.6
72.1
58.5
51.2
55.3
57.1
57.3
45
31.5
33.9
29.5
25.4
24.7
21.6
20.1
20.3
20.1
20
20
20
20
20
20
21
26.7
26.2
20.8
32.1
36.8
36.6
38.3
38.9
40.7
36.4
35.4
31.8
29.7
25.7
25
25
25.4
23.5
23.6
21.6
20.1
20.8
20.3
20
20
20
20
20
20
20
20.4
20.2
20.2
20.9
27.4
26.1
20.7
20
20
20
20
20
20
20
20
20.4
20.1
20
20.4
20.2
25.6
26.8
33.3
31.4
35.4
40.8
38.7
43.8
43
34.8
27.9
21.1
20.1
20.2
20.5
21.1
20.7
20.3
20
20.1
20.2
20.1
20
21.8
21.8
28.7
32.6
34.9
35
34.2
31.7
25.8
26.9
23.9
23.1
20.4
20.1
20.2
20.9
20.6
21
23.7
31.4
37.3
41.9
45.7
42.3
43.7
46.3
48.4
48.1
47.6
47.9
48.2
49.8
48.7
49
40
34.1
29.7
28.8
28.4
29.8
30.1
30
34.9
43.3
50.3
52.6
55.5
59.3
62.8
62.8
65.5
64.4
66.7
63.1
63.9
64.8
64.5
62.8
56.5
47.5
39
32.7
30.1
27.5
27.1
26.2
26.7
29.7
34.2
42
47.8
48.8
47.5
39.1
23.1
20.3
20
48.8
56.4
63.3
66
61.9
50.5
37.8
32.2
30.9
30.8
30.7
30.8
31.1
32.8
37.9
45.6
46.5
53.2
55.2
56.8
54.3
56.5
55.3
57.4
50.9
58.8
60.1
62.3
59.4
49.6
41.3
33.5
32.2
32.9
32.8
32.3
32.5
32.7
40.5
48.6
52.2
54.3
55.5
55.8
54.7
52.8
56.4
57.7
57.7
59.5
62.4
59.9
55.3
44.4
36.9
33.9
31.6
31.8
32.8
33.3
33.4
34.7
38.1
46.5
50.5
50.1
49.9
52.5
47.9
50.9
56.6
58.2
59.1
60.1
61
62.3
61.8
57.1
44.1
38.3
36.6
34.8
32.8
32.5
33.1
33.4
41.2
49.6
53.5
56.8
50.1
55.2
59.8
58.2
55.1
60.1
55.7
58.4
58.1
50.1
52.9
46.3
39.9
38
37.8
39.7
40.2
39.7
39.9
41.1
46.2
54.8
55.1
62
67
74.9
76.7
79.1
81.1
83.2
85.3
84.3
84.2
80.5
79.4
73.8
70.9
56.9
49.9
51.9
57.3
57.3
56.1
56.5
60.1
67.7
77.3
88
95.2
95.2
96.3
92.4
97.5
97.6
97.6
97.5
97.6
97.6
97.5
66.8
51.6
46.8
51.7
51.2
49.3
47.7
49.8
52.8
55
62
62
63
65.3
65.3
71
70.4
70
62.3
66.9
66.3
69.6
68.1
65.8
53.4
44.9
44
42.5
40.5
39
37.3
37
39.1
44.7
53.8
60.1
62.6
64.8
66.8
66.7
68.5
68.1
67.9
69.6
71
72.5
71.4
74.7
59.2
49.2
41
39.8
41.2
37.7
37
38.2
41.2
47
50.7
52.2
55.2
62.9
54.4
58.3
68.6
67.7
71.2
73.2
81
82.3
86.5
85.7
60.5
55.3
50.9
50.5
48.8
48.6
47.6
47.3
49.5
58.2
64
68.2
61.3
69.4
75.2
72.5
74.7
79.4
82
87.6
91.4
92.9
87.5
80.4
57.4
54
51.4
50.7
48.3
46.6
45
42.7
44.9
50.8
58.9
65
67.1
74.7
77.7
78.2
74.5
71.9
69.2
64.2
67.2
71.5
73.9
74.4
68.1
63.7
62.5
59.5
65.6
71.8
73
80.4
93.9
97.6
97.9
98
98
98
98
98
98
98
98
98
98
98
98
98
98
98
97.7
83.3
68.2
64.6
67.1
63.1
60.4
64.9
75.1
79.6
87.5
97.5
97.6
97.6
97.7
97.7
97.8
97.9
97.9
97.7
97.6
96.1
95.5
85.6
79
79.8
77.6
77.6
79.7
79.9
88.9
93.3
93.8
97.5
97.6
97.6
97.5
97.2
97.5
97.9
98
98
97.9
97.7
97.7
97.7
96.6
96.4
97.7
97.7
97.7
97.8
97.8
97.9
98
98
98
97.9
97.8
97.8
97.8
97.9
97.9
97.8
97.8
90.7
74.4
88.5
97.8
97.9
97.9
97.9
98
98
98
98
98
98
98
98
98
98
98
98
98
98
98
98
98
98
98
98
98
98
98
98
98
94.1
80.1
72.2
69.6
72.9
75.1
76.4
89.2
97.4
97.4
97.5
97.6
97.6
90.6
75
62.2
52.1
50.4
51.7
53.5
48.6
46.1
51.3
46.8
45.8
45.1
31.8
24
22.3
21.8
22.7
23.7
26.7
34.3
36.8
38.4
43.6
46.5
46.9
48.3
54.2
49.1
53.9
59.5
50
40.8
33.7
32.9
32
28.9
28.8
29.1
27.6
26.5
31.7
40.5
46.1
46.3
54
56.3
56.5
57.9
59.9
65.1
69.4
76.7
74.3
71.6
63.1
38.5
20
20
20
20
20
20
20
20
20
20.3
22.2
25.9
26.9
30.5
36.3
38.9
44.1
47.9
38.9
42.2
46.4
46.5
37.6
29.9
24.5
24.4
24.2
23.3
21.2
22.4
24.2
24.6
26.5
34.9
37.3
43.3
48
51.7
55
54.2
57
59.1
60.6
59.6
59.8
58.2
46.1
40.1
27.7
22
20
20
20
20
20
20
20
20
20.1
20.5
21
20
20.8
31
32.5
29.1
35.8
36.5
37.4
41.6
35.5
25.5
20.5
20.2
20.2
21
20.5
20.4
20.3
20.2
21.7
26.7
31.6
29.5
32.1
41
39.4
45
50.3
53
52.7
53.4
56.2
54.7
47.4
38.3
29.7
27.4
26
24.4
24.1
25.5
27.5
29.4
34.4
40.9
42.3
47.4
53.7
63.1
65.7
64.1
68.2
69
73.8
72
76.8
77.5
73.1
67.6
53.9
44.6
41.1
39.7
39.3
40.7
43.1
46.3
49.3
57.4
63.6
67.7
70.7
74.8
70.8
79.8
82.5
91.2
88.9
88.6
93.8
97.1
83.8
62.8
56.4
50.9
47.4
45.2
44.4
43.7
43.9
47.5
50.6
56.1
63.4
61.4
64.4
68
71.5
76.1
79.5
75
86.2
89.7
63
62.9
59.9
48.4
36.7
34.9
29.4
29.8
31.5
29.9
29.4
30
32
39.8
48
52.7
54.8
59.7
59.8
62.6
67.4
67
66.1
71.1
72.7
74.5
62
44.9
39.3
37.6
37.5
36.8
35.9
34.8
35.7
36.8
40.5
45.6
48.7
50.5
53.4
58.1
60.9
64.1
68.1
69.2
65.6
61.7
56.9
54.9
39.3
35.8
30.8
30.9
29.3
27.7
22.7
20.3
21
22
23.8
29.2
35
42.4
42.7
44.2
46.2
46.2
56.7
56.5
57.9
59
58.6
60.2
50
33.5
30.6
33.5
31.3
31.3
29.3
27.8
27.6
29.7
35.2
26.5
20
20
20.1
41.1
63.7
66.8
69.1
71.9
71
66.9
59.3
60.2
52
52.9
58.9
61.1
52.4
45.7
41.4
35.2
35
33.9
34.3
36.8
38.6
39.8
46.9
50.7
52.7
58.2
61
62.6
62.1
64.9
66.6
63.3
50.1
41.6
35.1
32.5
28.3
27.1
25.9
25.2
25.2
24.7
26.7
31.1
37.3
36.8
35.5
36
40.3
43.5
48.2
47.3
44.1
44.6
41
44.6
39.2
31.7
29.9
29
29.2
28.6
27.3
27.6
26.4
26.1
28
40.6
41.3
38.2
41
40.4
34.9
31.2
34
38.9
41
39.3
32.5
33.1
31.2
27
23.9
22.7
22.1
21.8
20
20
20
20
20
20.7
23.2
24.9
26.3
31
32.7
43
47.9
53
52.3
53.7
59.1
62.9
49.7
28.4
22.6
20.1
20
20
20
20
20
20
20
20
20
20
21.1
28.3
33.4
35.6
35.1
37.8
40.7
37
37.9
36
29.7
25.8
21.2
20
20
20
20
20
20
20
20
24.6
36
42.6
40.9
41.3
47.7
52.6
54.5
53.6
53.6
52.2
55.3
55.6
33.3
20.3
20
20
20
20
20
20
20
20
20.1
23
31.6
33.8
30.8
29.7
34.2
37.5
39.4
42
43
39.7
43.2
47.2
39.9
36.6
40.3
41.5
41
37
34.9
37
36.1
36.3
42.4
50.7
51.8
50.9
51.3
50.5
51
55.1
89.5
87.8
91.8
83.4
96.1
88.8
84.4
77.3
72.2
65.5
64.1
88.9
97.9
98
98
98
98
98
98
98
98
98
98
98
98
98
98
98
98
97.9
97.9
97.8
97.8
97.9
98
98
98
98
98
98
98
98
98
98
98
98
98
98
98
98
98
98
98
98
98
98
97.8
84.9
71.3
68.2
NA
NA
56.2
58.4
60.1
67.1
83.9
91.5
85
90
92.9
90.5
97.4
97.5
97
97.5
97.6
88.1
80.1
68.2
55.4
55
55.3
58.5
65.7
66.7
65.5
66
67.9
70.2
78.1
96.1
97.8
98
98
98
98
98
98
98
98
98
98
98
98
98
93.9
89.2
80.5
71.2
71.5
71.8
74.2
86.8
88.4
97.4
97.6
97.7
89.7
74.7
87.6
96.3
97.3
97.7
97.9
98
98
98
98
98
98
98
97.6
97.4
96.8
97.5
97.7
98
98
98
98
98
98
98
98
98
98
98
98
98
94
67.1
55.8
54.3
56.8
50.4
47.7
47.1
53.1
79.1
82.9
84.9
93.5
90.3
95.8
88.5
92.7
96.9
97.2
96.5
79.5
89
79.1
86.1
70.5
60.5
58.4
56.3
51
54
53.4
51.7
51.7
53.3
55.8
65.5
73.6
77.7
78.7
79.9
73.4
67.6
60.5
71.5
75.5
77.4
84.8
69.2
73.5
71.8
61.6
49
44.7
47.8
93.8
74
56.2
44.2
47.6
52.9
59.4
61.3
62.1
57.5
61.8
64.5
71.2
80.5
81.3
83
87.3
77
58.5
46.2
39.5
40.4
36.8
36.1
37.8
37.5
41.4
40.3
41
42.4
49.7
50.4
59.4
65.6
68.1
75
75.7
77.7
78.6
80.1
81.9
70.6
54.1
43
39.1
39.5
40.1
41.3
38.8
36.3
32.6
33.5
37.2
44.3
52.3
59.5
64.3
66.3
73.5
77
77.1
76.1
71.3
77.2
80.1
69.6
58.6
45.5
40.4
41.3
42.7
38.8
35.2
35.5
37
36.4
37.1
43.8
48.9
55.2
53.4
54.8
62.8
63.9
68.2
69.5
71.7
73.8
76
67.9
51.9
44.9
39.4
42.1
43.4
42.1
39.3
38.8
37
36.4
37.9
44
53.7
58.6
60.2
63.2
70.6
77.2
79
69.4
65.5
70.7
69.9
61.2
57.2
50.2
56.4
58.4
56.2
54.7
49.2
42
47.1
51.2
58
64.3
73.9
70.8
69.3
68.1
64.5
68.3
72.3
70.9
69.7
85.4
93.1
91.3
81.5
75.4
68.8
63.2
53.8
48.6
46.5
46.2
45.3
47.2
48.8
50.8
59
62.8
63.5
68.9
76.3
77.2
69.1
76.9
79
80.5
71.8
75.1
69.3
61.1
51.9
45.4
44.1
41.7
42.8
42.3
42.3
42.1
41.7
50.4
57.1
62.9
68.1
68.3
66.5
69.4
71.4
73.2
78
83.6
86.1
71.6
56.5
43.5
37.2
36.2
36.9
33.7
26.1
24.1
29.8
24.9
26.2
29.3
38.4
45.5
50
45.3
44.5
47.5
59.1
66.2
71.5
74.2
75.9
65.9
49.8
42
37.3
37.4
36.4
35.9
34.8
33.5
33.4
34.7
32.8
35.7
41.1
51.5
47.6
51.6
56.7
62.3
66
69.8
67.8
59.5
63.9
61.7
50
39.3
35
34.9
37.5
34.7
29.8
24.7
23.7
26
30.5
36.4
36.9
38.8
43.5
45.1
48.8
52.9
49.3
46.3
49.6
52.3
62.4
59.1
86.9
98
98
98
98
85.9
74.6
82.4
98
98
98
98
85.4
75.5
73.4
76
92.5
98
98
98
97.9
97.6
97.6
97.5
75.9
57.3
53.9
54.4
50.1
49.6
45.1
40.9
44.4
48.1
50.2
48.3
54.9
87.8
98
98
98
98
98
98
97.9
97.6
90.9
96.8
98
92.7
52.4
48.6
45.4
42.9
43.4
46
49.8
54.2
59.6
57.8
67.2
91
81.4
69.4
67.1
67.3
66.6
91.5
92.1
87.8
68.8
60.2
59.2
63
57.4
52.6
49.7
50
60.1
81.3
90.5
94.3
97.6
97.9
98
98
98
98
98
98
98
98
98
98
98
98
98
94.6
89.1
73.3
60.3
54.9
55.3
60.5
65.5
81.7
95.5
97.5
97.5
97.6
97.9
98
98
98
98
98
97.9
97
97.5
97
89.5
72
64.1
53.8
50.7
48.1
43.2
44.3
47.7
48.8
51.1
61.2
74.3
81.4
96.8
95.9
97.1
96.8
97.5
97.5
96.8
97.4
97.5
74.6
55
50.3
52
46.2
42.7
43.3
42.4
41.3
39.5
39.3
41.5
46.5
56
63.8
65.9
68.2
71.1
74
73
74.9
67.1
46.3
54
49.9
35.8
23.2
37.6
44.6
42
41.8
49.5
53.1
51.6
53.9
56.3
60.5
63.7
63.9
63.6
67.5
73.9
82.1
71
71.6
68.5
69.1
67.6
63.8
56.8
46.8
46.4
48.6
50.3
51.6
60.5
54.9
46.6
45
46.1
49
53.7
57.5
57.9
60.6
67.9
68.6
71.4
81.6
84.4
90.2
97
72.5
54.9
45.2
42.5
42.3
39.9
39.1
37.1
37.3
37.5
36.9
38.2
45.9
52.9
60.7
62.2
64.9
57.5
61.8
60.3
62.8
63.7
62.8
62.9
70.9
83.9
89.8
97.7
92.1
89.6
77.9
79
95.1
98
98
98
98
98
98
97.9
97.7
97.8
97.9
93.7
97.9
98
98
98
97.8
90.3
76
69.9
67.9
81.2
97.1
95.4
97.9
98
98
98
98
98
98
98
97.8
74.2
67.6
95.7
97.9
97.8
91.8
97.7
97.9
97.7
97.7
97.3
93.1
81.1
83.8
75.4
78.5
90.9
97.9
98
98
98
98
98
98
98
98
98
97.8
93.7
97.6
97.6
87.1
64.5
51.5
55.2
57.3
60.2
56.4
50.9
63.3
83.1
97.9
97.9
91.5
72.5
70.1
80.8
97.5
97.3
97.5
97.6
97.7
97.9
97.9
97.4
95.7
62.7
50.9
50.8
50.5
47.7
47
44
40.8
40
42.9
43.2
46.5
57.3
68.9
78.3
83.9
86.4
89.4
89.3
88.9
79.9
78.7
77.1
60
47.7
41.6
34.1
33.3
32.7
33.1
30.9
26.8
24.7
25.8
30.2
34.9
45.9
50.2
54.8
51.7
46.7
49
43.7
41.6
52.4
54.6
56.2
50.5
38.2
33.4
36
38.7
35.4
34.8
32.9
31.9
32.3
23.8
21.4
36
27.8
28.8
30.2
33.5
52.2
59.2
75.1
78
87.3
90.8
88.2
61.7
50.5
41.7
35.3
32
31.1
29.7
28
24.7
27.5
28.1
28.6
30.9
38.1
39.2
45.9
57
62.1
65
65.4
67
69.5
74.2
74.3
63.3
54.2
43.9
39.6
36.9
35.2
32.9
33.6
39.5
46.3
45.2
46.3
50.3
58.6
66.7
73.9
76.4
81.6
82.8
78.1
70.6
83.8
90.3
92.8
79.2
67.3
60.3
56.6
48.7
49.4
45.5
43.8
39.9
39.3
39
41.2
44.7
54.4
59.8
65.4
66.7
66.9
72.7
78.3
77.1
83.6
89
81.6
63.1
56
45.6
44.2
43.7
41.3
40.9
41.6
44
46.4
47.9
53
61.5
65.5
69.2
66.7
61.4
74.2
81
68.1
57.3
62.7
73.2
75.5
62.7
51.3
44
41.4
38.8
36.3
31.2
29.4
29.5
30.1
30.1
30.9
35.2
45
52.8
60.3
64.1
67.2
71.1
70.9
76.1
74.9
76.9
73.9
60.6
51.2
45.8
41.8
37.8
37.9
37.8
37.6
37.4
38.1
39.3
43
47.4
56.1
62.9
65.7
72.4
78.5
86.6
94.1
97.5
97.6
97.6
90.5
65.3
58.9
55
51.2
50
49.3
48.1
47.5
47.7
46.5
45.5
45.4
46.6
50.9
57.1
58.2
60.9
71.2
96.1
82.9
73.4
66.4
66.1
66.8
69.8
62.1
53.1
45.9
45.4
42.8
40.3
39.3
43.7
44.2
45.4
46.9
47.7
50
50.8
60.2
67.9
70.7
69.8
71.6
72.4
72.3
74.6
72.5
57.1
47.3
39.8
36.1
32.7
31.5
30.6
29.1
28
27.6
28.3
28.8
34.1
39.6
47.1
50.1
53.9
55.3
55.1
59.1
61.6
57.9
63.6
65.4
58.6
46.6
40.5
36.1
33.6
31.5
31.1
30.5
30.3
29.9
31.5
33.5
38.1
46.7
50.8
56.3
59.3
59.5
63.8
65.2
62.6
66.7
63.9
62.5
60.6
45.5
40
37.5
34.8
37.2
39
37.5
35.5
33.3
33.1
36.6
45.3
50.6
56.5
57
62.8
62.1
67.7
69.6
70.4
56.9
65.7
73.7
66.6
59.8
49.8
48.6
48.6
48.2
44.3
44
42
38.3
34.7
37
43.3
48
54.5
56.7
54.7
53.7
65.8
85.9
98
91.5
76.5
73.4
69.3
69.4
78.7
97.8
97.6
89.1
67.4
56.9
53.4
83.8
98
98
98
98
96.1
77.2
73.5
74.5
71.2
74.8
75.9
91.8
86.9
77.3
87
82
73.2
55.9
50.2
49.3
47.9
47.2
44.4
44.8
46.1
47.3
49.4
59.8
75.3
94.3
97.5
97.6
89.7
90.7
75.9
70
77.7
84.8
78.7
61.9
52.4
47
47
45.7
43.7
42.5
39.8
39.8
37.8
36.7
51.4
56.3
63.1
72.2
72.2
79.2
81.4
87
80.9
79.5
67.3
75
61.7
49.5
43.3
40.4
36.7
35.1
34.4
30.6
28.2
27.6
29.5
34.2
43.9
52.9
49.8
48.9
52.8
46.1
58.5
59.5
65.2
63.4
82.9
73
60.6
52
44.8
43
41.5
36.8
36.2
35
33.7
28.8
27.6
28.4
35.9
45.3
55.9
60.9
63.6
61.3
58.3
67.7
65.6
60.8
61.3
63
54.2
46.2
38.2
37.4
36.2
35.6
35.1
32.9
31.2
30.8
30.6
31.8
40.1
43.2
50.9
50.6
52.6
48.4
49.5
52.7
56.1
56.1
57.4
61.1
58.1
54.4
44.8
39.2
38.1
35.9
35.4
34
31.4
30.6
29.2
30.5
39.1
42
47.2
51.8
55.2
57.9
60.5
65.3
62.3
65.8
69.3
63.9
54.7
47.4
42.7
36.6
29.1
27.3
27.9
27.2
27.2
27.6
29.4
33
37.8
43.2
49.4
54.8
61.6
69.4
74
73.6
75.7
64
56
62.4
56.8
47.3
43.3
42.5
40.6
39.9
37.9
34.3
30.8
29.1
29.5
34.5
39.3
48.7
54.9
58.9
61.8
67.2
72.9
75.3
82.6
83.3
78.9
78.4
60.2
48.5
43.4
41
39.6
37.9
38.6
36.2
34.4
34.6
36.2
38.4
44.5
49.9
50.2
51.3
53.1
40.7
39.2
37.3
42.2
53.4
58.1
58.6
49.2
40.5
36.2
34
34.5
32
30.8
28.5
26.6
23.5
23.7
27.9
30.1
32.5
43.5
48.4
50.5
52.4
54.3
57.4
59.4
61.6
60.8
59
48.9
39.5
33.4
26.8
22.1
20.9
21
21.8
21.8
21.3
27.8
43
54.8
48.4
51.7
52.6
56.7
60.2
60.7
64.1
67.8
62.6
58.1
55.3
43.2
30.5
24
22
21.1
22.9
20.6
20.2
20.1
36
34.8
38
43.2
44.7
49.3
55.8
60.8
66.4
69
70.3
73.6
75.9
77.7
68.4
52.6
44.3
39.4
37.4
34
33.6
32.7
31.6
29.2
26.6
29.4
32.9
35.4
38.7
46.9
53.9
59.8
63.2
68.3
67.2
66.9
69.7
68.6
60.3
54.6
52.3
43.8
36.8
34.3
31.5
29.1
26.2
24.5
22.3
24.8
36.7
53.7
63.2
59.8
56.1
61.1
69.1
75.5
79.9
81.6
74.7
60.6
60.9
48.7
37.6
33.9
37.8
37.4
34.1
31.4
32.9
31.5
31.1
32.1
32.9
35
34.6
36.6
42.7
47.7
48.5
53.6
59.1
59
63.5
60.4
57
56.3
45.8
45.7
41.2
42.6
45.7
51.7
67.1
56.3
49
55.9
97.9
98
98
98
98
98
97.9
97.6
97.8
97
94.8
96.6
86.1
66.6
54.9
47.8
46.4
43.7
41.5
38.9
37.4
37.4
36.3
36.2
37.3
45.1
53.9
54.7
53
57
68
78.2
83.7
82.3
87
83.2
79.2
62.8
50.2
45.9
42.8
40.2
38.2
36.2
34
31.6
28.8
24
20.8
26
35.2
40.7
41.4
39.9
40.8
35.7
42.3
49.2
49.9
51.2
51.4
42.2
35.5
32
23.8
21
20.5
20.4
20.2
20
20
20
20
20
20
20
20
20
20.7
28.7
31.6
36.7
36.4
32.7
41.7
37.2
34.1
36.4
35.5
37.2
37.1
36.1
31.4
30.7
28.6
27.2
31.7
34.1
40.2
48.5
54.4
55.3
57.4
58
59.6
65.5
69.2
64.8
66.8
59.7
56.2
55.3
53.6
49.1
44.7
44.4
44.1
43.5
48.1
90.7
98
98
98
89.1
72.2
72.8
70.3
67.8
64.9
63.5
63.8
80
74.4
64.5
63.1
59.4
57.5
58.3
55.9
59.3
38.6
29.1
27.6
28.9
31.4
36.5
40.4
44.9
51.9
59.5
64.3
68.5
76.8
71.2
75.8
91.5
82.8
67.2
52.7
48.4
44.3
41.7
38.1
34.9
32.4
34.1
32.9
29.9
30.9
39.8
43.1
48.5
62.1
65.6
69.5
70.1
69.8
66.9
60.7
60.2
60.5
57.2
50.9
46.2
45.4
46.8
45.9
45.3
39.5
36.5
39.1
40
42.3
51.7
68.2
56.2
44.9
45.5
50.2
56.2
54.6
57.7
53.6
53.4
53.5
54.7
56
59.3
54.9
46.4
46.8
46.3
68.9
97.9
81.1
65.5
67.2
72.7
73.3
67.3
76.7
75.6
67
76.7
98
97.8
79.1
65.8
62.6
64.8
63.6
57
52.4
50.3
46
43.8
41.1
40.2
39.6
38.7
39.9
42.9
51.9
60.7
71.2
74.1
77.5
81.9
90.7
85.9
94.8
97.2
89
77.4
64.3
61
55.9
48.6
45.1
44.2
40.4
38
36.6
35.4
36.2
38.1
42.6
49.4
51.3
37.3
20
20.7
20.9
25.2
30.9
42.5
45.9
37.4
44
45.4
38.5
31.7
31
31.9
31
26.9
25.2
22
22.5
25.3
34.7
41.1
46.8
50.1
49.7
47.1
46.6
45.7
43
53.3
52
41.5
36.3
33.7
34.3
35.6
34.8
31.8
30.8
30.5
31.1
30.5
31.9
35.3
38.7
45.9
54.7
59.8
56.7
64.6
65.1
72.5
77.6
79
71.9
53.7
44.6
42.4
39
36.1
33.9
33
32.2
31.4
30.4
29.7
31.3
36.5
41.7
46.3
53.2
51
50.1
58.2
66.7
69.2
69.5
67.8
69.9
58.9
51.7
48.5
41.3
39
37.2
36.6
35.2
33.4
33.6
35.8
39.2
41.4
45.8
49.8
52.3
55.4
51.9
44.1
53.3
59.2
58
61.3
65
52.3
49.4
47.8
45.6
42.8
40.4
38.3
37
35.2
35
34.5
37.1
37.3
43.6
50.1
54.1
54.4
57
58.2
59.4
58.6
55.3
55.4
57.4
52.7
48.2
47.8
50.9
52
46.3
43.6
40.2
34.4
36
36.4
40.5
45.4
47.6
54.7
63.7
65.7
69.3
78.6
85.8
92.3
88.4
97.1
83.3
63
51
46.5
43.9
42.5
42.3
39.3
38.1
37.1
37.4
38
39.6
41
45.7
51.9
57.8
67.6
60.4
60.1
63.4
68.7
77.5
73.6
72
65
56.3
46.6
40.1
38.7
37.2
36.6
36.7
36.4
36.1
39.4
65
98
97.9
91.2
97.8
98
98
98
98
97.9
97.9
98
97.2
91.9
67.6
59.4
56.1
56
55
49.5
52.6
66.4
80.5
89.7
70.7
66.7
68.5
65.9
66.7
75.6
93.4
97.7
98
98
98
98
98
92.9
84.7
67.4
49.5
44.8
44.8
45
47.2
42.7
40.9
40.8
43
42.7
49.9
54.1
59.2
76.6
82.7
77.9
81.1
54.3
64.7
63.1
53.6
47.4
42.3
35.2
32
29.8
25.1
25.7
27.7
41.5
36.7
33.2
32.3
33.8
41.3
47.3
57.9
63
61.8
53.7
52.7
50.7
46.9
48.5
46.5
41.6
43.7
37.8
34.8
32.7
30.2
29.6
24.6
24.8
23.6
34.6
37.5
42.7
51.7
55.3
64.3
69
76.7
78.6
86
91.4
91.9
92.8
87.2
60.5
46.3
43.1
39.6
38.9
41.6
38.3
36.3
35.8
37.3
37.4
37.8
36.9
41.7
44.7
49.9
54.9
63.1
62.1
64.6
74
71.3
75
70.9
58.6
51.7
40.6
39.5
38.6
38.3
38.1
37.4
37.8
37.2
38.5
39.4
41.3
57.3
98
98
98
98
97.9
97.9
97.9
97.9
97.9
97.9
98
97.7
87.8
79.5
70.2
61.2
53.8
50.4
47.2
46.7
56.8
98
98
98
98
95.9
96.6
95.6
83.6
84.7
77.3
95.3
97.5
95.5
76.8
64.5
62.1
60
61.8
55.7
57
52.1
52.9
52.6
68.8
98
98
98
98
97.8
97.2
95.9
97.9
97.8
97.8
97.9
98
97.2
75.4
61.7
55
52.5
51.2
48.7
46.2
45.5
43.3
41.1
40.7
40.9
45.9
53.6
66.2
73.4
63.3
65.2
70.4
74.9
88.1
90.1
97.5
91.4
66
59.4
56.3
55.8
51.6
51
48.8
47.3
48.5
44.8
45.9
55.8
60.3
71.3
98
98
91
76.2
78.6
97
97.7
97.7
97.9
96.4
75.4
60
52
48.9
48.6
45.2
43.6
42.4
42.3
42.8
50.4
62.9
65.6
66.4
66.7
69.1
69.9
72.1
85.4
88.3
84.7
82
94.3
86.3
67.7
56.1
48.5
44.1
44.7
44.6
42.7
39.2
46.8
97.5
94.8
76.4
79.6
80.2
84
69.2
65
85.3
91.7
91.1
94.3
97.5
94.3
87.7
63.6
55.1
52.4
49.4
46.1
43.2
39.5
38.7
NA
NA
NA
NA
NA
NA
NA
NA
NA
NA
NA
NA
NA
NA
NA
NA
NA
NA
NA
NA
NA
NA
NA
NA
NA
NA
NA
NA
NA
NA
NA
NA
NA
NA
NA
NA
NA
NA
NA
NA
NA
NA
NA
NA
NA
NA
NA
NA
NA
NA
NA
NA
NA
NA
NA
NA
NA
NA
NA
NA
NA
NA
NA
NA
NA
NA
NA
NA
NA
NA
NA
NA
NA
NA
NA
NA
NA
NA
NA
NA
NA
NA
NA
NA
NA
NA
NA
NA
NA
NA
NA
NA
NA
NA
NA
NA
NA
NA
NA
NA
NA
NA
NA
NA
NA
NA
NA
NA
NA
NA
NA
NA
NA
NA
NA
NA
NA
NA
NA
NA
NA
NA
NA
NA
NA
NA
NA
NA
NA
NA
NA
NA
NA
NA
NA
NA
NA
NA
NA
NA
NA
NA
31.8
27.1
27.3
24.7
24.8
25.5
32.3
42.9
52.8
60.4
52.7
48.9
50.4
53.9
52.9
57.8
63.3
65.9
62.7
54.7
51.6
50.8
48.1
49.3
42.8
40.9
39.7
34.3
40.1
45.8
48.4
50.9
57.6
NA
NA
NA
NA
NA
NA
NA
NA
NA
NA
NA
NA
NA
51
48.2
48.4
48.5
49.3
46.6
47.5
49.1
51.3
56.5
67.5
70.8
64.8
75.8
87.5
91
97.5
97.5
97.5
92.3
76.8
57.7
49.5
41
38.6
39.6
38.9
38.5
39.8
41.2
45.8
48.9
51.5
53.2
54.8
57.4
59.6
62.3
73.8
83.5
84.7
92.9
96.4
76
68.7
58.3
47.1
40.9
41.5
40.9
39.5
38.7
39
40.4
40.1
41.8
51.1
54.9
65
68.2
75
76.2
83.3
90.4
91.3
97.1
96.9
90.4
64.8
52.9
49.1
46.6
44.8
42.7
42.2
42.6
41
42.4
44.6
47.2
51
59
69
74.4
73.4
69.7
72.2
67.3
68
75
85.8
88.1
74.9
62.1
55.6
51.3
NA
46.3
44.4
43.2
43.6
43.5
42.4
42.3
46.4
53.2
60.4
59
58.6
60.3
64.2
62
73.8
82.7
83.3
76.1
70.6
67.2
94
70.4
54.9
53.4
49.6
49.7
50.9
47.5
46.1
46.8
52.3
60.9
71.1
79
84.8
90.7
92.8
93.7
91.3
94.3
93.9
75.8
60.2
52.1
46.9
45
44.9
42.7
40.2
40.5
40.5
37
36.2
37.7
42.5
50.3
61.6
67.1
59.2
57.3
57.7
59.4
62.7
68
62.2
59.4
56.8
51.7
70.1
83.3
78.7
56.7
48.1
43.7
43.6
75.6
78
65.4
62.7
62.2
59.2
55
54.3
54.7
55.1
54.4
58.1
68.7
50
40.3
38.3
38.2
29.5
32.3
39
42.4
41.6
38
30.5
27.1
26.4
25.7
26.9
30.5
33.8
32
34.9
39.8
35
36.3
42.3
44.5
51.3
48.5
44.4
40.2
35.2
28.5
28.9
31.7
29.7
29.2
27.4
24.9
25.8
27.4
33.6
41.8
48.9
57.9
60.9
59.7
65.4
64.7
64
63.8
71.6
68.2
55.1
48.3
42.3
39
38.1
38.7
38.1
37.4
35.5
35.2
34.8
36.3
41.6
52.6
59.7
67.8
69.8
72.9
69.4
75.4
71.9
82
87.7
83.9
63.4
56.1
50.9
44.8
42.1
41.3
38.6
37.4
37.2
37.6
37.3
39.3
44.9
56.2
62.5
72.7
76.1
77.5
80.5
86.6
87.2
77.1
68.5
72.1
66.6
54.4
49.2
46
43.5
42.7
41.2
41.3
36.2
34.6
33.5
37.7
42.4
49.2
48.3
58.3
62.7
65.1
67.8
67.6
65.3
61.5
57.9
64.9
58.3
48.9
42.9
38.9
37.2
33.6
30.3
29.6
30.1
30.7
28.2
29.3
38.5
49.7
54.3
57
54.6
53.5
57.1
67.2
69.9
75.9
78.1
69.7
59.1
51.3
45.8
44.5
42.7
40.3
37.1
36.6
34.2
34.9
34.9
36.2
40.1
44.6
73.6
98
98
98
97.9
97.7
97.6
87
85.4
68.8
58.2
52.8
48.9
43.3
39.8
36.4
34.5
31.9
27.8
23
20.5
20.7
33.3
40.3
40.3
39.4
42.2
50.7
51.8
55.4
62.3
55.9
54.4
60.2
56.5
53.4
40.8
41.5
43
42.5
41.7
40.8
37.3
37.9
38.1
37.7
43.3
50.6
55.4
64.5
64.7
65.1
62.9
60.6
71.1
77.9
80.2
77.8
64.7
52.9
45.2
37.6
36.3
35.8
35
34.3
33.5
33
32.8
34.2
38.7
44.7
54.5
57.4
57.7
60.9
61.7
62.4
57
59.9
43.5
48.8
48
43.6
39.4
33.9
33
34
33.1
30.8
29.1
29.6
33.7
32.9
39.5
47.1
49.8
53.6
50.9
52.8
64.1
73.4
77.6
79.7
82.6
86.2
70.1
58
46.2
41.6
40.2
38.4
40
38.6
36.8
37.8
38
39
41.7
50.8
58.5
66.4
69.4
71.9
75.4
76.7
71.2
76.8
78.8
84.1
64.8
53.5
46.2
40.6
39.9
39.4
39.1
38.2
37.1
35.9
36.1
38.7
41.9
51
56.9
60.2
59.4
57
55.8
60.3
68.6
72.3
68.1
65.8
67.1
56.1
56.8
50.9
49.1
48.3
45.5
39.3
38.1
37.7
37.6
42.6
45.6
47.7
51.7
53.8
56.1
56.7
57.5
62.7
64.8
64.6
65.6
61.9
58.2
53.3
44.3
39.3
38.4
37.5
36.6
35.9
34.7
34.1
34.2
35.2
37.8
45.8
56.3
56.8
49.9
47.8
52.1
51
49.7
51.5
57.7
62.2
60.8
54.1
44.7
40.8
37.4
36.5
30.5
35.4
37.3
39.6
37.9
40.6
44.1
48.6
54.4
58.5
62.9
65.7
67.1
66.8
67.9
67.5
69.5
65.7
62.5
53.1
50.1
49.9
51.9
64.9
85.6
52
90.7
88.7
62.6
64.5
77
82.6
72.7
68.9
70.9
70.9
73.1
78.1
89.2
88.1
73.5
90.3
67.4
53
46
42.6
39.8
38
37
36
34.5
34.4
33
34.4
36.1
44.1
51.1
59
61.3
66.2
70.4
66.6
68.7
67.8
78.1
79
61.3
48.7
40.1
35.9
35
34
32.3
31.4
30.9
30.4
31.1
33.2
35.3
42.7
54.2
58.8
60.8
65.1
66.3
68.7
67.9
67.3
74.4
73.1
61.6
49.9
40.5
36.4
36.7
35.9
34.2
33.1
32.4
31.5
32.7
35.7
37.3
41.5
47.6
57.8
53.8
60.5
64.6
67.6
65.6
64.6
63.7
61.6
61.5
54.6
45.7
39.6
39.5
38.7
37.6
35.5
35.6
34.8
36
38.2
40.3
44
49.8
49.7
50
51.4
54.2
60.4
58.6
61.3
59.7
66.6
65.2
58.2
50.5
40.9
39.6
40
38.4
37.4
37.1
37.5
39
43.4
50.3
56.6
60.2
58.9
61.6
62.1
68.8
71.2
67
72.3
68.9
79.1
97.9
97.8
72.7
57.3
48.8
41.1
37.9
36.3
34.9
35.7
37.2
39.8
41.9
51
61.1
55.5
53.1
54.4
55
92.9
98
98
95.9
70.8
67
62.2
58.8
55.8
58.7
62.6
50.8
43.1
40.5
41.5
41.8
50.4
52.9
65.3
71.1
70.1
71.8
77.7
82.1
96.8
92.4
96.7
91.7
85
68
58.3
52.3
49.1
47.5
45.4
42.6
40.1
35.6
32.2
31.5
33.9
38.6
46
52.6
57.2
66.2
68.2
69.9
67.6
62.2
73.2
84.3
83.5
69.7
56.7
49.2
41.6
42.3
41.7
39.4
38.3
35.8
35.8
36.5
38.7
45.7
50.2
56.3
67.4
66
68.9
68.7
77.2
65.8
81.4
91.1
92.4
73
56.5
47.4
46
44.5
42.5
41.2
39.2
37.8
36
35.4
40.3
40.5
46.7
51.5
53.5
56.3
59.1
74
78.2
98
98
98
97.8
96.6
92.5
70.2
55.7
49.3
49.4
45.8
41.9
41.2
43.4
41.6
43.6
50.3
54.1
64.6
73.2
67.1
77.3
79.6
83.7
87
89.6
81.4
91.8
82.2
64.5
50.3
46.1
43.5
41.1
39.4
36.9
35.2
35
34.8
38.8
44
51.6
63.1
69.5
69.6
78.8
78.6
69.1
77.1
92.9
86.7
91.1
74.6
56.4
47.2
41.7
41.2
39.8
39.9
37.5
37.9
34.5
35.8
41.1
45.2
53.1
56.5
61.3
62.7
66.4
63.6
63.4
69
76.8
82.7
84.3
68.2
53.7
45.3
42.1
40.4
37.3
34.8
30.7
27.3
25.7
28.8
33.8
39.7
50.2
55.2
62.2
62.3
62.5
67.2
67
73.5
76.6
75.7
76.6
59.8
51.6
42.3
38.1
36
34.3
32.7
NA
NA
NA
NA
NA
NA
NA
NA
NA
NA
NA
NA
NA
NA
NA
NA
NA
NA
NA
NA
NA
NA
27.9
27
26
25.9
25.7
26.6
NA
NA
NA
NA
NA
NA
NA
NA
NA
NA
NA
NA
NA
NA
NA
39
31.8
27.2
26.7
26.9
27
26.4
26.5
27
29.3
34.3
43.2
52.8
59.2
61.3
60.2
58.3
61.4
61.2
66.8
71.4
72.7
61.7
46.6
38.7
34
32.4
32.1
30.3
27.1
26.9
27.2
30.8
35.9
45.1
52.7
56.3
52.3
58.2
62.2
65.1
62.5
64
66.3
67
59.7
62.6
49.9
43.1
37
36.1
35.9
34.7
32.8
33.5
34.5
34
35.8
41.8
50.4
54
51.7
52.6
58.1
55.9
59.6
58.8
59.6
63.5
58.6
61.7
57.2
49.7
38.4
35.9
31.4
29.7
29.7
30.3
30
31.1
33.8
36.7
40.9
42.7
44.4
47.1
50.6
56.3
53.8
59.4
58.9
60.4
60.3
56.9
42.6
40.6
40.6
NA
NA
NA
NA
NA
NA
NA
NA
NA
NA
NA
NA
NA
NA
NA
NA
NA
NA
NA
NA
NA
NA
NA
NA
NA
NA
NA
NA
NA
NA
NA
NA
NA
NA
NA
NA
NA
NA
NA
NA
NA
NA
NA
NA
NA
NA
NA
NA
NA
NA
NA
NA
NA
NA
NA
NA
NA
NA
NA
NA
NA
NA
NA
NA
NA
NA
NA
NA
NA
NA
NA
NA
NA
NA
NA
NA
NA
NA
NA
NA
NA
NA
NA
NA
NA
NA
NA
NA
NA
NA
NA
NA
NA
NA
NA
NA
40.6
36.4
33.1
31
29.7
28.6
31.7
36.5
43
47
53
58.2
58.5
58.6
67.3
72.7
74.8
76.8
78.9
77.7
68.5
53.6
51.2
47.3
39.7
41.4
50.3
42
37.9
35.7
33.2
32.1
35.3
42.1
44.9
53.8
57.2
51.1
55.4
55.3
57
58.1
56.8
57.1
70.4
75.1
77.3
97.9
76.1
67.8
59.9
52.4
45.2
42.7
43.9
48.3
54.3
62.9
66.2
73.9
75.5
74.1
72.3
75
77.9
81.2
89.3
91.8
75.9
55.6
46.8
44.5
41.3
38
35.2
32.8
31.8
31.6
32.3
35
40.2
49.7
55.7
61.4
64.4
66.2
66.1
69.7
73.5
78.2
74.4
71.4
70.3
52.9
42.4
38.4
37.3
35.3
32.4
30
28.2
27.8
27.8
30.5
40.1
47.6
54.7
58.1
60.5
63
65.7
68
70
73
64.5
63.9
59.5
48.7
43.3
38.5
36.6
35.5
34.6
34.3
35.4
34.6
36.5
39.9
42.1
46.5
52.9
57.2
59.3
65.4
63.5
61.1
59.3
66.6
67.6
66.6
65.4
86
71.4
66.9
61.1
56.1
48.8
45.1
44.2
43.4
44.2
45.9
51.3
55.6
62
79.5
88.3
83.4
79.3
75.9
82.4
77.6
71.3
73.4
74
61.6
51.9
47.6
42.2
41.2
40.5
39.7
40.4
33
33.8
38.8
41
49.4
52.9
57.3
63.7
54
29.9
24.6
23.4
22.8
24.3
20.1
21
20
20
20
20.8
22.6
20.1
20
20
20
20
20
24.5
36.6
40.3
42.1
46.6
53.4
58.4
64.2
67.6
66.1
67
65.1
56.5
45
39.3
30.9
30.5
29.2
27.9
26
25
24.9
26.1
29
31.3
37.8
46.3
50.8
44
52.2
56.8
59.3
58.8
59.2
59.4
59.6
54.4
41.5
34.5
29.8
28.1
27.7
26.8
25.8
25.8
25.8
27.6
31.2
35
42.8
48.6
53.7
55.6
53.3
59.4
63.7
63.7
65
63.7
70.5
66
50.5
41.6
37.1
33.8
33.2
31.5
31.4
31.3
31.4
33.1
35.5
39.3
44.2
51.6
54.3
41.5
35.7
37.4
43.9
46
44.1
46.2
48.3
47.9
46.5
41.9
33.9
30.6
30.3
27.3
27.3
28.3
27.1
29
34.4
42.8
46.6
51.5
55.6
55.3
48.2
55.3
60.1
64.3
68.5
72
72.4
66.8
51.1
40.7
34.7
31.3
29.9
28.3
27
26.1
26.5
28
31.2
35.5
42.3
43.9
47.7
48
50
50.8
49.4
82.9
71.7
67.3
69.9
68
58.2
46.8
36.5
32.1
30.6
29.3
28.2
28.7
33.6
53.6
61.6
66.9
60.5
56
62.4
66.4
75.7
83.5
86.1
83.9
84.7
83.6
83.2
73.5
58.4
50.8
42.4
34
30.3
29
54.1
78.2
56.5
40.3
42.5
42.1
48.6
50.2
50.1
50.2
58.8
64.2
62.1
68.7
72.7
75.5
68.9
65.3
50.7
41.3
36.2
34.8
33.3
31
27.9
26.7
26.8
31.7
40.7
46
49.1
47.5
79.6
91.7
80.7
97.7
97.6
87
97.8
97.9
97.4
95.2
91.6
97.6
96.3
71.9
60.1
56.4
49.9
54.2
48.9
49
51.5
60
72.1
74.8
75.2
73.9
97.4
98
98
98
96.9
78.5
75.9
84.5
90.1
85
71.2
69.5
97.8
93.2
63.1
60.5
71.8
68.9
92.4
97.9
98
98
91.6
74.4
88.2
97.7
97.9
97.9
97.6
97.8
94.4
97.7
87.2
74.4
87
97.8
97.9
98
98
97.9
90.9
88.3
97.1
97.6
97.8
97.7
96.7
97.6
97.7
98
98
98
98
98
98
98
98
95.1
69.5
62
59.6
52.2
49
49
47.7
49.5
54.7
66.6
72.8
89.4
97.5
97.5
94.3
96.1
97.6
97.7
97.7
97.8
97.8
97.9
94.4
72
51.2
46.8
43.2
41.6
40
39.5
42.6
45.7
51.1
58
63.4
74.3
75.4
83.3
94.5
90.5
83.2
92.9
94.4
91.4
94.8
85.9
75.5
61
55.3
53.1
47.9
43.5
44.6
71
97.8
96.2
79.6
83
97.5
84.4
82
90.9
81.5
88.8
97.5
97.6
97.6
97.6
90.6
82
67
59.6
49.1
42.4
40.3
41.1
39.5
38.7
40
43.3
47.8
52.6
57.1
62.7
63.4
69.8
65.2
60.3
74.8
85.2
96.8
95.7
97.2
95.1
79.5
59.3
55.8
51.4
49.4
43.6
39.8
38
37.5
41.9
49.1
59.1
57.2
60.1
67.6
81.5
88.4
89.6
85.5
84.9
94.5
94.1
94
72.7
64.4
54.3
42.4
39.4
38.8
38.3
37.9
38.3
40.3
42.8
49.3
59.4
66
72.6
77.7
80.5
83.8
88.6
93.4
95.6
95.6
97.5
97.4
96.8
72.8
56.9
48.3
44.2
42.3
41.3
40
41.5
42.5
43.8
45
54
60.9
65.3
67.2
71
73.2
70.1
68.3
76.1
82.2
86.7
87.6
72.7
77
60.9
49.2
45.1
43.1
41.3
39.7
38.5
39.3
41.8
44.3
53.1
57.7
64.3
64.7
66
66
64.4
65
62.2
60.1
65.9
73.4
72
62.5
52.9
47.3
43.6
36.8
35.6
34.1
36.2
39.6
41.2
45.5
54.2
60.9
62.8
61
62.7
83.3
97.7
96.8
97.5
97.6
97.6
97.5
97.5
76.3
69.3
72.6
73.7
67.8
59.1
53.1
46.1
43.4
45.4
56.2
57.4
60.6
55.3
57
60.7
58.9
72
77.2
79.2
78.5
77.5
79
82.4
64.4
52
49.7
42.7
41.2
41.3
40
38.8
39
41.9
48.4
59
65.1
68.4
68.3
72.4
78.4
82.9
84.8
87.8
84.1
90
90.6
88.6
64.8
53.6
47.4
43.6
42.6
41.9
41.2
40.5
39.3
41.5
51.4
57.7
63.2
69.2
73.9
78.8
83.3
89
94.6
97.4
97.5
97.5
97.5
97.2
71.2
55
48.7
42.7
41.5
39.5
37.9
37.9
38
41
48.8
55.8
63.6
70.6
74.4
76.6
80.7
81.2
88.7
96.3
97.5
97.5
97.5
97.6
80
60.7
59.3
58.8
52.9
49.3
47.7
46.5
43.1
46
54.5
61.6
66.8
69.2
68.6
73.3
78.6
85.6
84.6
90.1
97.3
97.5
97.4
92.5
84.1
60.1
49.8
48.1
44.7
45.7
43.8
42
42.9
46.4
52.7
63.1
70.1
74.7
74.2
75.4
76.2
91
96.2
97.5
88.1
77.2
83.8
85.8
67.1
58.9
51.9
53.2
57.2
54.9
52.3
51.2
48.9
49.2
52.4
56.1
62.4
61.5
61
59.7
63.6
67.7
76.4
78.2
73
75.2
73.8
72.2
69.8
56.3
49
43
39.6
37.5
36.5
36.5
36
38.5
44.8
53.8
61.2
65
68.3
71.2
71.2
73.1
78
81.1
82
84.1
89.2
90.9
70.2
54.4
45.4
41.7
41.2
41.3
41.4
39.5
39.2
42.6
49.6
58.5
60.8
67.8
73.2
79.6
83.8
89.5
93.1
97.3
97.3
97.5
95.4
95.9
73.8
58.4
56.1
54.2
49.7
47.1
48.4
51
54.3
55.2
59.9
66.5
67.8
69.6
71.6
72.9
71.1
74.3
80.6
80.1
82
81
80.9
76.9
68.1
63.9
61.7
54.7
51.5
50.5
51.4
53.2
55.8
58.7
62.7
65.1
66.6
68.6
68.1
67.6
64.4
64.8
70.7
74.8
80.8
93.5
91.6
97.4
81.2
59.1
49.3
44.4
41.4
41.2
41.6
40.6
41.6
45.7
54.8
61
66
69.2
67.4
62.5
63.7
66.3
67.6
70.3
71.8
77.6
77.9
85.3
78.8
59.1
51.4
46.2
43.6
43.1
45
46
44.9
46.6
53.2
61.7
63.7
67.6
67.5
67.8
68.1
70.6
68.5
68.4
64.9
66.9
64.5
62.5
64.7
63.9
90.7
97.9
98
84.7
65.6
58.4
57.6
60.3
64.8
66.5
68.3
78.3
79.6
95.3
97.9
98
98
98
98
98
98
98
98
98
79.7
62.7
62.9
57.8
55.1
53.6
59.6
59.6
68.1
72.3
82.5
92.6
97.4
97.5
84.6
97.2
95.2
92.3
85.8
79.7
74.5
71.3
63.5
52.7
51.4
52.6
52.1
50.4
47.9
51.2
51.4
57.3
67.5
73.4
75.2
71.6
83.4
92.4
92.9
97.1
97.5
97.6
97.7
97.7
95.7
81.4
70.3
44.5
32.3
21.2
20
20
20
20
20
20.9
24.4
26.1
27.9
36.1
32.9
28.4
29.1
24
31.4
36.2
36.2
38.6
40
40.8
31.5
28.9
26.6
24.8
22.8
21
20.2
20
20
20
20
20
20
20
20.4
23.7
20.1
20.2
20.3
29.5
35.5
38
39.9
41.9
34.6
30.5
27.4
30.8
31.5
36.1
36.5
37.3
38.2
39.7
50.4
57.2
60.5
64.9
57.1
65.5
64.3
62.5
67.8
69.6
69.9
67.7
64.2
62
52
41.1
31.2
27.3
27.2
28
28
29.3
29.2
31.6
38.3
47.8
52
49.1
53.7
49.1
50.6
59.8
62.2
67.3
66.9
70.5
72.6
75.5
60.5
47.8
40.2
39.4
37.6
35.8
35.7
36.4
36
39.4
49.7
56.8
60
63.1
63.6
65.1
59.1
54.3
59.1
64
71
77.2
78.3
76.3
57.8
44.6
42.6
43.9
44.3
44.2
43.7
43.5
44.5
48.6
54.2
54.9
57.3
63.5
65.4
67.4
70.7
74.6
78.8
78.3
77.7
78.8
81.3
85.5
70.1
53.9
43.6
39.7
41.4
38.8
40.2
38.4
37.5
38.6
44.4
51
57.6
57.3
62.7
71.2
72.9
67
61.2
66.4
76
78.3
85.2
82
77.5
61.8
46
43.4
41.9
40.2
38.9
40.9
42.2
43.1
44.6
46.4
50.6
62.3
66.8
69.3
70.7
68.7
69.2
67
65.7
64.5
63.5
68.1
63.6
51
49.4
44.2
44
44.7
46.2
46.4
46.7
48
50.4
52.5
53.8
54.2
59.7
57.6
60.1
62.3
63.8
64
65.4
65.3
69.4
71.7
71.3
68
66.8
59.3
56.6
57.4
56.7
55.8
61.1
77
97.6
97.8
97.9
97.9
98
98
98
98
98
98
98
98
98
98
98
98
98
98
98
98
98
96.5
80.4
88.1
97.6
97.7
97.8
97.8
97.8
97.9
97.9
97.9
97.8
97.6
97.7
97.8
97.8
97.9
97.9
97.8
88.5
67.6
60
59.4
61.9
63.7
68.8
72.3
81.8
83.4
95.2
97.6
97.7
97.8
97.8
97.7
97.7
97.5
97.5
97.6
97.6
97.6
91.1
61.8
48.8
46
44.9
45.2
44.9
44.4
44.2
51.3
62.6
70
64.8
50.9
52.9
67.7
68.9
69.5
71.9
72.8
74.9
73.1
74.3
75.3
71.5
52.2
47.1
43.3
41.5
39.5
38.2
36.7
37.4
48
60.1
70.4
79.8
85.8
91.1
93.6
85.3
82.2
85.4
83.6
80.7
77.9
80.3
84.4
71.5
52.7
45.4
42.2
40.8
40.1
38.8
40.2
43.7
52.3
62.4
71
79.9
83.6
90.4
84.4
93.9
97.4
97.5
97.6
97.6
97.6
97.5
97.6
97.6
83.7
59
51.6
49.1
48.8
47.6
48
49.9
59.4
70.2
82.6
91.5
95.8
97.5
97.1
97.5
97.6
97.6
97.6
97.7
97.7
97.7
97.8
97.8
90.8
62.5
54
53.5
51.4
50.8
50.7
54.6
64.6
76.6
86.6
97.1
97.5
97.6
95.2
97.5
97.6
97.6
97.7
97.7
97.7
97.8
97.8
97.8
97.3
68.5
56.1
53.5
52.1
52.9
58.1
64.9
73.7
85.3
95.2
95
96.3
96.6
97.5
97.6
97.6
97.7
97.7
97.8
97.7
97.6
97.6
97.7
83.7
61.8
51.5
47.9
49.6
47.9
48.2
49.8
51.8
55.4
59
65.2
67.1
70
68.1
75
67.1
62.9
62.1
66.6
66.6
66.7
65.7
59.2
53.5
51.2
52
51.2
47.8
46.8
48
49.3
56.2
66.2
71.7
79.2
86.5
79.9
90.6
93.3
86.2
89.2
89.6
90.7
92.4
97.3
97.5
97.6
86.4
61.8
55
55.4
55.6
55.9
55.7
58.2
64.7
76.4
83.3
81.9
89.5
93.5
94.2
91.4
78
71.1
73.6
76.2
79.8
84.6
92.9
97.4
97.5
97.7
97.8
97.9
98
98
98
98
98
98
98
98
98
98
98
98
98
98
98
98
98
98
98
98
70.6
55.6
47
47.7
46.8
46.2
45.2
45.2
56.1
71
81.2
81.2
80.8
85.2
80.4
82.9
75.3
74.5
81.1
66.2
77.1
83.7
72.7
78.7
95.1
97.8
98
98
86.7
72.4
62.6
63.7
75.6
84.5
86.1
88.3
96.3
97.5
97.6
97.6
97.6
96.7
94.5
83.3
91.8
80
72.2
68.7
64.3
60.9
61.2
58.5
56.1
61.8
62.1
61.4
72.8
81.8
90.4
79.6
67.2
65.7
76.9
86.6
97.6
97.8
98
98
98
98
98
98
98
98
98
98
98
98
98
98
98
98
98
98
98
98
98
98
98
98
98
98
98
98
98
98
97.9
71.2
54.4
52.9
50.5
54.2
63.3
75.4
79.3
76.2
80.2
73.6
87.9
97.3
97.7
97.8
97.9
98
98
97.9
97.9
97.9
97.8
85.9
69.3
73.7
66.5
70.8
80.5
86.6
82.9
74.2
80.9
85.4
95.9
97.4
88.3
86.3
82.7
89.8
95.4
97.5
97.6
97.7
97.9
98
98
98
98
98
98
98
89.9
62.8
58.7
71.7
70.9
82.2
91.6
90.7
91
91
94.3
97.1
97.6
97.7
97.6
97.7
97.7
97.6
97.6
97.6
90.3
60.7
54.1
52.9
46.6
41
40.1
43.3
55.7
61.2
70.1
78.9
64.3
75.9
89.1
79.3
71.3
70.6
68
68.1
68
71.4
70
65.2
48.7
43.2
37.5
35.2
33.9
34.8
36.3
40.6
53.5
61.8
69.6
74.2
78.9
81.3
74.8
77.5
80
81.5
80.1
81.9
81
83.2
81.8
75.7
55.8
45.8
41.2
36.8
36.9
37.3
36.4
35
42.9
51.6
59
60.6
63.9
67.3
62.8
68
63.6
70.4
64.5
69.8
62.5
69.4
74.5
74.2
60.8
51.6
48.2
46.9
47.5
53.1
57.8
57
60.1
62.5
66.8
68
67.7
68.4
69.5
68.2
68.7
79
86
89
97.3
97.5
97.5
97.6
97.6
97.6
97.5
97.5
91.2
89.3
90.5
94
92.3
96.8
97.5
97.5
97.5
97.5
97.5
97.6
97.6
97.6
97.6
97.6
97.7
97.7
97.7
97.7
97.7
97.7
97.7
97.5
97
90.5
93.7
96.9
97.5
97.6
97.7
97.8
97.9
97.9
98
98
98
98
98
98
98
98
98
98
98
98
98
98
97.9
97.7
97.5
97.5
97.5
NA
97.6
97.6
97.7
97.7
97.7
97.7
97.7
97.8
97.8
97.8
97.7
97.7
97.8
97.8
97.8
97.9
97.9
97.9
97.9
96.2
84.4
86
90.8
95
97.6
97.5
97.5
97.5
97.5
95.4
97
97.5
97.5
97.5
97.5
97.5
97.6
97.5
95.2
84.5
79.2
82
84.8
91
87
85.6
91.5
93.3
92.2
90.9
94.1
97.5
97.5
97.5
97.5
97.5
97.5
97.5
97.6
97.7
97.6
92.9
83.8
78.3
72.4
71
81.6
77.1
76.1
70
72
74.7
77.4
77.7
79.3
81
79.6
82.5
79.6
78.7
76.4
75.5
74.5
76.1
77.3
79.5
76.4
72.6
67.4
60.5
57
56.4
59
62.9
73.8
88.5
94.5
97.5
97.6
97.6
97.4
91.7
84.1
84
82.8
82
81.7
84.8
86.5
84.5
83.2
76.5
73
65.9
63.1
66.1
66.5
69.3
73.3
78.2
90.7
97.5
97.5
93.4
88.3
87.7
86.3
87.9
87.9
93.3
94.4
92.4
87.1
74
71.5
69.6
67.1
66.2
66.8
67.3
68.9
71.3
75.6
76.6
77.1
84.8
96.5
97.5
97.6
97.7
97.8
97.9
98
98
98
98
98
98
98
97.8
79.6
60.6
60.4
72.4
73.5
82.9
83.8
90
97.2
97.3
97.3
97.4
97.4
97.4
97.5
92.6
84.7
80.5
78.5
83
86
90.1
89.4
78.5
75.5
71.9
70.7
68.6
64
65.9
78.7
91.1
96.8
97.5
97.5
97.6
97.6
97.6
97.7
97.7
97.7
97.7
97.6
97.6
97.6
97.7
97.7
97.7
94
85.5
83.3
83.3
88.4
92.8
96.9
97.5
97.5
97.6
97.6
97.6
97.6
97.6
97.6
97.5
97.6
97.6
97.6
97.6
97.6
97.7
97.7
97.7
97.8
97.8
97.9
97.9
97.9
98
98
98
98
98
98
98
98
98
98
98
98
98
98
98
98
98
98
98
98
98
95.6
85.4
79.7
78.2
93.6
97.5
97.6
97.6
97.5
97.3
84.9
82
85.7
90.7
92.9
93.5
96.2
97.5
97.5
97.6
97.4
83.5
72.5
66.1
56.5
57.9
57.6
65.3
72.1
84.7
87.4
77.8
79.1
77.1
85.1
80.4
71.9
70.2
71.6
69.2
71.1
87.8
97.6
97.8
98
95.7
87.6
97.6
97.8
97.9
97.8
83.5
95.6
97.5
97.6
97.7
97.8
97.8
97.8
97.8
97.7
97.8
97.9
97.8
97.8
97.9
98
98
98
98
98
98
98
98
98
98
98
98
98
98
98
97.9
91.7
80.6
78.7
74.3
73.2
68.9
71.2
68.6
78.3
89.2
83.3
71.9
58.9
52.7
50.9
52.7
48.5
56.9
71.1
83
88.8
88.6
95.8
95.9
80.8
71.1
72.1
75.9
68.3
88.4
92.3
90.5
78.9
79.6
66.2
54.2
47
45.1
47.1
45.2
45.9
53.5
63.4
66.6
72.7
73.5
69.5
68.9
76.6
78.7
82.2
84.9
84.2
82.1
81.4
81.1
81.4
81.6
73
57.6
49
48.6
46.6
47.7
50.8
59.9
64.3
65.5
69.3
67.1
68.8
63.6
74
88.7
86.3
95.2
97.4
97.4
97.5
97.5
97.6
97.6
97.6
97.6
97.6
97.6
97.6
97.6
97.6
97.6
97.7
97.7
97.7
97.7
97.7
97.7
97.7
97.7
97.6
97.6
97.7
97.7
97.8
97.4
97.3
96.1
79.4
77.3
59.8
51.3
45.9
NA
44.4
46.5
61.7
61.9
70.2
77
83.3
89.4
90.4
87.3
87.8
85.8
85.8
78.1
79.8
71.8
70.8
72.1
74
63.1
60.1
57.5
58
56
56.9
61.7
69.7
75.9
82
85
85.6
78.6
77.6
73.3
66.4
65.9
68.6
55
59.1
65.8
65.1
61.8
55.5
58.6
59
63.5
66.4
71.7
76.4
80.2
96.3
97.7
97.8
97.8
97.8
97.8
97.8
97.8
97.8
97.9
97.9
97.9
97.9
97.9
97.9
97.9
97.9
97.9
97.8
90.5
82.2
72.5
62.8
61.1
57.6
47.4
25.5
27.2
26
31.2
38.6
38.8
40.7
38.8
35.2
42.1
30.2
36.9
36
44.8
40.2
39.7
35
29.8
31.8
34.4
34.1
36.6
48.1
53.9
57.4
62.1
63.6
59.9
62.4
52.7
52.6
59.2
50.8
54
56.3
55
57.7
54.7
58
56.5
47.8
38.5
37.4
35.3
37.3
42
56.3
62.3
67.3
71.8
74.3
70.8
68.8
66.2
72.5
70.9
70.7
67.5
59.5
58.9
57.3
49.2
46.9
43.5
36.6
32.2
36.8
37.8
43
44.6
59.7
72.5
59.8
46.4
50.5
44
41.9
49.5
52.4
47.2
51.5
55.6
54.3
52.4
58.3
60.3
45.3
36.9
34.9
34.2
40.1
48.1
54.5
56.9
60.6
60.4
58.5
56.3
55.3
55.7
55.4
62.6
64.8
61.8
58.2
54.1
54.1
49.4
50.2
52.3
52.6
50.9
45.5
41.9
40.3
38.8
41.3
44.1
47.3
53.3
55.8
52.7
55.7
57.6
58.8
57.7
59.9
62.4
56.9
59.1
65.6
62.3
64.2
63.1
59.2
56.5
56.9
53.9
50.7
52.7
53.6
53.9
59
62.9
67.4
69.6
73.4
77.5
75.4
77.5
71.3
70.5
78.9
79.5
78.3
74.7
69.3
71.5
67.3
63.6
62.3
60.6
53.8
48.1
47.8
51.1
62.1
68.1
72.3
76.8
78
80.2
79.9
81
80.2
79.2
81.8
81.5
82.9
83.9
84.5
87.2
77.2
61.3
51.9
44.4
42.3
42.4
42.5
45.1
52.4
57.5
62.9
62.4
57.3
55.2
57.7
62.3
59.7
61.8
77.2
85.7
88.4
90.3
89.8
92.9
80.6
75.4
64
62.7
64
62.1
57.1
75.9
89.6
96.4
95.6
91.3
90.4
87.2
86.9
89.1
90.5
97.5
97.5
97.4
79.8
65.8
69
70.8
59.6
55.4
54.4
59.3
60.5
58.6
58.6
55.6
52.6
51.4
55.1
69.3
85.9
83.3
87.2
86.9
89.1
83.3
84.2
85.8
81.8
83.8
94
96.7
96.3
83.8
73.5
68.3
67.3
68.1
68.1
68
76.7
84.3
85.3
82.1
86.1
86.3
86.6
92
85.4
83.5
83.9
73.9
81.9
80.8
79.9
77.6
71.3
55.9
49.9
51.2
54
52.8
51.6
53.2
66.4
72.8
68
63.7
72.4
73.1
68.8
79.1
77.7
81.4
79.5
79.8
78.7
78.7
79.7
80
76.2
61.5
58.2
57.7
63.7
67.6
70.8
80.8
88.2
90.8
88.1
89.5
86.6
88.2
90.7
92.7
92.3
94.2
94.3
96
94.8
93.6
93.6
95
95.4
94.5
88.6
88.2
89.4
97.2
97.6
97.7
97.7
97.8
97.8
97.8
97.9
97.9
97.9
97.8
97.8
97.8
97.9
97.9
97.8
97.9
97.9
97.9
97.9
97.7
97.5
88.6
63.4
61.3
67.8
76.7
87.1
90.7
80.2
96
97.7
97.8
97.9
98
97.8
97.9
97.8
97.9
98
98
98
98
98
98
98
98
98
98
98
98
98
98
98
98
98
98
98
98
98
98
98
98
98
98
98
98
98
98
98
98
98
97.9
95.8
96
97.6
97.8
98
97.9
48.8
32.7
39.7
38.3
39.9
31.1
41.6
46.9
42.6
46.6
53.6
50.6
54.5
45.4
34.2
35.1
31.5
36.7
46.2
51
57.7
49.7
54.1
56
59.3
56.5
57.9
59.2
59.3
63.9
58.4
58.1
61.2
53.5
47.9
58.5
58
57.8
52.1
40.2
36.6
34.6
35
38.7
51.3
57.8
60.8
61.9
62.7
55.1
57.4
48
55.7
54
55.9
59.7
55.8
48.9
53.9
54.1
47.4
47
41.4
42.4
44
43.7
43.9
49.7
52.6
55.4
57.2
59.8
61.3
64.4
64.7
66.6
68.4
73
72.5
72.8
70.8
70.7
66.9
67.4
61.6
50.2
46.6
42.6
42
42.4
46.8
53.9
66.5
79.9
80.4
74.3
64.5
65.3
62.4
59.8
57.8
60.5
67.3
90.4
87.7
83.5
86.9
91
82.3
79.3
78.3
78.4
84.7
94.2
97.6
97.7
97.7
97.8
97.9
97.9
97.9
97.9
98
98