97.6
97.6
97.6
97.7
97.8
97.9
97.9
97.8
97.7
97.6
97.8
98
98
97.8
97.6
97.8
97.9
97.9
98
98
98
98
98
98
98
98
98
98
98
98
97.7
97.9
98
98
98
97.2
96.4
93.7
92.3
92.4
97.7
98
98
98
98
98
98
98
98
98
98
98
98
98
98
98
98
98
94.9
90.7
84.4
86.1
94.3
93
94.5
97.8
98
98
98
98
98
97.9
95.5
97.5
97.5
96.7
95.1
93.8
91.8
94.9
97.5
94.7
78.3
70.5
65.9
57.1
63.3
85.6
87.9
96
97.7
97.9
98
98
97.8
97.9
97.9
97.8
97.7
97.9
97.8
97.6
97.6
97.6
97.8
96.5
90.3
83.3
74
72.5
72.2
79.6
89.2
96.5
97.8
98
97.8
97.8
97.8
97.6
97.7
97.6
97.6
97.6
97.6
97.6
97.5
97.5
97.6
93.9
82.3
70.8
67.5
68.4
70.4
72.6
75.8
95.1
97.7
97.8
97.8
97.7
97.7
97.7
97.7
97.7
97.7
97.6
97.6
97.6
97.6
97.6
97.7
97.6
92.4
75.6
77.4
76.3
74.6
75.1
82.8
94.3
97.5
97.6
97.6
97.5
97.4
97.4
97.5
97.5
97.6
97.9
98
98
98
98
98
98
97.8
97.7
97.7
97.6
97.6
97.7
97.8
98
98
98
98
98
98
98
98
98
97.9
97.9
98
98
98
98
98
98
98
97.8
94.7
93.9
91.9
95.4
97.5
97.7
98
98
98
98
98
98
97.8
97.9
98
98
97.9
97.8
97.8
97.6
97.8
97.6
96.9
93
90.1
90.3
95.3
97
95.8
92.8
97.5
97.9
97.9
97.9
98
98
97.9
97.8
97.9
97.9
97.8
97.9
97.8
97.7
97.8
97.9
98
98
98
98
98
97.8
97.8
97.8
98
98
98
97.7
98
98
98
98
97.8
96.7
94.2
92.5
97.4
97.3
97.1
97.6
97.9
98
95.7
90.7
92.7
96.9
96
96.9
97.7
97.8
97.8
97.9
97.8
97.8
97.9
97.8
98
98
98
98
98
97.8
97.7
97.8
97.6
96.6
91.4
87.8
85.1
81.6
78.7
95.3
98
97.7
96.2
94.2
96
81.8
70.4
82.1
75.9
74
80.8
85.6
80.3
78.7
75.7
81
75.5
69.4
63.3
59
60.2
63
65.1
71.5
83.4
92.9
96.9
97.5
96.7
97.4
94.3
95.3
85.3
87.7
83.8
78.6
78.4
93.5
97.4
94.4
81.6
69.3
62
63.9
64.6
65.5
67.7
75.3
91
97.2
97
97.5
95.2
97.5
97.5
97.5
97.5
97.5
96.4
97.2
97.5
92.5
83.7
83.2
87.5
87.8
83.5
79.2
82.5
86.6
86
87.5
92.6
91.5
88.7
90.8
96.5
96.7
97.1
97.6
97.6
96.8
96.1
97.5
97.5
97.5
97.6
97.5
97.6
97.5
97.5
97.4
97.4
96.6
96.6
97.5
97.8
98
98
98
97.9
97.6
97.7
97.8
97.8
97.8
97.9
98
98
98
98
98
97.7
95.7
82.8
91.6
97.5
95.6
94.8
97.6
97.9
98
97.9
98
98
98
98
98
98
98
98
98
98
98
98
97.8
94.6
79
74.3
75.2
74.2
77.3
80.8
90.2
97.5
97.8
98
97.9
97.7
97.6
97.5
92.3
97.5
97.5
97.6
97.5
97.5
97.5
97.6
96.2
79
69.4
64.1
63.2
66.6
69.4
86.6
97.4
97.9
98
98
98
97.6
95.8
96.4
97.5
97.6
97.6
97.6
92.3
89.5
97.1
94
91.1
75.5
67.1
60.2
60.4
61.9
64.7
73
90.7
97.6
97.7
97.7
93.2
96.9
97.5
97.5
97.4
97.5
96.3
94.3
95.7
97.2
96.6
97
89.7
77.3
63.2
61
60.5
61
61.4
63.1
75.7
90.8
97.5
97.6
97.6
88.8
90
96.5
97.5
97.5
97.5
97.5
97.5
97.5
97.5
97.5
93
73.9
65.9
61.7
61.4
61.7
63
67.9
78.7
89.4
97.5
97.5
97.5
97.2
97.1
97.4
97.4
97.5
97.5
97.5
97.5
97.5
97.5
97.5
94
80.3
68.9
64.7
62.4
62.2
60.6
62.7
73.1
83.8
89
95.9
96.8
97.2
97.5
97.5
97.5
97.5
97.5
97.5
97.5
97.5
97.5
97.5
96
82.1
73.3
63.4
61.2
62
61.3
64.6
74.4
90.5
97.5
97.3
96.1
97.5
97.5
97.5
97.1
96.2
95.9
95.6
96.9
97.4
97.1
97
91.2
77.9
72.1
70.8
72.1
73.4
73.2
76
92.9
97.5
97.6
97.7
97.8
97.9
98
98
98
98
98
98
98
98
98
98
98
98
98
97.7
97.6
97.6
97.5
94.4
63
52.1
53.5
57
54.2
52.5
56.1
63.2
62.4
63.3
65.2
66.1
64.1
58.3
62.8
66.9
65.3
61.1
48.7
50.4
55.5
59.8
63.9
66.9
70.2
69.9
86.7
97.8
98
97.9
97.8
97.9
97.8
97.7
80.3
63.5
61.1
60.6
69.4
74.1
58
50.6
47.5
42.6
41.1
40.5
39.8
37.7
35.8
35.8
38.8
40.2
41.9
39.8
38.2
40.7
41.3
48.1
56.4
43.6
48.6
51
52.8
54.3
52.8
40.8
38.5
38.5
38.2
36.1
36.6
35.5
36
37.8
44
45.6
51.7
51.6
55.3
56
57.9
58.9
58.9
61.4
62
62.1
60.6
64.4
61.4
50.6
45.7
42.7
41.7
43.5
45.7
43.4
46.2
54.8
59
62.8
57.1
59
66.6
69.2
62.2
62.3
67.6
68.5
63.4
72
75.4
77.3
70.7
61.8
53.9
51.3
52.4
52.7
51.4
51
54.3
62
64.8
67.9
71.9
72.7
73.3
75
74.3
75
76.8
76.7
72.6
72.4
70.9
72.6
73.4
60.7
51.8
48.3
48
47
46.6
46.9
43.2
53.2
59
61.9
64
66.5
65.2
67.3
70.1
71.4
70.2
71.4
71.5
71.7
68.5
69.2
67.9
62.5
55.7
52.7
50.7
54.7
53.3
56.3
59.5
64.5
69.3
72.5
75
75.7
77.2
80.2
82.5
83.6
80.3
80.3
81.2
78.8
82.1
79.8
73.9
63.2
58.7
57.1
56.1
55.5
56.4
62.1
68
74.6
75.1
80.5
81.6
80.5
81
85.7
88.9
87.1
88.2
86.4
79.6
68.2
67.5
71.6
72.2
60.8
63.2
46.3
35
35.2
35.5
36
37.1
38.5
39.4
40.8
45.2
43.5
42.3
NA
NA
47.4
48
52.5
52
50.1
53.3
58
57.1
52.5
47
44.8
43.2
42.2
42.2
42.7
45.6
49.4
51.8
52.5
53.6
54.1
56.6
56.3
58.2
59.7
62.4
64.6
65.1
64.4
67.3
69.6
62.9
52.5
48.1
47.9
47.6
48.8
47.6
49.7
51.9
56.7
60.2
61.1
64.1
52.8
54.5
52.5
39.9
36
36.3
41.5
37.9
37.8
39.1
38.7
39
38.7
37.2
36.5
36.9
37.1
37.1
36.8
37.2
38.4
41.1
46.2
50.7
51.8
48.3
45.1
45.2
48.1
55
66.3
69.9
72.7
73.4
74.6
72.5
72.2
70.3
69.8
68.1
68.6
89.3
92.1
97.5
97.6
97.6
97.7
97.7
95.4
94.6
97
97.5
97.7
97.7
97.6
97.6
97.6
97.6
97.6
97.6
96.7
84.6
91.7
96.2
94.4
97.5
97.5
97.5
97.6
97.6
97.6
97.7
97.6
97.7
97.8
97.8
98
98
97.9
93.7
88.6
78.1
69.2
67.5
55.5
43.5
39.2
39.8
37.4
40.5
37
36.5
38.8
42.8
42.4
44.3
44.8
43.9
49.5
57
55.6
56.4
54.1
54.5
59.1
58.1
51.5
52.5
46.9
47.4
41.5
42
44.6
42.5
40.2
39.2
46.3
55.5
58.8
55.8
55.5
57.8
55.8
53.6
55.1
60.9
59.8
63
64.2
65.2
66.2
56.6
50.1
45.7
44.6
44.5
45.2
45.6
46.2
47.5
50.7
56
60.6
61.8
63
65.6
66.8
66.8
68.2
68.9
67.5
70.5
70.7
71.2
73.3
67.2
56.9
55.3
57.8
58
58.1
56.9
61.6
71.4
74.4
80.3
90.6
96.9
97.5
97.6
97.5
97.5
96.8
97.5
97.5
97.5
97.5
97.5
97.6
94
78.9
68.2
63.7
61.3
60.9
60.3
61.3
64
69.9
77.6
84.3
88
96.1
97.4
97.3
97.5
97.4
97.4
97.4
97.4
97.4
97.4
91.1
89.4
76.6
71
60.6
60
60.5
61.5
65.9
67.3
71.5
75.3
81.2
80.5
90.2
86.8
96.4
95.3
96.9
97.4
95.2
97.1
96.9
96.4
97.4
93.4
82.4
80.9
66
57.3
39.7
38.5
38.6
40.8
44.4
48.1
49.7
51.8
50.8
50.5
48.3
49
48.6
53.2
52.5
55.9
67.4
82.5
79.7
70
63.5
61.5
61.3
57.8
56.4
55.5
55.4
56.8
60.5
64.1
65.8
68.9
73.2
82.8
87.2
88.4
90.1
91.3
92.6
92.6
92.5
95.4
96.1
80.9
68
61.6
60.1
60.5
58.4
59.3
59.2
61.7
66.7
73.1
77.7
80.9
84.4
86.8
92.6
96
97.4
97.5
96
97.5
97.5
93.1
88.6
83.9
81.8
76.4
73.9
76.8
78
76.3
76.7
81.7
86.5
93.3
96.4
97.4
97.4
97.3
96.5
97.6
97.7
97.8
98
98
98
98
97.9
97.7
97.5
89.9
81.4
77.4
76.2
76.5
74.6
77.7
87
97.3
97.6
97.5
97.5
97.7
98
98
98
98
98
98
98
98
98
98
97.8
97.7
97.8
73.7
60.7
44.1
35.6
33.7
38.5
44.8
52.1
51.3
53.5
60.2
63.7
63
60.6
63.7
63.2
61.8
64.6
66.1
64.1
54
47.7
42.2
38.1
37.5
38.7
39
39.6
41.6
45.1
48.1
50.2
54.2
56.7
57.4
59
60.6
53.8
55.3
60.2
59.3
60.9
58
59.6
53.3
48
46.1
45.9
41
39.4
40.1
40.4
42.1
46.1
49.1
53.5
55.7
57.5
57.6
59.8
63.1
64.3
65.6
65.7
61.9
64.1
68.8
66.9
58.5
51.3
46.9
46.7
47.4
47.9
46
45.8
46.8
49.3
56.4
61.6
61
66.5
70.6
73.5
77.4
79.8
80.5
80.7
81.5
80
80.4
81
74.2
60.5
54
51.6
51.3
50.9
50.3
50.2
51.4
54.5
59
64.2
67.8
71
73.1
74.9
76.3
77.1
78.4
79.5
81.7
83.3
86.1
83.8
71.9
62.3
55.4
52.1
52
51.9
51.2
51.1
52
55.2
62.6
67.2
70.5
74.2
75.2
77
79.8
79.6
81.3
83.6
87.8
86.2
84.5
87
76.7
66.1
61.5
58.9
58.5
57.7
57.8
57.9
59.2
61
65.5
67.1
74.2
78.3
80.4
84.9
86.6
87.6
86.6
82.1
95.4
96.3
97.5
97.5
91.8
76
68.3
64.1
60.7
59.6
59.3
58.9
60.6
63.5
69.6
71.2
73.4
77.8
81.5
83.7
86.7
92.5
97.3
96.4
97.5
97.5
96.8
96.7
84.9
77.2
78.4
73.7
69.6
67
68.6
70.2
73.4
79.3
87.3
94.4
97.5
97.5
97.6
97.7
97.6
97.6
97.6
97.5
97.6
97.5
97.5
97.5
97.7
97.6
97.7
98
98
98
98
97.9
97.8
97.8
97.9
98
97.8
97.7
97.7
97.7
97.6
97.7
97.9
98
97.8
97.5
97.5
97.1
97.1
97.9
98
97.8
97.5
97.5
97.8
98
98
98
98
97.9
97.7
97.6
97.6
97.7
97.6
97.6
97.7
97.9
98
97.9
98
98
98
97.9
97.6
91.3
81.2
78.9
72.3
67
63.9
70.8
84.2
90.6
88.4
83.3
91.8
90.6
84.6
86.7
93.2
95.5
95.8
97.3
94.5
84.1
81.9
81.7
76.9
78.7
87
97.2
92.7
92.1
93.8
94.5
97.2
97.8
97.8
97.9
97.8
97.7
97.7
98
98
98
98
98
98
98
98
98
97.8
97.5
96.4
93.2
96.7
87.9
87
91
97.6
97.7
97.8
97.9
97.7
97.6
96.4
91.2
95.2
86.3
85.6
85
89.6
77.5
71.5
68.4
65.1
57.4
58.1
55.5
55.1
51.5
51.7
56.8
65.7
71.9
68.1
67.6
70
71.4
73.1
74.9
75.7
77.3
94
97.6
97.6
97.7
97.7
97.6
97.5
97.5
97.5
97.6
97.6
97.6
97.6
97.7
97.7
97.8
97.8
97.7
97.9
98
98
98
98
98
98
98
98
97.9
97.7
97.5
97.5
97.6
97.5
97.5
97.5
97.5
97.6
97.6
97.7
97.8
97.8
97.8
97.8
97.8
97.7
97.7
97.6
97.6
96.1
97.2
97.5
97.6
97
85.7
77.4
72.3
71.8
71.6
71.1
74.4
78.1
84.3
96.7
97.5
97.5
97.3
89.6
96.7
97.1
97.7
97.8
98
98
97.9
97.9
97.8
97.7
97.5
90.3
84.3
78.2
76
74.9
78
83.8
91.6
97.6
97.8
97.8
98
98
98
98
98
98
98
98
98
98
98
97.8
85.9
75.7
70.7
70.4
70.2
71.7
71
67.6
73.4
87.6
92.8
94.4
97.6
94.3
96.2
94.5
93.6
93.8
97.6
97.7
97.8
95.3
97.6
96
84.7
79.8
76.4
74.8
71.8
71.3
70.5
70
74.7
88
94.9
96.6
92.8
84.9
85.1
97.2
87.2
97.5
97.6
97.6
97.6
97.7
97.7
88.3
70.4
64.1
62.9
59.8
60.9
60.6
57.9
57.4
59.5
69.7
78.6
82.9
87
87.5
86
85.7
87.4
80.4
81.4
79.3
71.4
77.7
78.6
63.9
61.8
60.8
67.9
75.7
78.6
77.9
81.4
82.8
83.1
85.3
84.5
76.9
72
82.6
90.6
72.8
68.1
75.5
88.2
92.2
95.3
95.6
93.1
85.3
77.1
75.4
77
72.6
72.4
72.8
72.7
72.9
73.5
73.8
73.6
78.1
71.4
70.6
71.4
72.5
73.2
71.1
70.2
67.5
66.9
66.6
66.5
64.1
60.3
59.4
59.4
58.7
57.7
56.7
56.7
57.8
60.3
66.1
71.2
80
83.4
83.2
79.8
71.7
83
87.4
86.2
87.1
88.1
85.9
77.5
72.4
68
61.5
58.5
55.4
51.4
51.7
51
53.3
54.9
63.1
66.1
66.4
67.3
70.7
47
48.7
49.5
49.4
47.9
52.8
52.6
52.7
50.8
45.8
45.3
48.9
44.8
44.3
43.7
42.1
41.4
42
43
48.3
48.7
51.2
54.1
53.3
52.4
60.1
62.4
65.9
66
67.2
56.8
62.1
64.5
60.4
53.7
46.4
44.8
46.5
47.4
47.9
48.6
49.9
51.5
58.6
61.7
68
67.3
70.7
74.6
77.2
79.7
79.4
80.7
92.5
92.6
94.9
97.7
97.8
97.7
97.7
97.6
97.5
97.7
97.6
97.6
97.5
97.6
97.6
97.7
97.8
97.9
97.9
98
98
98
97.9
97.7
97.6
97.6
97.7
89.8
77.2
73.3
70
66.1
60.2
56.4
52.3
53.7
56.4
58.3
63.5
69.8
73.7
76.2
81.3
82.7
80.3
83.8
80.9
83.2
84.3
94
89.3
76.8
64.2
57.7
56.5
58.4
56.7
56.2
54.7
54.7
56.6
59.7
64.3
68.5
68.7
77.9
87.1
89.1
91.5
95.4
92.5
93.4
97.5
97.5
97.4
95.7
79.7
64
58.3
56.8
58.2
58.3
61.3
61.6
64.6
68.7
71.9
75
78.4
76.4
77.3
79.7
93.8
97.5
97.7
97.8
98
97.9
98
98
98
97.9
97.9
97.7
97.8
98
97.9
97.8
97.8
98
98
98
98
98
97.9
97.9
97.7
97.5
95.8
92.9
94.7
97.9
98
98
98
97.8
97.7
96.1
85.7
77.5
75.3
83.7
81.9
92.2
97.6
97.8
97.9
97.9
97.7
97.7
97.6
97.6
97.5
97.5
97.6
97.9
98
97.9
97.2
89.7
80.9
77.8
74.2
72.8
72.6
69.1
70.9
73.7
78.4
95.9
97.2
97.5
97.7
97.8
97.7
94.3
96.6
94.5
85.8
81.6
97.2
96.5
77.4
74.1
70.6
68.4
65.9
65.2
66.7
66.6
69.3
73.3
79.6
90.5
96.9
97.5
97.6
97.6
97.7
97.8
97.8
97.9
98
98
98
97.1
81.6
72.7
67.9
66
61.8
58.4
57.2
56
57.6
62
67.4
72.2
74.7
72.9
84.1
86.3
91.5
91.5
92.6
96.3
95.3
96.4
97.4
90.5
74.9
64.8
59.5
61.6
62.3
61.6
61.2
61
60.7
62.6
68.1
75.1
90.9
94.7
97.5
97.5
97.4
97.5
97.3
97.5
97.5
97.6
97.6
91.3
71.9
67.2
65.8
66
62.5
59.6
57.8
54.8
51.9
52.8
57.2
64.3
67.3
76.3
77.9
82.1
85.8
85.3
91.6
91.6
94.8
93.4
86.9
71.1
67.3
61.2
59.5
57.8
57.5
54.1
53.4
53.2
54
54.5
60.8
67
70.2
74
69.1
65.9
66.4
66.8
60.6
57.8
60.6
56.6
58.2
52.5
53
59.3
62.6
60.3
56.2
53.7
51
50.9
51.5
53.5
60.4
66.7
70.6
72.8
72.4
74.6
74.2
76.4
84.4
82.9
86.1
85.2
80.8
70.7
59.3
53.4
53.2
52.6
51.9
51.6
51.5
50.7
51.5
54.8
60.3
66.1
70.5
72.1
71.8
71.2
62.9
63.1
66.1
65.7
63.4
64.8
69
62.7
56.3
51.3
50.9
52.3
52.1
50.7
52.5
52
52.6
55.1
60.2
65.3
71.4
74
73.5
81.4
88.6
93.8
96.9
97.1
97.5
97.5
95.2
81.1
67.2
59.5
59
57.2
56.2
55.8
55.6
54.5
54.3
55.9
61.5
65.7
71.7
77
78.2
84
88.2
86.2
85.9
89.5
97
93.5
87.7
76.5
76
76.7
76.4
83.5
83.3
89.1
94
98
98
98
95
97.2
97.7
94.4
97.9
97.9
98
98
98
98
98
98
98
98
97.8
97.6
97.6
97.6
97.5
97.5
97.5
97.6
97.8
98
97.9
98
98
98
98
98
98
98
98
98
98
98
98
97.7
94
78.2
74.7
67.8
65.5
66.8
67.3
67.3
70.3
71.4
73.9
80.2
87.5
90.1
84.1
88.8
92.4
97.5
97.6
97.6
97.7
97.9
97.8
92.3
78.5
70.3
62
61.8
64.9
66
65.8
63.9
65.2
68.5
73.5
88.9
97.2
97.6
97.7
97.8
97.8
97.9
98
98
98
98
98
95.1
85.2
72
70.4
71.1
70.6
70.1
67.9
66.3
66
66.7
71.9
70.5
69.6
78.6
95.2
93.7
92.5
97.5
97.6
97.7
97.7
97.6
97.6
97.6
97.6
97.5
96.4
90.1
88.6
89.2
82.3
84.5
87
97.9
97.9
97.9
97.7
97.6
97.6
97.5
97.6
97.3
97.1
97.5
97.9
97.8
97.9
97.9
94.1
80.2
75.5
76
72.9
79.1
80
80.9
85.6
85
91.7
97.6
97.8
97.8
97.7
97.8
97.9
98
98
98
97.6
98
98
95.9
81.3
79.9
80.8
79.5
75.4
69.7
64.3
65.9
70.9
70.6
67.5
69.2
73.6
71.8
70.4
74.2
75.1
74.6
74.9
74.6
80.7
84.6
86.1
91.8
94.7
88.9
93.2
97.5
97.6
97.7
97.7
97.5
97.5
97.6
97.7
98
98
97.9
97.8
97.9
98
98
98
97.8
97.8
97.9
97.7
97.6
97.6
97.6
97.8
97.6
97.7
97.9
98
97.9
97.6
97.5
97.6
93.3
97.2
95.1
97
97.5
97.5
97.8
97.9
97.9
97.9
98
98
98
97.9
92.8
76.4
70.5
68.5
64.4
66.5
67.4
69.9
90.4
96.2
97.8
97.8
97.7
98
98
98
98
98
98
98
98
98
91.1
70.6
59.6
60
59.1
54.8
52
49.6
44.7
47.5
51.2
53.8
57.4
58
59.9
62.6
70
69.7
72
70.9
87.5
97.6
97.8
94.8
80.2
74
72.6
69.7
68.9
65.3
73.7
80.2
62.6
58.6
57.9
59.8
59.9
65.7
67.4
74.7
84.3
95.9
97.7
97.9
98
97.9
97.8
95.4
73.3
64.8
64.1
64.7
64.6
62.7
60.9
60.5
59.6
59.5
63.1
65.2
89.4
94.9
97.4
97.5
97.6
97.7
97.7
97.8
97.7
97.8
97.7
97.7
97.6
97.6
97.6
97.8
98
98
98
98
98
98
98
97.9
98
98
98
98
98
98
98
98
98
98
98
98
97.8
97.5
97.5
90.1
82.5
78.9
75.7
75.4
77.3
80.2
83.1
92.1
97.6
97.9
97.9
98
98
97.9
97.8
97.9
97.9
97.9
97.9
97.8
97.6
94.6
83.8
81.1
78.2
78
71.7
65.4
63.7
65.8
66.6
70.9
73.9
80.1
97.8
98
98
97.8
97.6
96.9
95.8
97.6
97.7
95
83.4
80
71.4
77.9
78
71.9
68.1
69.3
73.7
76.1
81
76.5
84.6
96.2
97.5
97.1
97.7
97.7
97.7
97.7
97.9
97.9
97.9
97.8
93.8
77.7
70.7
68.2
66.7
62.4
58.8
59.8
67.9
77.5
69.5
69.7
91.6
97
97.5
97.5
97.7
97.8
97.8
97.8
97.9
97.8
98
95.6
79.9
73.4
70.3
69.6
69.4
68.1
66.7
68.9
84.3
82.8
97.9
97.7
97.6
98
97.7
97.4
97.7
97.9
98
97.6
97.3
97.9
97.7
97.7
97.9
98
98
98
97.8
96.5
89.4
82
74.8
80.5
96.8
97.7
97.6
97.6
97.8
97.9
98
97.9
98
98
98
98
98
98
NA
NA
97.6
97.5
97
90.7
87.7
91.7
89.7
92.7
92.8
97.6
97.7
97.9
97.9
97.9
98
98
98
98
98
98
98
98
97.7
96.9
89.2
80.8
78.2
79.3
78.8
85.5
91.2
97.8
98
98
98
98
98
98
98
98
98
98
98
98
98
98
96.6
87.5
85.5
85.5
80.2
75.2
70.9
68.7
68
88.8
97.8
98
97.8
97.9
98
98
98
98
98
98
98
98
98
97.9
97.7
97.6
97.4
94.4
89.8
86.3
77.7
76.2
75
76
75.3
82.6
95.9
97.7
97.6
97.9
97.7
97.8
98
98
98
97.9
98
97.7
97.5
87.7
80.6
79.4
78
76.8
70.9
71.1
70
70.7
70.7
77.2
93
96.4
96.6
95.2
97.7
97.6
97.9
98
97.9
98
97.7
97.7
97.6
88.6
72.8
69.8
68.8
68.9
64.7
59.1
58.5
62.4
65.5
70.7
73.9
76.4
78.5
83.1
93.4
93.9
97.7
97.5
97.7
97.9
97.6
97.5
97.7
94.5
97.7
98
97.7
96.1
91
97
97.5
98
97.9
97.3
90.1
93.1
89.7
97.5
96.6
98
98
98
98
98
98
97.6
91.8
82.4
78.7
75
74
73.5
72.6
74
77.2
76
78.6
82.7
94
97.5
98
98
98
98
98
98
98
98
98
97.9
97.8
97.8
97.6
97.8
97.7
96.7
86.6
81.8
83.1
82.7
84
87.5
91.4
86.7
90.7
97
94.6
97.6
97.6
97.7
97.7
97.7
97.8
97.5
94.8
83.3
85
78.2
77
77.4
74.3
75
72.3
73.5
76
78.3
88.2
92.9
93.2
88.8
84.3
95.3
97.5
97.5
97
97.6
97.7
97.8
98
98
98
97.6
97.7
98
97.7
96.7
93
95.4
97.4
97.5
97.8
98
98
98
98
98
98
98
98
98
98
97.9
97.5
95.1
94.3
87.9
82.2
79.5
74
70.9
72.7
71.2
71.9
74.2
76.8
88
91.1
97.7
97.7
97.9
98
98
98
98
98
97.8
97.7
92.5
76.5
73.5
69.4
67.4
66.4
65
61.4
62.8
66.4
72.3
85.3
95.7
97.7
97.8
97.8
97.8
97.9
98
97.9
97.9
97.7
97.7
91.9
77.6
76.9
74.8
70.5
67.7
69.2
71
69.5
70.8
73.7
74.7
83.9
96.7
97.6
97.7
98
98
98
98
98
98
98
97.9
97.3
92.8
86.6
86.6
81.9
76.6
75
73.9
71.7
72.4
74.7
81
90.7
95.7
96.5
96.9
97.5
97.6
97.6
97.6
97.8
98
98
97.8
97.1
86.1
80
76.8
73.3
69.7
65.4
63.6
62.3
60.9
61.6
64.3
71.6
80.3
96.1
97.5
97.5
95
97.3
97.6
97.7
97.9
97.8
97.6
97.6
97.6
97.7
98
98
97.9
94.2
80.9
79.1
85.5
88
93.1
97.6
98
98
98
98
98
98
98
98
98
98
97.9
97.5
97.6
97.6
97.5
97.6
97.8
97.8
97.3
96.3
93.4
97.2
97.4
97.7
97.8
97.7
98
98
98
98
98
98
98
98
98
98
97.8
97.7
92
77.3
74.6
71.6
71.6
70.9
74.6
85
89.2
97.5
97.1
92.4
80
80.1
86.1
94.2
97.9
97.8
97.9
97.8
97.6
97.7
97.7
97.5
97.5
97.6
97.6
97.1
97.3
97.5
97.6
97.5
97
97.7
97.8
97.7
97.6
97.6
97.9
98
97.9
98
98
98
97.8
97.6
86
75.3
83
74.4
68.7
66.8
67.8
68.1
68.8
71.7
81.8
90.8
96.3
88
92.1
95.6
96.6
86.8
79.9
94.3
97.8
98
97.9
98
98
97.9
91.1
83.4
78.2
84.7
93.6
98
98
97.9
97.6
97.6
97.5
97.5
97.6
97.9
98
98
98
98
98
98
97.9
97
93.6
95
91.7
85.9
87.5
86.9
96.3
97.7
97.7
97.6
97.6
97.8
98
98
98
98
98
97.9
97.9
97.9
97.7
97.7
97.7
97.8
97.7
97.7
97.7
97.8
97.6
97.3
96.9
95.6
90.8
88.6
96.5
97.9
98
98
98
98
98
98
98
98
98
98
98
97.7
96.1
93.5
92.4
93.8
86.5
80.8
76.1
75.4
84.4
88.8
97.5
97.6
97.6
94.5
93.5
97.6
97.6
97.8
98
98
97.9
95.9
83.6
77.2
68.6
68.1
66.1
63.3
61.7
60.8
59.2
58.6
58.5
60.1
66.2
71.7
75
89
93.6
82.5
90.4
79.9
95.6
95
94.5
95.2
88.1
77.1
68.1
65
64.2
63.8
61.8
62.1
60.8
61.3
63.1
65
66.6
70.5
78
82.3
97.4
97.5
94.9
94.3
97.6
97.7
97.7
97.7
97.4
85.1
71
66.6
62.4
62.1
61.3
61.9
63.1
62.8
64.7
69.6
79.7
77
88.2
97.6
97.9
97.7
97.8
97.9
98
98
97.9
98
97.5
88.2
73.2
69.5
69.6
68.1
65.5
63.2
62
60.4
61.9
64.4
69
71.3
75.9
84.2
95.5
95.9
97.4
97.6
97.7
97.8
97.9
97.9
97.4
87.3
73.5
68.9
67.3
64
60.4
61.5
58.7
57.7
58
60.7
70.3
75.7
79.5
83.7
85.8
97
92.4
97.2
97.6
97.7
97.7
97.8
97.3
85.5
71.5
68.1
67.4
64.4
61.9
63.1
59.6
60.9
60.8
61.5
70.1
68.4
71.6
80.2
79.9
86.3
97.5
97.7
97.8
97.9
97.9
97.8
94.3
80.4
70.6
67.6
65.6
65.2
62.6
60.2
58.5
57.8
58.6
61.7
65.7
74
82.1
94.3
97.5
97.5
96.5
97.7
97.8
97.8
97.8
97.8
94.8
80.2
70.4
64.2
62.2
60.2
58.6
57.4
52.9
51.4
50.2
50.2
54
58.2
65.4
73.8
82.8
88.7
96.2
97.5
97.6
97.6
97.7
97.4
86.9
73.2
67.8
65.5
62.5
58.5
60.8
61.9
60.5
65.7
67.8
69.9
73.6
85.1
91.3
94.3
94.8
91.5
95.1
95.6
97.4
97.7
97.8
97.8
94.8
79.9
71.6
69.6
65.2
60.2
60.7
59.3
57.1
55.9
56.1
57.4
59.3
64.6
66.7
72.7
85.7
89.5
79.7
81.8
96.1
88.3
97.3
93.3
85.8
79.2
76.1
65
61
58.9
57.7
58.4
58.9
56.6
53.7
55.6
59.4
66.8
69.3
72.8
69.4
69
72.5
83
85.6
97.5
97.2
97.4
82.6
71.5
65.6
63.4
63.3
61.8
60.2
59.5
58.4
57
55
57.4
61.4
66.8
73.4
78.2
87.9
84.9
93.5
92.1
89.8
91.4
85.8
94.6
77.2
67.2
66.3
64.9
60.5
57.7
54.8
50.4
48
46.4
46.8
47
52.9
64.4
65.7
60.1
63.5
63.2
66.6
73.1
91.9
97.1
97.5
94.6
76.6
65.8
57
54.5
53.6
52.5
52.9
54.3
54.6
54.6
57.2
57.5
63
65.1
66.6
70.1
73.5
76
75.3
76.2
91.2
97.6
97.7
97.2
90.4
74.1
66.6
61.5
57.9
58.2
57.9
57.6
58.6
58.9
57.6
60.5
68.2
70.2
79.4
89
80.4
90.5
96.3
97.5
97.6
97.6
97.6
95.9
93.3
89
84.4
78.4
74
72
66.1
64.7
64.2
72.8
72.3
78.1
79.9
79.4
82.4
93.4
91.8
87.8
85.3
85.9
94.1
97.6
96.5
97.1
94.9
82
83.7
84.6
76.2
87.7
79.7
66.5
58.7
57
51.3
47
45.1
48.4
54.7
69.1
73.1
79.4
75.8
66.6
73.3
77.4
83.2
79.7
72
63
58.6
49.7
51.6
51.7
51.8
50.3
50
49.7
50
52
56.5
64.2
71.3
84
94.3
94.3
97.5
97
93.1
96.3
94.4
95.2
95.4
83.6
70.3
69.9
64.3
63.2
61.8
63.1
64.7
91.9
97.9
97.9
98
98
98
98
98
98
98
97.9
97.9
98
98
98
98
98
98
98
98
98
97.8
93.5
90.9
87.3
96.6
98
97.8
97.8
98
98
98
98
98
98
98
98
98
97.9
94.5
91.5
77.8
71
68
65.5
64.8
64.4
63.1
64.6
62.7
65.6
73.4
79.5
85.4
90.8
96.5
97
89.4
97.7
97.6
97.5
98
97.3
95.7
87.9
78.2
74.8
73.2
73
70.7
69.9
66.3
65.8
66.7
66.5
69.9
79.4
84.2
95.9
92.5
95.7
97.4
96.4
93.8
90.1
98
97.2
97.4
97.9
86.4
89.1
97.9
97.8
96.6
92
89.4
85.2
75.7
81.5
91.6
94.1
98
97.9
97.7
96.4
93
84.4
85.2
92.6
97.6
97.3
98
97.8
97.6
97.8
98
98
98
97.6
87.2
78.6
84.3
88.7
93.5
84.1
95.5
97.7
97.8
97.9
98
98
98
98
98
98
97.8
94.5
80.8
77.1
76.5
72.2
73.6
67.7
65.3
63.1
62.9
66.4
69.2
83.4
97.6
97.7
97.7
97.9
98
98
98
98
98
98
97.3
81.8
73.8
70.2
69.6
69.4
67.4
63.1
62.6
74.6
78.6
75.3
80.1
88.7
97.8
97.7
97.9
97.9
97.8
97.8
98
98
98
98
94
78.9
73.9
69.4
62.9
61.1
60.8
58.5
58.9
58.8
59.2
60.8
67.1
64.7
59
67.5
88.4
91.2
97.6
97.8
97.7
97.8
97.9
97.9
97.8
97.8
97.6
97.6
94.1
88.2
86.5
88.4
92.2
93.5
97.6
94.4
93.8
97.2
88.3
81.2
90.7
81.2
85.5
92.1
97.6
97.8
97.9
97.8
97.7
95.3
75.7
70.3
70.1
67
66
69.1
67.3
71.2
75
76.5
78.3
90.9
97.6
97.7
97.8
97.8
98
98
98
98
97.9
98
97.8
97.6
96.3
85.8
78.3
77.3
87.5
96.1
81.7
69.6
64.9
61.2
49.9
79.5
97.6
97.2
86.9
71.4
55.8
66.8
72.2
72.7
69.9
75.9
61.9
56.8
47.4
46.4
44.7
43.8
43.1
43.5
43.2
41.9
42.4
43
44.4
44.7
44.7
44.7
44.7
44.8
45.5
55.5
57.3
67.3
68.4
65.7
63.4
58.8
51.9
46.9
45.9
48
50.1
50.1
50.1
50.2
50.1
50.6
52.6
58.1
68.6
77.3
83.5
79.7
85.6
93.3
97.5
97.7
97.7
97.7
88.9
73.7
65.6
62.4
61.1
60.4
58.6
59.5
59.5
58.9
59.6
61.1
63.1
66.2
73.5
78.2
94
97.4
85.6
92.5
94.5
97.7
97.8
97.7
93.3
83.9
68
65.7
64.9
58.9
58.3
57.9
60.1
60.4
58.9
60.2
63.4
69.5
82
85.4
93.8
93.4
97.6
93.7
96.4
97.6
97.7
97.6
91
78.6
67.9
62.6
61.1
61.4
62.1
61.2
62.4
62.1
62.4
65.6
70
97.7
97.8
96.4
97.1
97.5
97.4
97.6
97.5
97.6
97.8
97.6
97.6
93.5
93.7
95
95.8
97.7
97.5
87.4
69.6
64.2
67.1
79.3
83.6
89.8
85.1
93.9
92.4
88.2
84.4
84
89.1
98
98
98
97.8
97.4
93.6
80.1
77
72
69.8
70.7
69.3
66.7
68.4
67.8
72.3
83.8
97.2
97.8
97.9
98
98
98
98
98
98
97.8
97.6
95.4
81.2
76.3
76
72.9
72.8
73.5
70.6
69.1
67.8
69.1
78
92.9
97.5
97.8
97.8
97.7
97.9
98
98
97.8
98
98
97.7
91.9
80.7
75.3
68.7
65
NA
NA
NA
NA
82.5
80.9
81.8
91.5
85.4
92.8
83.4
90.3
92.2
97.7
97.8
97.9
98
97.9
97.6
83.7
70
67.1
68.9
67.2
65.1
65.6
63.8
62.8
61.4
63.8
70.8
75.7
93.9
97.6
97.7
97.6
97.6
97.8
97.9
98
98
98
97.4
88.1
77.6
70.4
68.7
65.4
63.5
64.3
62.5
62.6
64.4
66.4
70.7
77.9
90.7
97.6
97.6
97.6
97
97.3
97.7
97.9
98
98
96.6
86.3
75.6
68.7
67.4
66.1
64.1
64.1
61.7
62.2
63.8
64.4
68.4
77
85.6
94.2
97.6
97.7
97.8
97.8
97.6
97.9
97.7
97.7
97.6
89.5
76.9
65.9
63
61.5
62.4
62.3
61.6
60.3
60.4
63.8
69.3
74.3
79.4
81.5
75.9
76.6
78.6
77
89.3
97.1
97.8
97.8
92.5
82.2
72.2
69
71.3
73.4
71.6
66.3
65
64.7
61.8
57.2
65.5
68.2
73.6
75.1
79.8
84.8
81.2
94.6
97.1
96.2
88.3
91.9
83.8
78.2
82.7
78.7
73.6
68.5
64
63.3
74.8
78.2
96.1
79.9
76.8
82.2
86.3
89.3
89.3
88.4
92.9
96.6
97.5
95.3
97.7
97.2
88.2
73.8
64.7
57.8
56.7
54.3
52.6
51.7
48.3
45.9
57.3
59.2
57.1
67
76.7
92
97.4
97.7
97.8
97.8
97.9
96.3
96.7
95.1
74.3
64.3
58
56
54.8
54.6
54.2
51.8
50.5
49.2
49.9
55.3
61.2
63.8
69.4
70.8
71.6
76
68.2
66.7
72.1
88.4
96.6
97
96.8
88.4
61.7
59.2
55.4
54.7
53.1
52.3
53.9
54.5
59.7
70.6
68.4
73.3
81.2
87.9
94.3
96.1
95.8
92.8
96.9
96
95.3
97.1
92.9
79.1
77.7
73.7
69.9
69.6
69.9
68.7
67
74.4
97.9
98
98
98
98
98
98
98
98
98
98
98
98
97.9
95.1
88.2
77.1
69.6
68.7
68.5
70.9
89.7
98
98
97.8
97.6
95.3
97.7
97.8
97.9
97.7
97.8
98
98
98
98
98
98
98
98
98
98
97.9
96.8
84.5
81.5
75
69.9
70.9
72.4
80.2
97.2
97.8
98
98
98
98
98
98
98
98
98
97.6
90
79
74.5
74.8
73.4
70.6
88.2
83.3
77.2
75.6
68
72.2
94.2
90.2
97.6
97.9
97.9
97.6
97.9
98
98
98
98
97.7
93.2
85.5
76.9
76.8
73.5
68.4
65.8
62.5
55.4
49.9
45.8
47.1
47.9
46
48.4
59.1
56.3
59.5
64.5
81
90.9
97.4
96.4
80.4
73.3
66.1
63
61
61.1
62
65.4
65.4
60.8
61.8
64.7
68.7
75.8
80.2
84.5
91.8
94.2
97.7
97.7
97.8
97.9
97.9
97.9
97.5
83.1
76.6
69.7
68
67.5
64.4
64.2
60.7
60.1
62.3
63
67.4
71.1
73.1
78.6
80.2
84.2
97.3
96.8
97.5
97.6
97.8
97.7
95.9
83.2
71.6
68
63.9
64.9
63
64.6
62.2
62.6
63.2
64
65.3
69.8
81.1
95.2
96.1
94.9
97.6
97.5
97.6
97.7
97.8
97.7
90.3
77.6
78.3
67.7
55.6
57.5
58.6
58.6
59.7
59.4
59.3
61.7
63.9
69
78.5
86.8
96.1
96
94.4
93.7
97.6
97.7
97.8
97.6
93.4
78.7
70.6
61
61.9
61.1
67
65.1
61.2
59.3
59.2
59.5
61.3
68.2
89
97.3
95.6
96
94.3
97.6
97.6
97.5
97.7
97.7
93.7
79.4
69.4
63.5
61.1
60.3
61.1
58.4
55.2
53.2
52.2
52.8
59
67.8
73.7
81.1
90
96.6
97.3
97.6
97.6
97.6
97.6
96.7
85.6
70.5
66.4
65.4
65.2
63.7
60.1
57.4
56.4
59.8
62.5
61.8
66
74.8
86.7
95.6
97.4
97.6
97.7
97.8
97.9
98
98
97.9
97.6
96.4
89
81.4
78.6
74.4
71.5
67.9
70.6
95.2
98
97.1
94.5
97.3
97.7
97.8
97.8
73
62.7
79
82.3
92.7
97.9
98
91.8
74.7
69
59.4
60.8
58.6
56
53.5
54.2
54.7
54.5
54.5
57.9
64.5
72.1
86.6
92.5
84.2
96.8
97.6
97.6
97.6
97.7
97.7
88.3
72.4
66
63.1
60.9
58.6
58.1
57.7
56.2
55.2
56.4
58.3
61.6
65.5
71
83.4
82.4
78.8
91.9
97.2
97.7
97.7
97.8
97.7
90.7
75.9
65.2
62.6
61.9
60.4
58.4
57.2
55.9
59
60.1
61.3
64
73.4
81.2
94.1
97.6
94.6
97.6
97.7
97.6
97.7
97.9
97.9
93.8
79.7
70.7
64.6
61.9
59.6
57.6
56.5
58
57.8
58.1
60.3
64.8
74.3
86.3
89.9
82.8
88.9
84
94.6
97.5
97.6
97.6
97.6
92.3
86.7
76.7
63.3
59.8
59.5
56.9
56.3
55.8
56.7
57.8
57.4
60.9
68.8
73.4
75.1
73.5
73
76
82.7
78.3
88.6
97.6
93.4
97.6
97.6
97.4
97.6
97.7
96.9
97.9
98
98
97.8
97.7
98
97.9
97.9
98
98
98
98
98
98
97.7
97.9
98
98
98
97.9
97.7
95.1
84.3
75.9
66
62.6
65.4
72.8
80.7
88.6
86.2
90.6
91.7
95.6
93.8
92.5
96.6
97.2
97.6
97.6
97.7
97.8
97.6
97.1
89.8
75.1
71.2
69.7
68.6
68.2
69.4
68.8
66.8
70.5
73.8
78.6
84.1
80.5
84
91.7
97.7
97.6
97.5
97.5
97.1
97.7
97.6
97.7
97.5
95.5
72.8
67.5
64.4
62.2
60.5
59.5
62.2
60.2
66.3
83.4
93
93.3
97.6
97.6
97.6
97.7
97.7
97.7
97.7
96.7
97.6
91.2
75.1
67.3
62.7
60.5
62.7
64.1
61.8
61.2
61.3
64.6
67.8
66.7
73.3
90.9
97.7
97.8
97.8
97.5
97.8
98
98
98
97.7
85.7
73.9
68.6
65.5
66.1
67.2
66.5
63.7
63.9
65.2
86.2
97.3
92.9
96.6
93.9
97.2
97.7
97.8
97.7
97.8
97.7
97.8
97.9
97.5
86.9
79.6
75.9
73.4
72.6
83.5
85.1
75.3
72.4
67.7
71.1
80.4
93.6
94.6
96.9
97.8
97.9
98
98
98
98
98
97.5
97.7
95.4
87.8
72.5
69.4
69.5
68.5
70.5
74.6
85.2
96
96.5
92.7
96.8
97.7
97.7
97.6
97.9
97.9
98
98
98
98
98
97.5
86.6
74.6
69.7
65.8
65.4
63.2
62.1
61.5
61.4
61.5
62.6
67
81.5
93.4
94.1
95.9
95.9
93.4
94.1
92.8
95.2
95.2
94.2
97.2
96.8
85.3
72.8
68.2
66.3
65.3
65.3
63
63.8
65
66.7
75.6
89.8
95.4
89.1
93.7
87.5
92.9
95.4
91.4
95.4
86.2
90.5
97.4
97.8
97.8
96.3
80.9
69.5
70.4
67.1
66.4
66.2
65.1
67.4
72.9
90.7
97.6
97.7
97.5
93.3
90.9
88.3
89
86.3
85
85.5
92.1
89.8
90.3
88.6
83.3
76.2
72.2
65.7
66.2
65.3
72.8
79.2
81.9
90.9
91.2
95.8
97.6
97.6
97.7
97.8
97.8
97.8
97.8
97.9
97.6
87.5
77.4
68.7
66.3
64
61.4
58.9
57.5
54.5
54.7
59
60.2
67.7
70.2
75.2
70.1
71.8
82.3
96.6
92.4
90
97.4
94
97.2
97.2
88.9
81
77.9
75.7
73.4
67.7
61.5
58.9
59.7
66.5
76.8
84.2
88.3
97.7
97.7
97.9
97.6
97.7
97.7
97.8
97.9
97.7
97.7
90.9
77.7
70.9
73.5
86
79.6
69.7
64.1
76.6
97.5
97.6
96.8
97.5
95.6
97.8
97.3
97.6
97.7
97.9
97.9
97.9
97.9
96.9
97.6
97.9
98
98
98
97.7
95.9
92.4
85.9
87.9
86.4
94.5
97.9
98
98
98
98
98
98
98
98
98
98
98
98
97.1
84.9
81.5
78.3
74.1
71
68.8
69.8
66.6
67
73.5
80.8
83.7
87.5
85.9
87.7
89.3
94.9
97.5
97.6
97.5
97.8
98
97.8
89
79.7
75.2
74.9
73.6
69.5
66.4
64.9
67.3
64.2
69.2
74.9
87.5
95.5
95.4
97.8
98
98
98
98
98
98
98
97.9
94.2
81.3
75.1
71.8
69.2
68.1
66.5
64.4
62.4
64.4
69.1
79.2
92.9
97.2
94.9
97.5
97.8
97.9
97.8
97.9
97.9
98
98
97.8
91.9
83.9
78.4
77.3
80.6
78
80.9
96.1
97.2
98
98
98
98
98
98
98
98
98
98
98
98
98
98
98
97.9
96.4
89.1
80.1
78.2
73.6
72.1
69.8
73.5
80
78.4
91.5
97.6
97.9
98
97.8
97.8
97.9
97.7
92.1
94.1
95.7
97.9
98
98
97.7
92.1
85
79
75.1
70.6
67.1
67
67.3
69.3
89.8
94.7
97.6
97.7
97.7
97.9
97.9
98
98
98
98
98
97.8
96.9
82.7
79.2
77.2
73.3
73.1
71.8
75.3
79.7
85.1
89.2
97.6
97.6
97.7
97.6
97.5
97.1
97.6
96.3
97.5
97.9
97.3
97.5
97.6
97.8
97.8
97.8
98
98
98
98
98
98
98
97.9
97.9
98
98
98
98
98
98
98
98
98
98
98
98
97.7
97.4
92.7
94.3
84.1
79.6
74.6
76.4
75.9
78.1
78.1
81.6
95.3
94.7
90
85.5
81.3
81
91.7
96.9
97.7
97.9
97.7
97.8
97.7
96
80.6
70.3
64.8
63.4
62.8
67.2
69.1
63.7
63
74.8
87.2
97.4
97.6
97.6
97.5
97.6
97.6
97.5
97.6
97.6
97.6
97.7
91.2
80.9
73.6
65.1
65.5
65.2
66.5
66.1
64.9
66.2
68.3
82.9
95.2
97.6
96.6
91.4
96
92.7
97.7
97.6
97.8
97.7
97.7
97.7
96.9
88.1
75.1
64.1
63.4
63
60.5
60.2
62.3
64
66.7
73.5
76.7
86.6
96.9
93.8
96.6
97.6
97.7
97.9
98
98
98
97.7
90.1
71.4
66.3
65.1
66.8
65.8
66.2
66.5
66.5
69
72.9
86.1
96
97.6
97.7
97.7
97.7
97.6
97.8
97.7
97.7
97.6
97.5
97.6
97.6
95.2
91.5
87.6
74.9
75.5
75.3
72.5
75.2
85.1
90.9
97.3
97.7
97.8
97.6
97.8
98
98
98
98
98
98
98
98
98
98
98
97.8
95.2
82.6
77
76.5
78.8
81.1
82.1
86.2
94.1
97.7
97.9
98
98
98
98
98
98
98
98
98
97.8
96.8
92.5
86.3
78.5
72.9
72.3
71.9
69.5
69
71.7
76.8
90.9
96.4
97.5
97.7
97.8
97.9
97.8
97.8
97.2
97.6
97.8
98
98
98
98
98
98
98
97.9
96.8
86.9
81.1
90.6
97.5
97.7
97.9
98
98
98
98
98
98
98
98
98
98
96.4
85.9
77.6
74.6
73.2
71.8
69.2
68.3
70.4
75.1
78.9
84.5
92.7
92.1
95.5
96.4
95.4
96.2
97.6
97.8
98
98
98
98
96.8
82.9
74.6
71
72.6
68.3
66.3
66.1
64.9
65.5
70
83.8
93.4
97.7
97.9
98
98
98
98
98
98
98
98
98
97.6
86.5
73.1
71.3
69
66.3
65
64.2
62.7
64.6
69.6
81.4
92.1
94
95.8
97.4
88.7
95.3
86.1
80.6
90.1
97.5
97.8
97.7
97.6
97.3
87
81.9
71.2
71.8
70.2
69.4
70.2
72.6
76.9
77.5
78.7
80.2
83.7
96.9
97.9
98
98
98
98
97.9
97.7
98
96.7
83.9
63.7
62.8
62.3
62.1
64.8
66.1
68.7
72.8
85.2
84
87.8
87.1
97.6
97.6
97.6
97
96.3
97.6
97.6
95.8
96.1
98
98
98
98
98
98
98
98
98
98
98
98
98
98
98
98
98
98
98
98
98
98
98
98
98
98
96.2
83.1
77.9
76.6
71.7
70.6
70
68.6
73.6
79.8
90.6
97.7
97.9
97.9
98
98
98
98
98
98
98
98
98
96.6
84.8
74.5
71.6
73
76.2
74.7
72.8
75
73.6
84.8
97.5
97.7
97.9
98
97.9
97.8
98
98
98
98
98
98
98
96.2
81.5
73
69.5
67
63.2
64.1
62.3
62.9
64.4
71.8
85.2
90.9
97.6
97.7
97.8
97.9
97.9
98
98
98
98
98
98
96.9
84.9
72.7
69.1
68.3
66.9
64
64.9
61.4
62.3
69
78.9
88
97.3
97.7
97.6
97.6
97.7
97.7
97.8
97.9
98
98
97.9
94.2
77.4
70.1
71.1
70.5
68.9
66.6
65.2
65.6
68.7
80.4
93
97.6
97.6
97.6
97.7
97.6
96.8
97.1
95.9
88.9
86.9
86.1
88
90.5
78.2
69.1
68.8
68.6
65.7
65.6
65.7
65.2
67.2
79.4
93
97.6
97.6
97.7
97.7
97.8
97.7
97.8
97.9
97.9
97.6
97.9
97.8
96.4
79.5
62
59.9
59.9
58.8
58.9
59.4
59.3
61.7
74.4
82.7
97.4
97.6
97.6
97.6
97.6
97.6
97.7
97.7
97.7
97.9
97.9
97.6
91.5
75.5
66.3
64.4
63.6
62.3
61
59.5
59.4
61.2
69.9
84.7
95.9
97.6
97.6
97.5
97.7
97.8
98
98
98
98
98
98
96.2
80.7
72.7
67.6
65.5
65.4
45.9
66.2
66.4
66.9
76.7
87.8
97.2
97.6
97.7
97.6
97.6
97.6
97.7
97.8
97.5
97.7
98
98
97.7
89.6
75.2
70
68
65.9
64.3
62.6
61.9
64.8
71.7
82.6
95.1
97.5
97.7
97.7
97.8
97.7
97.8
97.7
96.8
94.6
97.9
97.8
94.8
78.8
71.1
70.7
69.8
68.6
64.8
64.6
65
69.9
76.9
83.8
93.2
88
80.8
81.2
95
96
97.6
97.7
97.7
97.7
97.7
93.2
91.1
96.7
97.3
90.4
88.9
94.7
89.9
90
91.8
95.5
97.5
97.7
97.9
98
97.9
97.8
97.8
97.8
97.9
97.7
97.7
97.6
93.8
97.3
96.8
94
96.6
84.8
78.1
77.2
74.6
73.6
71.9
74.8
81.9
89.8
90.5
88
88.7
86
81.9
96.5
94.2
94.5
97.7
97.7
97.3
91.6
83.9
82.3
94.2
79.9
88.4
93.5
96.2
97
93.7
93.5
96.9
97.7
95.4
96.9
97.6
97.6
97.7
97.7
97.8
97.9
97.6
97.2
97.6
97.5
96.9
96.4
92.5
91.3
91.9
89.7
88.4
87.2
91.1
96.4
97.6
97.8
97.7
97.7
97.7
97.6
97.5
97.5
97.7
97.8
97.9
98
98
98
98
98
98
97.9
97.8
98
98
98
98
98
98
97.9
97.9
97.9
97.6
97.6
97.6
96.6
97.5
97.6
97.8
97.8
97.8
97.8
96.7
90.3
88.5
88
71.6
69.2
68.1
68.1
70.6
70.4
86.5
97.6
97.9
98
98
98
98
98
98
97.9
97.6
97.6
97.7
97.7
93.5
81
75.3
77.2
84.3
75.2
73.6
73.8
79.3
85.9
97.5
97.6
97.5
97.6
97.7
97.8
97.7
97.8
97.9
97.9
97.9
97.9
98
98
97.7
94.7
86.5
83.8
73.5
70.8
68.6
68.3
68
73.4
84.5
97.2
97.7
97.9
98
98
98
98
98
98
98
98
98
98
96.7
83.2
74.2
70.2
70
68.3
67.1
67.4
67.6
71
87.4
96.9
97.8
97.9
97.9
98
97.6
97.7
97.8
97.8
97.8
97.7
97.8
97.5
97.7
95.7
85
86
85.8
79.6
81.2
91.9
83.6
89.9
92.3
92.9
96.7
91.6
94.6
94.8
92.3
94.7
97.5
96.6
97.2
92.5
89.3
92.2
92.8
92.9
90.3
90.5
95.2
96.6
97.5
97.6
97.6
97.4
91.8
91.1
94.1
97.2
94.4
93.6
95.9
97.6
97.6
97.7
97.8
97.6
97.7
97.7
98
97.9
94.6
81.7
75.5
72.7
71.8
71.7
71.9
73
85.4
96.8
97.6
97.2
92.5
87
87.1
87.4
88.1
86.4
92
90.5
92.8
92.5
97.6
97.8
98
98
98
97.5
88.6
77.1
73.9
78.7
89.1
97.6
97.8
97.9
97.9
98
96.6
96.5
95.3
87.9
86.7
95.9
78.1
92.6
74.3
75.4
74.3
69.9
65.5
63.6
63.5
62.8
61.3
63.7
81
92.7
97.6
97.7
97.8
97.8
97.8
97.7
97.6
97.7
97.6
97.1
97.6
97.6
97.2
93.4
84.5
77.3
79.6
85.9
97.7
97.8
97.8
98
98
98
98
97.9
97.9
98
98
98
98
98
98
98
97.8
97.8
95.2
87.1
83.6
80.5
75.7
75.3
69.5
65.1
67.3
73.2
85.7
97.7
98
97.9
97.8
97.8
98
98
97.8
98
98
98
98
97.7
97.7
97.5
80.5
73.7
72.2
69.1
71
75.8
77.2
83.6
96.8
97.7
97.6
97.5
97.5
97.5
97.6
97.6
97.6
97.6
97.6
97.7
97.6
97.5
97.5
97.2
93.7
97.5
96.5
90.4
91.8
91.6
91.3
89.5
97.1
97.7
97.6
97.9
97.8
97.7
98
97.9
98
98
95.8
78.9
82.8
86.7
88.1
76.3
66.9
62.6
62.4
64.8
63.1
60.1
57.4
55.6
64.6
68.2
66.8
77.8
78.7
72
83.8
83
74.3
72.6
86.6
96.9
96.8
96.6
85.1
79.4
74.1
71.1
64.6
60.9
58.3
57.6
62.3
65.9
76.2
79.4
77.8
91.2
95.4
92.2
84.2
93.7
97.3
97
97.8
97.6
97.8
97.8
90.6
75.7
65.4
57.9
55.4
55.3
56.9
58.1
56.4
56.1
62.9
82.3
95.9
97.5
97.5
97.6
97.7
97.7
97.8
97.8
97.9
98
98
97.9
96.3
77.8
67.4
64.4
64
61.8
60.3
58.3
56.7
62
77.7
88.6
96.3
94
97.6
97.7
97.7
97.8
97.9
97.9
98
98
97.9
97.9
97.6
87
73
68.1
66.2
66.8
67.6
66.7
67.3
73.3
92
97.6
97.6
97.9
97.8
97.8
98
98
98
98
98
98
97.9
98
97.8
93.6
79.4
74.3
70.5
70.2
68.6
67.8
69
82.3
96.8
97.7
97.9
98
98
98
98
98
98
98
98
98
98
98
97.8
85.2
70.9
66.6
65.4
62.7
60.8
58.7
60.1
69.9
92
97.4
97.7
97.8
97.9
98
97.9
98
98
98
98
98
98
98
97.8
93.4
76.7
70.2
69
73.5
72.1
69.3
69.5
75.8
93.5
97.7
97.9
97.9
98
98
97.9
98
98
98
98
98
98
98
97.9
97.4
91
88.2
81.4
85.7
83.8
80.5
81.8
90.7
96.7
97.7
97.9
98
98
97.9
97.8
97.9
97.9
98
97.9
98
98
98
98
97.8
97.7
97.6
97.5
97.5
97.5
96.9
97.5
97.6
97.8
98
97.9
98
98
98
98
98
98
98
98
98
98
98
98
96.9
94
91.1
88.1
84.1
84.4
85.1
89.9
97.4
97.6
97.8
98
98
98
98
98
98
98
98
98
98
98
98
97.9
97.6
97.6
97.4
97.5
97.5
97.4
97.1
97.6
97.6
97.6
97.6
97.6
97.6
97.7
97.6
97.5
97.7
97.7
97.7
97.8
97.9
97.8
97.8
97.9
97.7
97.8
97.2
94.5
89.6
84.8
86.4
88
94.3
97.5
97.7
97.6
97.5
97.3
97.6
95.6
94.9
92.2
92.1
96.6
94.8
92.6
90.6
90.8
86.7
81.3
79.7
82.2
83.5
84.4
85.1
83.2
85.5
87.2
87.4
87.7
88.4
88.8
90.1
94
97.3
97
97.6
97.5
95.2
88
92.1
95.4
97.4
97.3
97
84.8
80.2
72.2
70.2
71.4
78.7
75.6
74.8
80.5
84.9
95
96.4
97.5
97.5
97.2
97.4
94
96.7
97.5
97.5
97
93.6
92.9
75.2
69.3
69.8
68.6
69
70.7
75.4
79.3
89.5
97.6
97.7
97.9
98
97.7
98
98
98
98
97.9
98
97.8
97.6
97.6
97.5
95.4
95.8
97.5
97.6
98
98
98
98
98
98
98
98
98
98
98
98
98
98
98
98
98
98
98
98
98
98
98
98
98
98
98
98
98
98
98
98
98
98
98
98
98
98
98
98
98
98
98
98
98
98
98
97.6
97.3
97.7
97.8
98
98
98
98
98
97.9
97.9
98
98
98
98
98
97.9
98
98
98
98
98
98
98
98
97.9
97.9
98
98
98
98
98
98
98
98
98
98
98
98
98
97.9
97.9
98
98
98
98
98
98
98
98
97.9
97.8
97.7
97.8
97.9
98
98
98
98
98
98
98
98
98
98
98
98
97.8
96.6
95.1
98
97.7
97.8
97.8
97.8
97.8
97.6
97.7
97.5
97.5
97.6
97.5
96.3
97.7
97.9
98
98
98
98
98
98
97.7
93.1
89.5
95.3
97.2
96.1
97.6
97.8
97.8
97.9
98
98
98
98
98
98
98
98
98
98
98
98
98
98
94.2
80.9
74.9
69.3
68.2
66.6
66.8
68.1
91
97.7
97.8
98
97.6
97.9
97.7
94.8
97.8
97.6
93.1
97.6
97.7
97.6
97.7
97.4
84.1
83.9
77.9
82.5
83.4
82.4
84.7
87.3
94.7
97.8
97.9
97.9
98
98
98
98
98
98
98
98
98
98
98
98
97.4
96.8
89.5
79.6
76.3
84.8
96.4
97.8
97.9
98
98
98
98
98
98
98
98
98
98
98
98
98
98
98
97.7
90.6
87.7
90.2
89.3
89.3
87.6
93.2
97.6
97.8
97.7
97.8
97.8
97.7
97.9
97.8
96.7
97.8
97.9
97.9
98
98
98
98
96.2
90.1
85.9
83.1
83.8
90
87.5
93.5
97.6
97.9
98
98
97.9
97.8
97.7
97.9
98
98
98
98
98
98
98
98
98
97.6
94.2
86
82.1
81.6
78.6
81.4
93.1
97.8
97.8
98
98
98
98
98
98
98
97.6
97.8
97.5
94
97.7
97.8
90.8
88.3
95.4
97.4
97.4
97.2
97.5
97.7
97.7
97.8
97.9
97.9
98
98
98
98
97.9
97.9
98
97.9
97.9
97.9
98
98
98
98
98
98
98
98
98
98
98
98
98
98
98
98
98
98
98
98
97.9
98
98
98
98
98
98
98
98
98
98
98
98
98
98
98
98
98
98
98
98
97.9
97.9
97.9
98
98
98
98
98
98
98
97.9
97.7
97.6
97.6
97.6
97.6
97.6
97.8
98
98
98
98
98
97.9
97.9
98
98
98
97.8
97.9
98
98
97.7
97.8
97.6
97.7
98
97.7
97.6
97.9
97.8
97.3
84.8
87.1
90.6
97.8
97.7
97.7
97.7
97.2
97.5
97.4
97.4
97.6
82.5
93.8
97.6
97.5
96.2
94.3
73.2
65.3
67.9
76.3
79.8
93.7
97.8
97.9
97.7
97.5
97.8
97.7
97.7
97.6
97.6
97.6
97.7
97.6
97.7
95.7
96.8
87.8
74.9
65.1
62.7
61
59.9
63.1
65.1
78.9
93
94.8
92.2
91
83.6
83.2
83.6
84.8
81.3
74.8
68.4
69.5
67.5
70.3
76.5
65.7
61.3
58.8
60
61.6
65
66.5
65.3
75.3
80.9
75.2
77.2
78.9
77.8
75.3
79.7
77.2
72.5
81
80.9
74.8
74.8
70
81.8
76.7
74.2
81.1
76.6
76.6
74.9
72.8
74.6
82.9
96.1
97.5
97.6
95.7
93.7
95.8
94.8
93.2
95.2
95.6
97.3
95.3
93.6
91.3
87.2
87.7
81.6
78.9
78
77.9
83.5
80.9
81.7
85.9
87
86.2
90.7
96.2
96.4
97.2
92.8
86.4
90.2
95.2
96.4
97.5
97.6
97.6
97.6
94.3
86.1
75.4
72.8
75.2
73
75.2
79.2
92.7
97.2
97.7
97.8
97.8
97.9
97.7
97.8
97.9
97.9
97.9
96.6
97.7
97.6
97.8
97.7
91.2
78.1
74
73
70.9
68
66.9
70.4
83.6
97.5
97.7
97.8
97.3
96.2
96
97.6
96.7
97.6
97.6
97.5
97.7
98
98
98
98
98
97.9
97.7
97.2
95.9
88.7
95.8
97.6
97.7
97.8
97.8
98
98
98
98
98
98
98
97.9
97.9
98
98
98
98
97.8
98
98
97.7
94.4
93.2
97.5
97.6
97.6
97.6
97.7
97.5
97.5
97.5
97.5
97.4
97.4
97.3
94.4
88.3
83.9
88.5
88.4
82.3
84.7
84
80.4
77.5
75
74.3
75.6
78.5
86.6
82.5
86.1
88.9
87.1
92.5
95.4
93.2
92
92.1
96.3
96
97.6
97.7
97.8
97.6
97.6
97.7
97.9
98
98
98
98
98
98
98
98
98
98
98
98
98
96.6
95.9
89.3
88.3
93.2
91
83.7
74
69.3
67.5
64.9
63.2
62.9
67.3
73.7
81.1
76.2
72
66
64.6
65.9
65.8
68
72.7
91.1
96
97.5
97.6
97.6
97.6
97.6
95.1
92.1
86
82.5
62.8
46.2
44.1
43.3
44.2
44.1
50.1
56.2
60
65.2
66.8
72.9
72
67.5
70
75.9
75
72.2
65.1
60.4
61.5
62.3
67.7
67
65.7
64.1
63.8
70.9
78.4
87.6
91.5
93.8
87.7
78.8
78.4
79.3
77.6
75.6
79.2
81.7
77.6
77.1
79.9
88.3
86.4
87.7
90
96.8
97.6
97.9
98
98
98
98
98
98
98
98
98
98
98
98
98
98
98
98
98
98
98
98
97.9
97.6
96
97
97.2
96.8
97.6
97.8
97.8
98
98
98
98
98
98
98
97.4
97.7
96.7
95.7
88.8
83
85
75.5
67.4
72.6
79.1
80.8
79.4
81
93.2
82.4
81.7
87.3
95.5
97.6
97.6
97.6
97.7
97.8
97.8
97.7
97.7
97.6
97.6
97.5
88.1
75.5
70.3
67.2
65.1
63.6
63.5
70.7
88
97.4
96.9
91.7
91.2
95.6
90.8
85.7
86.4
84.9
87.6
85.5
84.9
82.4
84.5
86.2
75.8
63.4
63.9
60.7
59.4
59.5
61.2
62.4
74.6
85.4
89.1
94.7
97.3
89.1
91.1
97.1
96.5
95.4
95.8
97.3
87.4
91.3
89.7
93.9
82.7
71.3
63.7
62.6
62.3
59.8
61.5
65.1
76.7
86.9
96.2
97.2
97.4
97.2
97.4
95.2
96.8
96.1
96.9
96.5
95.6
94.1
94.4
93.7
82.4
70.6
65
64.2
64.2
63.3
63.1
67.5
74.2
86.8
95.3
97.3
97.5
97.5
97.5
97.5
97.3
97.5
97.5
97.5
97.4
97.5
97.5
97.5
88
72.9
69.2
66.2
63.5
63
64.7
67.2
79.5
91.2
97.2
97.5
97.4
96.9
94.3
96.3
93.3
94.5
95.5
93.8
82.7
82
84.4
90.9
78.2
70.4
62.6
61.2
60.9
63.7
63.8
66
75.5
86.8
90.5
92.3
93.6
95.6
97.1
96.2
95.8
97.3
96.9
96.7
97.1
96.3
96.3
97.4
89
75.1
66.2
61.7
60.8
60.8
62.2
66.2
78.9
85.9
91
92
92.1
93.9
95.8
94.7
96.8
96.9
97.3
97.5
97.2
97.4
95.9
96
91.2
88
72.5
67.9
71.3
69.6
70.8
75.1
87.6
97.1
97.5
97.6
97.6
97.6
97.6
97.6
97.6
97.6
97.4
97.5
97.5
97.4
97.2
97.4
92.9
77.1
72.9
67.9
66.9
71.5
75
79.1
91.2
97.5
97.6
97.7
97.8
97.8
97.7
97.6
97.6
97.6
97.5
97.8
97.9
97.9
97.9
98
97.8
97.5
93
87
84.9
83.4
84.5
94.2
97.2
97.5
97.4
97.5
97.5
95.6
96.3
97.5
97.4
97.5
97.5
97.4
95.6
97.6
97.5
97.5
97.5
96.1
97.6
97.5
97.7
97.6
97.5
97.7
97.8
97.8
97.7
97.8
98
97.9
98
98
98
98
98
98
98
98
98
98
97.7
77.6
47.7
42.5
39.1
39
38.8
37.7
43.5
43.4
55.7
60.3
73.3
80.6
88.2
97.5
97.5
97.6
90.4
85
67
64.5
63.8
64.3
62.8
58
53.1
54.1
57.5
57.8
56.1
52.3
57.7
66.4
70.3
69.9
73
73.5
75.2
76.3
73.6
74.6
74.3
75.9
78.7
78.2
75.5
76
74.1
66.3
59.6
55.3
51.9
53.8
61.2
68.3
77.3
84.3
93.4
91.1
93.2
93.1
90.1
85.3
77.5
84.9
79.7
80.8
77.6
76.9
71.8
78.1
76.5
68.7
69.4
70
74.1
79.7
79.1
79.9
80.5
86.8
89.6
91.8
91.3
88.6
91.1
92.5
92
86.5
88.3
97.4
97.7
97.9
98
97.9
97.7
97.7
97.7
97.8
97.9
97.9
97.9
97.9
98
98
98
98
98
98
98
98
98
98
98
98
98
98
98
98
98
97.9
97.7
97.9
98
98
98
98
98
98
98
98
98
98
98
98
98
98
98
98
98
98
98
98
98
92.5
85.5
80.6
76.4
70.9
69.1
74.6
96.2
97.6
97.6
97.6
97.6
97.4
97.6
97.6
97.5
97.5
96.9
95.9
89.9
94.1
95
97.5
94.4
90.9
92.7
85.2
88.8
91.9
91.6
97.2
97.5
97.7
97.6
97.5
97.6
97.5
97.6
97.8
97.8
97.9
98
98
97.2
95.7
87.7
86.6
79
65.6
61.4
56.7
53.8
49.9
47.3
49.8
57.4
72.6
66.8
68.5
69
69.4
75
72.6
71.8
68.1
62.5
65.2
69.1
65.1
69.9
74.4
73.6
72.9
60.7
59.3
60.5
61
67.1
70.4
73.3
75
78.8
79.5
83.5
94.4
97.3
97.4
97.4
93.5
90.4
84.1
92.5
90
82.9
85.1
87.6
90.6
86.3
76.2
73.1
71.1
78.9
83.6
89.8
97.4
97.7
97.8
97.8
97.9
98
98
98
98
98
98
98
98
97.9
97.9
98
97.9
97.6
97.6
97.5
93.7
91.6
97.1
97.5
97.6
97.6
97.8
97.8
97.8
97.3
94.8
97.5
97.5
95.6
84.2
87.8
96.6
97.3
96.9
91.5
77.7
69.4
65.7
64.7
63.1
65.8
70.3
83.6
89.1
94.3
95.6
96.2
97.5
97.5
96.9
97.3
95.4
96.3
95.5
81.3
87.4
86.4
84.8
84
77.2
70.2
70.1
72
75.6
79.9
88
97.4
97.7
97.7
97.7
97.6
97.7
97.7
97.6
95
97.6
97.8
97.8
97.7
97.7
97.5
97.4
95
91.1
86
85.1
84.6
85
84.3
84.5
84.4
88.4
89.2
88.6
92.5
93.7
96.4
97
97.5
97.7
97.7
97.7
97.7
97.6
97.5
96.8
80.9
89.9
83.1
83.9
85.3
95.4
97.5
97.5
97.4
97.5
97.6
97.5
97.7
97.8
97.8
97.6
92.2
81.9
68.6
64.8
64.7
59.6
58.8
61
55.4
50.1
46.7
45.3
43.4
47
50.3
54.9
64.4
70.4
71.2
72.2
68.8
65
67.3
65.5
73.1
73.9
75.1
77.1
79.1
81
85.1
83.5
73.1
65.9
63.1
60.9
60.8
62.3
63.8
67.1
74.2
82.1
92.3
94.1
95.6
95.9
82.1
94.5
97.2
97.4
97.5
97.5
97.5
97.5
97.5
97.4
95
81.6
75.3
73.6
72.5
73
74.1
76.3
82.2
89.3
97.4
97.4
97.4
95.6
95.6
93.2
86.9
82.3
80.2
78.8
78
77.5
78.7
78.5
75.2
68.9
64.5
61.2
63
66.7
66.1
65.2
75.8
89.8
85.6
89.5
95.2
88
89
88.4
77.2
72.2
76.9
78.2
78.9
79.7
81.3
86
86.5
91.4
97.4
97.5
97.8
97.9
98
98
98
98
98
98
98
98
98
98
98
98
98
98
98
98
98
98
98
98
98
98
98
98
98
98
98
98
98
98
98
98
98
98
98
98
98
98
98
98
98
97.9
83.4
78.1
63.6
49.1
46.4
45.1
43.6
50.6
59.8
61.1
62
58.1
56.1
57.5
56.3
79
97.6
97.8
97.9
97.9
98
98
98
98
98
97.8
95.7
76.6
61.2
52
50.1
49
48.4
48
53.3
54.7
54.4
64.9
66.6
64.4
67.8
65.6
67.4
68.4
68.3
69.3
67.9
66.9
64.8
62.7
60
58.4
55.5
57.3
56.3
58
69.2
67
68
63.7
65.5
68.4
67.3
64.7
67.1
69.1
70.5
70.9
66.8
66.2
67
68.6
63.8
60.7
53.3
49.1
50.4
52.3
56.4
60.5
66.9
76.4
81.4
83.4
85.8
88.2
82.8
83.1