92.4
92.6
93
93.4
93.6
93.6
93.6
93.5
92.8
92.6
85.2
63.8
55.9
58.5
60.5
61.6
61.7
70.4
79.8
85.6
88.8
89.1
89.8
90.8
91.2
91.3
91.9
91.7
92
91.3
90.6
90.6
90.8
92.3
84.8
68.7
62.6
61.5
59.7
58.6
64.2
72.3
81.5
85.3
87.5
90
90.4
91.3
92.3
93
93.7
94.3
94.4
94.9
94.9
94.7
94.9
94.8
91.3
69
55
52.5
49.4
44.6
46.1
57
70.2
74.3
80.3
83.5
83.5
84.9
83.4
84.1
83.6
86.4
87.3
86.5
84.3
85.9
85.8
87
75.8
65.1
60.7
44.1
44
43.7
42.9
43.1
45.5
46.1
56.2
60.1
60.1
60.4
57.9
56.1
56.4
59.5
71.6
79.3
83.7
81.3
63.4
63.8
62.6
64.4
63.4
65.6
66
62.4
63
70.2
77.5
84
87.2
89.8
91
91.4
91.6
91.8
92.2
92.8
93.3
93.5
93.7
94.3
95
94.3
89.9
76
76
79.2
72
69.5
67.1
75.3
86
89.8
91.8
90.7
90.4
92.2
92.7
93
93.3
93.7
94
94.5
94.8
94.9
95.1
95
94
84.8
65.8
61.9
60.2
63.1
67.4
76.9
85.9
89.7
91.2
92.1
93.5
93.9
94.5
94.2
94.1
94.3
94.3
94.5
94.8
94.9
94.7
94.9
94.8
94.3
94.5
94.7
95
95.2
95.7
95.9
95.7
95.6
95.7
95.8
95.6
95.6
95.8
95.8
95.5
95.5
95.6
95.5
95.4
95.4
95.8
95.9
95.8
95.6
93.9
92.2
90
87.2
85.6
86.6
88.7
90.7
92
93.1
92.4
92
92.1
92
91.6
92.4
93.7
94.3
94.6
95
95.3
95.5
94.7
86.2
71.7
67.2
66.2
68
74.9
82.7
87
88.8
90.8
92.3
93
93.7
94.3
94.6
95.3
96
95.8
95.5
95.3
95.8
96
96.3
96.2
94.5
84.1
79.3
78.3
79.1
81.3
87.9
91
91.1
90.2
92.6
92.7
93.1
93.5
93.8
94.4
94.5
94.5
94.7
95.2
95.4
95.5
95.5
95
94.8
94.8
94.7
90.7
81.2
80.8
85.1
89.3
91.7
92
92.8
93.5
94.3
94.9
95.3
95.5
95.7
95.9
95.9
95.8
96
96.3
96.9
97.2
96.7
95.8
84.9
79.6
79.8
82.5
88.9
91.6
93
93.6
94.4
94.9
95.2
95.4
95.8
95.9
95.8
95.8
96
96.3
96.5
96.4
96.6
96.4
96
95.2
93.7
84.5
77
77.2
84
90
92.4
93.7
94.3
94.8
95.1
95.4
95.3
95.4
95.5
95.7
95.8
96
96.1
96.2
96.4
96.4
96.2
95.3
93.7
91.5
90.5
91.1
91.7
92.8
92.8
92.8
93
92.6
92.2
92.2
92.5
92.5
92.6
92.7
93.4
94.3
94.6
94.2
94
93.4
91.4
85.7
76.6
73.8
74.2
75.6
80
85.8
89.2
90.7
92
93
94.2
93.8
94.2
94.5
94.6
94.6
94.5
94.6
94.7
95.2
95.2
95.3
95.1
94.4
93
91.8
91.5
91.2
92.3
92.6
93.3
94
94.5
94.3
94.2
94.4
94.6
94.7
94
94.1
94.7
95.3
94.9
94.8
94.8
95
94.6
92.3
89.5
92.3
91.5
88.6
94.1
96.1
96.4
97.1
97.6
97.6
97.6
97.6
97.6
97.6
97.6
97.6
97.6
97.6
97.6
97.6
97.6
97.4
96.3
95.8
95.1
86.7
71.4
74.6
80.4
86.1
90.7
92.9
93.8
94.5
94.7
95.3
95.3
95.6
95.8
96.2
95.8
95.6
95.8
95.8
96
93.6
68.4
56.8
51.6
51.9
48.8
52.3
58.5
54.3
58.4
74.2
81.1
83.6
86.6
87.6
88
89.2
89.3
90.5
91.2
92.3
93.1
93.4
93.3
82.7
70.7
60
54
53.6
56.1
57.9
62.1
66.1
74.5
79.4
77
80.5
84.3
87.8
89.5
89.6
90.2
91.1
92.8
92.9
93.5
94.2
94.5
87.2
67.7
60.4
61.9
63
55.9
45.3
47.4
66.5
74.7
75.8
78.3
78.3
81.4
82.7
82.9
84.9
86
85
84.4
83.1
80.7
80.2
77.9
68.9
64.8
60.1
57.7
56.1
60
66.5
67.2
70.1
75
77.8
81.5
85.4
87.6
89.2
90.2
91.5
92.1
91.4
91.6
90.5
88.7
90.2
89.4
79.8
68.9
62.1
61.3
63.1
63.5
66.1
70.3
74.2
67.2
57.8
61.1
55.9
49.6
42.7
51.6
60.4
63.1
65.9
67.8
63.4
58.7
48
38.7
33.3
32.7
34.2
32.8
33.3
32.4
33.7
33.1
29.6
34.7
43.6
40.4
41.4
39.1
44.9
52.2
56.7
52.2
58.2
60.4
62.5
65.9
68.1
65.8
59.7
47.1
35.1
38
41.3
40.2
42.9
43.7
50.9
53.8
58.5
60.9
62.5
63.8
64.5
66
64.3
66.2
69.2
68.8
71.1
72.1
75.8
76.7
71.9
54.3
47.6
45.5
47.7
51.5
54.7
58.5
62.6
67.5
71.6
76.3
79.2
80.5
82.9
84.5
85.4
86.5
86.4
85.5
85.1
85.1
78.9
68.8
68
71.8
67.8
62.3
60.2
57.6
58.5
61.9
68.7
72.9
76.5
77.3
80
82.7
85
86.8
86.6
86.9
87.5
87.4
87
86.5
83.9
81.9
76.9
67.4
61.8
56.5
58.3
59.9
61
63.9
70.6
73.2
73.8
72.8
77.2
81
81.8
83.6
85.2
85.5
86.6
87.3
88.3
88.3
88.7
89.5
75.7
57.6
50.5
47.9
46.6
45.6
47.7
54
61.4
65.3
66.7
67.5
65.5
64.3
71.5
75.8
76.7
80.1
82.9
81.8
77.1
80.4
84.3
84.7
NA
60.8
52.2
51.8
48.3
46.9
46.5
47.5
55.8
60.9
63.7
66.8
60.6
57.5
60.1
59.4
67.1
71.7
62.2
65.1
72.4
74.7
76.6
73.8
60.8
56.1
53.7
50.9
51.8
52.9
53.8
56.4
64.8
70.5
74.5
75.4
74.4
76.6
76.2
74.3
71.4
68.9
69.3
74.8
77.1
79.8
80.4
77.1
59
43.1
37.9
36.1
32.8
35.7
38.7
40.2
47
55.2
62.6
65.3
68.4
70.9
72.8
74
75.3
74.9
76.1
74.3
74.5
76.7
76.8
72.3
53.3
42.9
42.6
40.7
40.1
38
39.3
41.9
52.7
63.4
68.4
69.3
70.7
58
54.9
56.4
62.1
72.2
72.1
70.2
67.2
66.5
67.1
67.2
65.3
62.4
60.3
59.5
58.2
58.5
59.6
62.5
63.9
65.7
64.9
65.2
66.7
67.9
66.7
65.2
64.7
66.1
67.3
68.3
68.7
67.9
66.3
65.7
66.3
62.8
58.6
57.5
55.6
56.1
56.5
59.7
66.3
71.9
76
77.7
79.2
82.3
85.6
86.2
85.9
86.3
87.1
88
88.8
89.7
90.1
90.3
84
73.4
66.9
60
56.6
54.5
55.5
57.5
65.7
72.9
76.9
80.3
82.6
85.7
84.9
84.3
85.9
86.1
86.1
87.3
88.1
89.3
89.4
87.5
64.7
53.7
48.5
49.8
52.9
50.4
52.3
53.4
56.5
61
62.7
59.8
46.7
45.6
47.8
52.4
55.4
58.3
56.7
56.5
56.5
56.6
55.4
54.4
52.7
49.3
47.7
47
46.6
44.8
44.3
47.4
53.2
57.9
61.6
67.3
71
72.6
75.9
77.4
79
80.2
81.4
82.3
83.4
84.3
85.2
85
68.7
58.6
56.2
55.6
52.7
50.7
50.1
53
61.8
69.9
74.6
78.2
81.4
82.6
84.1
85.5
86.1
86.4
86.8
87.6
88.2
88.8
89.7
89.1
71.9
59.1
51.9
49.8
47.5
44.9
44.2
48
54.9
58.8
63
69
72.2
75.3
77.4
79
79.1
79.2
79.9
80.7
81.7
82.4
81.3
79.8
74.7
59.9
52.8
52.2
51.3
50.5
51.8
57.4
63.7
69.5
75.1
75.8
74.6
72
69.6
70.8
75.4
78
80.7
80.9
81.2
80.3
80.4
74.6
68.3
61.9
61.6
61.3
NA
60.9
62.5
66.3
67.5
68.2
69
70.2
71.1
72.2
73.5
72.2
70.2
71.6
74.3
75.7
78.5
82.1
88.2
83.2
75.7
69.4
56.7
45.6
34.8
30
29
22.6
25.4
22.1
26.1
37.3
39.6
40.7
46.1
58.3
58.6
62.1
65.3
67.3
68.6
66.2
67.2
66.6
48.2
37.1
29
24.5
18.4
15.3
19.6
19.7
30.9
41.6
46.5
49.2
46.8
44.9
47.1
51.6
56.8
58.4
59.5
59.3
62
65.1
68.5
62.9
42.2
31.9
29
29.7
29.1
25.2
22.6
24.4
31.6
35.8
33.6
26.1
24
23.5
27.2
39.2
44.4
46.3
48.8
49.6
51.5
55
57.6
54.7
46
37.6
33.7
31.8
30.6
31.9
31.2
31.7
36.2
38.6
43.5
50.2
56.4
61
62.8
66
65.6
65.3
67.7
68.8
69.9
69.6
70.6
67.6
59.1
43.4
37.2
38.9
41
38
40.8
43.3
49.2
53.5
57.8
65.1
71.1
73.9
76.3
77.1
78.6
79
79
79.2
80.4
81.9
83.8
76.2
58.1
46.8
45.2
42.7
41.1
41.7
41.6
44.3
51.6
57.8
59.9
64.5
68.4
72.7
76.2
78.2
79.2
80.2
81.4
82.2
83.2
84.6
85.2
80.1
63.6
60.3
56.4
53.6
50.5
52.2
53.4
53.9
59.1
62.7
59.5
55.8
57.8
63.5
73.6
67.9
69
73.2
75.5
77.1
74.7
80.1
79.2
77.8
75.6
77
73.6
69.2
69.1
66
68.6
77.4
82.2
90.6
93.2
94.3
94.9
95.3
96
96.3
96
96.5
96.6
96.5
96.7
96.9
97.1
97.4
97.5
97.2
97.4
97.4
97.3
97.3
97.5
97.6
97.6
97.6
97.6
97.6
97.6
97.6
97.6
97.6
97.4
97.3
97.3
97.5
97.2
97.4
97.6
97.2
97.2
96.8
93.2
87.5
87.2
87
87.6
85.8
85.1
86.5
87.7
89.8
90.8
90.6
90.6
92
92.6
92.7
93
92.8
92.9
93.2
93.3
93
80
77.2
79.7
81
78
69.3
66.3
70.7
75.5
80.6
82.7
85.1
86.6
88.3
86.3
85.3
84.4
88.9
90.9
91.8
92.7
92
92.5
92.1
77.8
70.9
64.3
61
65.5
63.7
65.1
64.6
60.7
67.2
68.1
68.1
65.5
63.1
65.3
72.1
72.4
76.2
81.1
84.6
85.8
85.7
84.6
83.8
79.9
74.3
71.3
64.5
62.6
61.3
61.8
64
69.9
76.1
79.3
82.2
85
87.6
88.9
90.2
90.3
90.5
90
88.7
88.7
89.5
90.6
89.9
81.7
69.5
62.9
65.8
67.9
64.5
66
64.1
71.8
77.7
80.5
80.2
81.7
85.3
84.4
81.7
85
87.1
88.3
89.6
90.4
91.1
80.9
77.6
78.6
75.8
74.1
71.8
63.9
65.1
80.1
79.5
78.3
76.8
76.5
79.5
65.3
64.5
62.5
61.2
57.7
74.7
86.2
85.5
87.6
81.7
66.5
59.5
52.7
48.9
48.3
45.5
44.5
44.6
44.4
45.7
51.6
55.5
53.8
53.3
52.5
52.4
52
60.6
68
59.4
55.1
57
60.8
65.2
69.8
63.3
52.1
54.3
54.4
50.5
49.7
46.3
45.7
46.6
51.6
57
64.5
67.7
65.4
64.3
62.5
67.7
74
76.8
78.6
80.4
81.8
82.8
84.3
75.5
56.5
54.4
52.7
50.5
48.7
44.5
42.9
42.3
47.6
57.4
61.9
63.1
65
71.3
75.3
77.1
77.2
77.9
74.5
70.5
65.9
65.2
63.6
69.1
78.3
78
83.4
87.5
91.3
92.4
93.4
94.3
94.8
95
95.7
95.8
96.3
95.9
95.5
95.4
95.5
95.7
95.4
94.7
94.7
94.6
94
95.1
94.1
92.2
92.5
86.7
71.3
66.4
65.7
65.5
70.3
79.6
86.3
88.2
88.8
88.4
88.4
89.8
90.5
90.8
90.4
89.9
91
91.5
91.8
82.2
68.3
63.7
62.5
64.4
62.3
61
60.1
62.7
72.5
80.4
82.1
85.3
85.8
87.5
88.3
89.9
91
90.1
90.3
90.3
91.3
91.6
92
89.4
70.8
60.3
57.5
55.8
55.3
54.9
56.5
60.5
57.3
55
51.5
54.8
57.8
52
61.9
66.6
66.1
60.8
60.5
69.1
72.5
74.6
76.1
69.3
56.1
48
46.5
45.4
42.8
42.8
43.5
45.9
52.6
57.5
59
59.1
59.5
61.5
67.1
73.7
76.2
78.6
75.9
76.7
78.3
80
80
66.4
50.7
45.8
44.1
41.4
42.3
42
45.3
46.3
50.1
56.4
60
66.1
72.3
75.9
77.8
79.5
80.8
81
82.7
84
83.9
83.1
80.8
76.2
63.4
54.6
47.5
40.5
39
37.7
37.2
38
41.3
51.4
59.8
58.2
46.8
52.8
61
64.6
65.7
69.3
70.2
70.2
71
73.5
73.1
56.9
41.3
37.5
34.1
34.3
33.3
30.8
29.8
31.4
35.5
55.8
68
69.3
68.4
68.1
67.5
66
65.7
65.4
63.9
64.3
65.8
69.2
75.1
65.2
56.5
54.2
53.2
52.1
50.8
48
44.4
46.7
52.3
57.6
60.1
62.8
63.1
65.7
69.2
69.9
66.5
63
63
64.9
65.6
65.5
63.4
61.2
55.8
53.5
54.2
52
50.2
49.2
47.8
48.9
52.9
60
63.9
66.2
70
69.4
76.6
81.2
85
85.8
85.7
83.6
83.1
84.3
81.3
62.4
44.7
32.1
27.7
37.6
34
31.3
28.9
31.3
34.8
44.9
46.8
46
45.3
46.8
50.4
59.8
66.4
68
71
71.8
74.3
75.9
75.1
62.4
58.4
55.7
52.5
52.9
53.5
46.2
43.8
47.6
53.9
60.5
64.5
67.8
75.4
80.2
80.5
79.7
80.1
80.3
82.7
84.8
85.8
87.5
88
74.5
59.9
57.7
57
55.8
53
50.1
48.3
50
54
63.5
70
74.5
77.5
78.8
77.5
81
84.1
85.2
86.9
87.9
88.5
89.4
91
82.8
62.7
59
55.4
51.8
48.5
46.6
44.9
45.5
50.2
60.9
68.7
74.3
77.9
80.8
82.5
83.2
83.1
86.1
87.8
88.3
89.6
90
91.3
82.1
62.6
55.6
52.2
49.1
47.5
45.1
43.6
45.7
48.4
53.6
53.5
57
68.1
72.4
76.8
79
81.2
83.7
84.7
85.6
86.7
88
89.4
76.5
64.5
58.1
53.9
48.9
44.1
40
38.2
37.5
41
49.6
60.5
65
69.5
72.8
75.3
78.1
79.6
81.5
81.8
83.8
83.1
83.1
80.7
65.2
51.9
46
43.3
38.1
34.4
33
30.4
31.7
36.2
44.9
48.8
52
54.9
59
67.5
72.1
76.2
80.3
82.3
83.6
80.6
71
67.4
68.7
64
58
54.1
51.7
50.6
49.9
49.9
51
54
58.1
60
60.4
60.9
60.9
58.7
57.5
57
56.7
56
55.8
55.8
60.3
63.2
61.7
61.4
60.5
57.8
55
52.6
52.3
52.5
50.3
53.5
63.3
71
76
78.4
80.7
81.4
81.2
79.2
78.5
78.5
77.7
76.2
74.7
72.9
70.3
67.8
63.2
58.1
55
52.8
50.1
51
54.4
56.6
59.4
62
64.4
66.2
69.5
71.5
74.3
74.5
75.6
76.5
77
77.7
76.3
75.2
73.1
68
65.4
63.5
61.3
57.1
53.4
55.3
57.3
59.9
84
81.1
67.8
68.6
70.1
78.7
79
82
85.5
86.2
87.8
87.8
90.6
91.7
92
89.3
78.3
72.7
73.8
71.1
71.9
70.6
74
74.1
74.7
77.6
81
79.9
81.8
79.9
83.4
87
91
94
94.6
94.8
95.5
95.9
95.7
95.8
91.8
82.8
78
72.3
66.6
63.6
65.1
69.4
73.9
78
78.5
77.2
80.7
82.6
83.3
80.2
78.2
80.2
83.1
84.9
85.7
81.8
79.8
78.7
77.8
80.4
79
75
72.6
74.6
74.8
73.7
77.5
80.4
80.9
81.5
81.7
91
91.1
82.4
83.4
87
88.7
91.7
93.3
92.7
89.3
88.6
88.2
88.8
94.1
95.1
95.4
96.1
96.5
96.6
96.7
96.4
96.8
97.1
97.1
97
96
92.7
88.9
90.2
92.3
93
93.5
92.5
82.5
73.8
66.8
61
60.6
57.8
56.2
52.4
51.4
55.5
65.1
75.8
82.9
85.8
86.9
88.4
90.2
91
85.4
85.3
82.4
83.5
85.9
83.4
77.1
73.3
71.4
72.2
71.8
69.2
69.5
67.4
63.1
59.7
65.5
71.8
74.8
74.3
76
76.3
76.3
77
79.1
82.6
85.2
87.6
88.6
87
74.4
66.1
61.4
55.6
54.9
54.5
53
53.3
56.7
62.2
66.7
68.5
63.5
75.8
92.1
87.8
74
82.2
86
88.4
90
90.3
91.3
91
85.6
74.8
67.7
58.5
58.5
82.3
91
84.2
66
68.2
86.6
90
71.3
67
73.2
69.3
64.3
63.5
58.8
57.9
59
65.5
64.3
65.1
62.3
61.4
59.6
54.3
50.1
48.4
47.4
45.3
47.3
50.7
56.7
57.8
50.4
47.3
47.4
46.5
46.3
46.5
47.5
48
48.5
49.3
50.3
49.9
45.9
44.9
46.4
45.8
44.9
44.3
44.2
43.7
43.9
45.7
51.4
59.6
63.7
59.8
50.2
57.8
67.2
NA
71.8
73
74.8
79
80.7
73.4
55.9
49.6
45.3
42.5
42.4
41
38.6
37.8
37.4
38.6
46.2
56.8
64.5
68.5
66.7
59.1
66.5
71.3
74.6
77.4
80
81.5
81.5
70.3
53.9
48.7
NA
44.8
40.8
38.8
37.8
35.3
34.8
35.6
43
51.9
59.1
62.1
49.8
53.9
63.2
68.9
72.7
76.3
78.2
80.2
80.3
67.8
54.8
53
53.6
50.5
NA
43.9
40.7
39.7
40.2
42.3
51.2
57
55.4
54.2
66
67.6
66.2
71.1
78
82.8
85.2
87.2
88.6
82.8
62.7
56.4
56.5
52.1
50.4
49.6
48.4
46.6
45.6
47.6
55.4
61.9
67.9
NA
75.3
77.5
74.5
NA
NA
82.2
82
76.7
NA
NA
69.1
67.5
63.8
NA
NA
56
53.2
54.3
NA
NA
65.7
65.2
76
NA
77.1
78.5
71.2
NA
NA
65.5
66.1
64.9
NA
64.7
64.2
63.2
NA
NA
70.4
70.5
84.9
NA
NA
89.1
90.8
93.2
NA
95.3
95.3
94.4
NA
95.3
96
96.3
96.3
NA
96.6
96.5
96.2
NA
NA
87.7
74.4
68.9
NA
NA
65
65.6
70.1
NA
72.2
73.6
64
64.8
75.6
76.9
76.2
80.5
77.7
76.8
NA
NA
70.4
69.7
69
NA
NA
66.2
73.6
75.6
NA
77.5
79.6
79.8
NA
77.6
81.8
83
86
NA
94.8
95.5
96
NA
96.5
96.8
96.8
NA
NA
96.6
95.8
92.9
NA
NA
91.7
91.3
91.4
NA
92.3
92.9
93.5
93.9
93.6
93.5
92.9
92.7
91.5
90.4
90
NA
90.9
92.4
91.4
NA
NA
84
88.7
92.7
NA
92.7
90.7
92.1
93.4
93.8
93.9
93.9
94.2
93.9
94
94.8
95
95.5
95.8
93
79.7
71.2
72.1
NA
67.1
63.3
58.2
NA
NA
57.5
64.8
77.6
NA
86.9
89.4
90.7
91
91.5
91.9
92.5
93
93.7
93.9
NA
NA
62.4
60.4
55
51.1
48.6
47.8
49.8
46.9
52.6
62
68.7
70.6
69.6
69.7
72.9
71.3
70.3
72
79.3
81.7
84.6
88
77.1
64.3
57.9
55.1
53.6
52.7
51.2
49.5
45.9
NA
NA
57.1
66
71.8
75
65.2
61
62.1
60.5
59.1
57.6
NA
NA
55.9
56.2
58.1
NA
NA
93.1
95
94.7
NA
94.9
86.7
73.5
77.6
86.2
89.6
91.6
89.9
88.3
89.5
88.3
88.8
87.1
85.3
87.9
89.5
82.4
69.6
67.6
62.5
58.7
57.1
63
58
51.6
58.2
64.6
65
70
70.8
71.5
77.3
78.6
79.3
82.6
82.8
83.7
85.4
86.5
86.5
71.5
61.7
55.2
55.3
56.3
55.5
52.1
48.9
47.2
46.5
46
53.9
61.9
60.2
58.5
60.5
63.2
62.4
67.5
69.8
70.7
70.4
70.2
72.5
69.7
60.7
57.7
62.9
74.8
86.2
92.9
94.2
94.8
90.4
82.2
79
78.4
88.5
94.5
95.3
95.8
96
96.1
96.3
96
95.9
95.8
96.1
96.1
95.5
94.5
92.2
87.9
86.3
80.6
79.8
79.3
91.7
94.8
95.6
96.3
94.9
90.1
91.4
93.6
94.8
95.3
95.8
96.1
96.3
96.7
96.6
94.3
79.7
72.4
67.9
64.3
60.6
58.7
55.3
50.3
52.3
55.7
67.3
76.3
89.7
93.3
85.5
75
72
69.1
68.4
68.2
69.8
66.3
66.2
66
62.6
59.3
57
54.1
50.9
50.1
52.7
52.1
52.8
53.5
58.9
69.5
78
81.1
83.7
85.2
85.8
72.9
75.3
80.3
82.3
83.6
79.8
NA
61.2
55.6
NA
53.3
54
56.2
58.4
61.7
63.7
67.2
70.7
73.2
75.3
76.5
76.1
74.5
76.1
78.2
79.4
81.5
83.1
84.1
86.6
89.3
90.5
94.3
95.5
95.8
96
95.7
92.6
88.1
71.6
73.9
81.4
90.2
93.2
94.3
95.2
95.1
95.5
95.8
96.3
96.6
97.1
97
97.1
97
97.2
97.3
97.1
96.9
96.4
90
75.6
70.7
68.2
74.8
77.4
78.2
77.5
76.6
80.2
86.5
89
88.3
87.8
90.7
92.4
93.5
93.7
79.4
67.2
64
61.6
53.2
50.4
44
39.8
39
37.2
37.6
47
63.4
72.2
75.2
78.9
81.2
80.1
81.6
85.2
86.3
88.6
90.7
90.9
74.6
66.9
60.5
57.7
56.3
54.7
51.9
49.8
44.5
44.5
46.7
52.9
66.5
74.5
77.5
81.6
84.5
86.6
87.2
88.5
89.1
90.1
91.3
89.8
72
63.5
64.5
59.5
57.8
56.6
54.6
53.9
55
52.4
53.7
60.7
65.3
68.2
75.1
81.4
84.8
86.3
88.3
88.8
90.1
90.7
90.9
90.3
82
74.8
64.5
61.5
58.5
56.7
54.5
53.5
53.4
55.5
56.4
60.3
63
62.6
61.9
62.4
62.8
72.4
79.2
82.8
85
86.3
89.1
87.6
72.5
62.5
57.8
55.2
52.6
51.3
49.8
48.5
48
47.3
49.3
53.4
58
57.8
56.8
59.1
54.7
55.2
68.4
70.6
76.7
81.4
83.4
79.6
62.8
52.3
50
49.7
48.9
47.4
46.2
44.8
44.4
43.5
44.7
51.9
63
70
75.5
68.7
61.5
57.3
60.3
75
81.9
84.6
86.6
80.6
66
61.7
58.1
53.2
51.1
49.7
45.3
41.4
41.6
41.8
43.9
48.1
54.3
58
59.3
57.1
65.5
67.8
76.7
80
82.1
82.4
80.4
75.6
69
60.9
61.4
54.6
47.8
42.9
38.8
37.6
40.6
41.3
40.6
46.9
55.6
63.6
67.3
79.5
69.7
78.6
80.3
84.8
87.7
88.8
90.7
85.4
67.6
59.3
55.2
53
52
52.7
50.1
47.5
46.4
45.7
46.8
57.6
64.7
62.1
67.9
70.3
71.2
78.5
90.3
83.1
82.3
85.2
85.9
84.9
83.4
76.2
68.4
65.4
61.2
62
69.8
77
79.8
67.7
69.5
70.3
73.2
79.9
82.6
85.7
88
89.8
91
91.9
92.2
93.3
93.6
92.9
76.2
60
55.6
51.4
48.7
45.5
40.5
38.6
36.1
37
38.9
46.6
55.9
39
48.1
54.4
58.9
56.7
56.3
54.8
70
76.9
80.6
70.5
56
49.4
43.6
40
33.1
34.3
31.4
31.5
30.8
27.5
26.8
31.8
38.7
44.1
48.1
47.3
50.3
58.5
60.9
64.9
69.9
76.8
79.5
71.8
60
56.1
52.6
48.8
43.9
36.4
30.6
29.9
26.6
35.9
43.3
47.9
53.9
61.4
68.5
73.6
73.2
69.2
66.3
58.8
48.6
53.5
54.5
68.7
79.1
88.8
93.3
91.6
72.5
68.2
62.6
56.4
52.9
51.4
52.4
57
62.5
65.6
68.9
70.6
69.1
69.7
71.3
72.3
71.1
70.3
70.3
72.4
79.5
80.4
77.9
74.8
72.1
60.4
59.9
57.9
61.5
67.2
70.5
72.2
76.4
81.5
82.7
82.7
82.8
82.8
83.5
83.3
84.4
87.4
90
84.2
68.3
62.3
62.4
60.2
56.5
53.3
55.9
87.6
74.7
58.5
56.7
57.9
59.5
66.4
72.4
75.8
77.1
78.9
79.5
78.8
77.1
78.9
84.2
78.8
67.7
59.2
48.6
43.9
42.3
39.7
38.8
37.9
38.3
40.4
41.8
46.8
54.3
59.4
59.5
62
70.1
72.7
71.5
73.5
73.3
72.9
73
69.8
63.5
56.5
48.6
44.7
41.1
39.3
38.4
36.9
35.4
34.1
37.5
44.4
48.2
49.7
54
58.3
57.4
52
54.4
61.7
61.1
62.7
66.7
66.1
52.4
50
46.1
63.7
85.6
90.6
93
94.7
94.8
93.7
90.6
88.2
87.3
86.5
85.4
85.3
86.5
87.9
90.1
90.9
91.4
92.5
93.2
92.3
78.8
70.4
68.4
64.3
61.6
59.2
57.7
54.8
53.5
56
59.2
62.5
66.6
71.9
74.9
76.4
78.4
78.8
77.9
76.2
76.3
75.7
72.8
69.4
79.7
76.6
69
65.8
64.1
62.7
62.8
60.5
66.5
60.3
62.7
63.1
63.3
65.3
64.8
63.7
70.1
73.9
77.6
82.5
85.5
88.1
88.1
80.8
67.1
61.3
56.7
55.6
55.9
52
47.4
44.9
48.1
54.6
54.3
73
92.2
93.4
95.3
95.8
96.4
96.1
96.6
96.8
95.9
96.1
96.6
96.8
96.8
96.9
94.8
86.2
86
90.1
93.3
85.2
76.1
72.8
74.7
76.8
77.6
82.2
88.2
82.3
86
90.4
92.3
92.8
93.5
94.1
94.5
88
58.9
48.1
46.8
41.9
41.5
43.3
43.1
44.1
43.3
41.7
42.1
48.7
58
61.5
61.6
64.2
62.4
60.5
59.9
55.7
51.5
55.7
67.6
62
61.5
59.4
57.9
54.5
52.4
49
46.5
45.3
45
44.1
45.4
51.9
63.3
72.4
74.2
67.9
73.3
79
84.3
86.3
87.8
89.7
90.5
83.5
69
58.6
54
52.8
51.6
49.8
47.6
48.4
45.6
46.2
49.5
54.9
60.2
63.5
61.2
62.4
61.6
59.6
61.9
59.5
62.1
72.7
74
72.9
63.4
59.8
57.5
54.5
49.1
45.4
38.8
36.9
36.4
36.9
39.2
44.6
47.6
50.5
61.7
57
52.7
54.7
60.3
68.1
67.8
71.5
72.3
72.1
73.6
68.7
58.1
47.5
49.7
47.8
49.5
52.8
86.9
94.2
94.9
94.8
94.9
94.5
93.5
93.7
93.7
93.5
93.2
93.3
93.4
94
93.3
81.3
64.8
56.5
52.7
51.9
48.6
47
46.9
46
45.1
45.1
47
50.5
60.4
65.8
66.3
71
78
82.4
84.2
85.7
87
88.5
89.5
79.1
63.3
55.1
53.9
52.3
52.1
51.8
49.2
47.6
46.8
47.6
49.5
53.8
62.7
71.9
76.9
79.7
80.8
83.6
86
87.7
87.8
86.6
88.2
80.6
63
56.6
53.9
52.5
51.3
48.4
48
46.8
46.1
45.1
47.2
51.3
61
69
73.4
76.8
79.6
80.7
82.8
85
86.4
87.7
88.8
75
59.9
55.4
51.1
47.1
45.8
42.5
NA
41.2
40.6
40
41.5
NA
58.8
65.8
70.5
74
77
78.7
80.9
82.2
83.8
84.7
85.5
76.5
63.9
55.2
49.1
46.7
45.8
NA
NA
NA
41.3
39.3
41.2
NA
63.1
68
71.7
74.3
75.5
77
79
79.4
81
83.2
84
NA
NA
53
52.1
48.7
NA
NA
NA
36.5
36.1
36.2
NA
45.3
56.9
63.2
67.2
70.3
73.4
75.8
77.9
79.2
80
82.2
NA
NA
59.4
54
49.1
NA
NA
NA
42.1
41
40.9
NA
NA
46.1
49.5
51.8
53.5
55.5
60.9
62.8
64.8
67.1
66.5
72.3
NA
NA
56.8
51.5
45.3
NA
51.7
53.7
53.6
52.6
64.5
70.5
67.3
65.4
65.5
65.3
64.3
64.6
64.8
88.3
93.2
86.2
73.2
70.2
68.2
64.3
62.2
62.5
59.9
50.3
47.8
44.9
43.8
44.5
43.7
44.7
44.8
47.8
57.6
63.8
63.8
60.9
59.2
58.5
60.5
62.8
62.2
59.7
53.1
54.1
50.8
47.3
45
43.6
44.4
42.9
40.7
39.8
40.4
39.5
41.2
44.8
52.8
61.2
66
70.3
63.2
65.8
73.9
76.9
79
82.9
83.3
70.4
59
55.5
51.7
49.1
44.3
44.4
43.1
41.6
41.6
40.9
41.6
44.2
50.8
59.2
64.2
62.5
61.6
56.3
55.5
64.5
65.5
67.4
69.2
64.7
52.2
49.5
53.1
44.4
43.4
42.9
43.2
42.1
41.7
43
46.7
51
56
61.1
64.9
68.9
69.9
70.2
73.1
73.5
77.2
80.7
80.6
74.8
76.5
77.1
72.6
68.9
65.8
57.2
56.8
58.5
57.9
57.4
56.7
61.1
65.2
67.4
67.8
64
63.1
62.3
61.5
65.2
68.1
68.5
73.6
68.9
71.1
66.7
62.8
58.1
54.3
52.7
49.3
63.4
57.9
48.9
47
NA
59.8
67.5
71.3
74.6
76.5
73.5
73.8
74.2
76.3
79.9
81.2
70.7
58.9
56.4
56.2
53.9
51.3
49.2
NA
NA
NA
53.1
53.1
51.4
55.9
65.3
65.8
65
65.3
65.1
60.9
53.2
45.2
58.4
67.2
65
59.8
54.9
NA
NA
40.5
40.7
39.2
37.2
36.3
37.7
40.2
42
45.8
46.3
47.3
49.8
46.6
39.5
35.5
37
43.1
44.4
46.9
55.7
54.2
39.3
34.6
33.1
34.6
38.4
45
37.3
35.6
41.1
41.4
44.2
51.5
58.8
58.1
60.6
68.3
71.1
72.3
75.3
77.9
80
81.1
67.5
51.1
40.1
38.9
39.1
38.1
35.9
35.1
NA
35.5
35.4
37.4
38.3
45.3
53.8
58.8
61.6
66.6
71
68.9
69.4
72.8
75.5
77.6
66.9
57.3
51
50.3
47.7
45.4
41.1
41.3
40.8
44.5
42.7
45.7
50.2
52.1
55.3
58.3
61.7
63
64.2
65.4
66.8
65.9
66.3
67.7
65
61.9
57.7
57
53.1
51.5
49.4
47.6
46.2
46
45.3
48.7
51.4
54.6
60.8
61
64.7
67.9
69.8
72.7
76.6
78.4
78.8
78.2
76.7
72.6
71.7
69.5
62.5
58.8
53.4
51.6
48.5
48.6
46.4
50
54.7
58.4
59.2
58.5
62.1
67.6
68.9
68.2
66
64.6
62.5
69.3
75.8
89.7
93.9
94.5
94.4
93.8
95.2
92.5
75.6
73.8
71.5
74.8
73.2
72.7
73.5
74.8
81.5
89.8
93.8
94.8
95.1
95.5
95.5
95.5
95.4
95.2
93.7
NA
62.8
57.2
53.8
55.5
52.3
52.3
60.8
55.9
57.6
69.3
75.1
81
87.2
85
87.8
90.6
95.5
97.2
100
99.9
77.7
61
53.1
48.5
44.2
36.4
36.6
36.1
41
39.5
37.4
37.3
41.9
54.6
63.5
67.2
70.3
71.2
61.2
70.6
75.3
75.4
74.3
74
64.5
51.8
38.5
36.8
38.6
37.3
39.9
42.5
43.6
41.7
41.5
42.4
47.3
55.2
69
73.4
75.2
75.7
80.1
82.4
84.8
83.8
85.5
83.9
67.6
56.6
46.7
40.4
39.5
38.4
37.1
34.5
35.8
35.4
33.8
34.3
39
44.1
49.4
59.1
63.5
67.5
67.8
53.2
46.6
49.7
59
59.3
51.7
48.8
45.1
41.9
39.3
39.8
39.4
39.3
35.4
35.1
35.2
37.4
39.8
69.9
84.3
88.7
57.6
46.7
37.8
34.1
34.6
35.1
35.1
38
40
46.6
44.5
41.4
39.5
38.4
37.4
37.6
36.8
36.9
37.5
39.4
42.1
48.9
54.1
45.8
38.8
38
38
37.8
37.5
34.4
33.2
40.3
42.5
34.6
28.7
28.8
28.7
29.5
29.7
30.3
30.3
30.4
31.5
34.3
39.9
45.5
51.3
48.1
50.8
43.8
44.7
42.3
55.6
63.5
70.3
71
55.1
44.2
34.4
34.5
37.2
35.9
35.2
33.3
32.8
33.5
37.5
34.8
38
54.2
64.8
64.5
49.6
45.9
37.1
39.5
53.2
61.8
66.8
68.1
57.3
45.6
41.4
41.4
42.7
41
39.5
35.5
35.1
37.4
38.1
38.1
40
48.3
61.8
65
61
54.4
54
64.2
73.3
77.3
80.5
76.8
63.6
52
45
45
43.6
42
41.6
39.7
39
39.5
38.4
39.7
42.9
49.6
60.4
66.9
56.1
54.9
57
67.6
75.4
76.5
78
80.2
69.6
60.5
55
50.4
46.1
48.2
48.4
46.4
44.4
44.2
53.3
50.4
41.9
43.5
47.6
50.9
56.1
63.4
73.8
73.6
75.2
80.5
83
83.6
67.1
55.9
50.4
47.3
44.2
40.9
37.4
34.8
33.6
29.9
28.9
31.5
34.2
41.4
44.7
43.8
47
53.5
57
58.3
66.5
78.3
82
80.3
66
57.5
51.9
44
40.7
40.4
38.8
39
38.5
39.5
39.6
41.9
44.8
52
61.1
65.7
65
64.4
54.1
54.1
53.1
53.4
56.7
65.6
62.5
56.9
55.2
50
47.7
45.3
41.6
38.8
37.6
33.2
36.1
35
39.9
48.2
57.7
62.5
66.3
69.7
68.7
54.8
54.8
53.5
53.9
69.7
68.3
56.8
43
40.3
39.1
41.7
39.5
39.1
39.6
43
41
48
75.1
94.4
94
97.1
93.6
99.4
97.4
100
100
100
100
100
94.7
73.7
57.5
52
48.2
46.7
43.4
43.7
43.4
35.4
33.8
37.9
40.6
53.8
69.7
75.9
75.5
73.3
65.1
63.2
60.4
69.8
95.1
76.8
85
87.3
97.7
85.7
70.1
66.9
62
57.9
47.4
43.8
40.8
45.4
53.8
67.3
79.5
87.3
83.9
95.6
100
100
100
100
100
100
83.5
63.1
48
46.8
37.1
27.4
25.8
28.8
27.4
24.6
22.6
23.9
27.9
41.4
54.3
62.4
59.8
49.9
62.8
54
63.6
71.6
57.4
49.9
47.5
28.2
29.4
31.9
32.5
30.3
31.1
31.2
30.2
29
30.5
31.9
34.5
39.2
40.4
40.4
42.7
42.8
39.1
33.1
32.2
31.4
38.1
50.1
45.2
39
37.6
36.8
35.3
38.2
34.2
33.8
34.1
33.8
33.8
39.4
47.2
52.7
54.1
55.5
44.6
44.8
42.2
72.3
87.2
90.6
84.6
84
95.6
93.5
92.9
91.6
90.7
86.9
68.5
NA
NA
45.4
41.4
39.1
37
35.7
39
40.3
51.8
69.1
79.2
80.2
51
40.2
37.2
61.4
54.9
43.8
37.5
35.8
35.8
35.6
35.2
35.9
36.7
NA
NA
38.7
38.5
51.2
56
57.1
71.3
70.2
52.3
62.9
62.6
58.4
48.7
45.9
49.3
45.1
40.1
39.1
NA
NA
47.5
37.2
36.8
36.3
40.4
48.5
71.8
63.5
70
76.9
81
98.9
100
100
100
99.4
99
100
91.7
73.1
62
NA
55.2
52.4
46.9
45.1
41.9
38.1
38.5
NA
NA
62.7
67.1
66.8
51.6
54.4
63.1
61.6
59.3
68.4
88.5
94.2
72.8
68.8
61.2
51.6
47.6
48.3
55
84.8
72
58.9
51.7
NA
65.8
96.5
100
100
100
100
100
100
100
100
100
100
100
85.3
68.8
61.2
54
54.5
53.9
46.9
41.5
45.5
61.6
77.1
87.4
87.3
89.5
90.5
95.7
95.7
99.7
98.1
98
98.9
100
100
80.1
65.4
53.2
47.9
45.5
46
44.7
43
43.7
44.3
46.2
45.5
53.9
55.5
63.6
59.3
61.4
73.4
85.3
95.7
96.3
96.2
99.5
100
75.9
59.8
52.4
46.1
42.8
42.3
38.3
36.9
34.1
40.9
32.1
31
39.1
37.7
41.7
62.8
77.6
71.2
77
82.9
85.2
90.5
90.1
83.8
67.9
50.2
43.9
43.8
41.6
40.1
38.5
40.6
38.3
40.1
41.3
42.6
48.7
55
66
75.3
76.5
78.1
82.8
85
89.4
91.2
89.2
91.7
74.4
59
50
44.9
44.3
41.2
37.9
36
38.4
40.9
41.5
42.8
44.5
54.1
65.6
72.8
70.5
80.3
86.2
85.5
87.4
88.5
85.1
81.2
68
55
50.5
45.6
43.6
40.9
40.9
38.6
38.3
36.5
29.1
32.5
36.2
43.4
47
57
68.6
76.6
79.7
83.1
88.1
92.8
95.4
92.2
70.3
62.2
52.5
50.6
49.5
51.9
48.8
45.9
46.7
48.5
49.9
49.1
53.1
56.9
60.3
68.5
72.1
83.7
73.6
70.7
83.5
91.1
98.3
98
85.8
70.8
60.3
55.2
54.1
52
49
47.2
45.3
46
44.7
44
45.6
58.4
71.1
73.8
75
71.2
65.5
63.1
63.8
65.7
65.9
64.2
61.5
60
66.2
61.6
54.3
50.4
46.8
47.4
NA
NA
NA
44.9
50.3
59.6
57.8
54
54.3
50
57.4
61.3
84.3
89.3
NA
NA
71.8
66.8
57.2
NA
NA
43.8
41
36.6
36.8
37.5
38
40.5
42.3
54
67.7
72.9
76.3
75.5
80.5
50.2
45.7
44.6
60.2
77.5
67
54.5
46.9
38.9
34.5
NA
NA
37.8
37
37.1
35.3
36.3
39.8
47.6
63.1
73.6
79
81.7
82.7
85.8
87.5
88.8
96.1
100
81.5
62.3
51.1
48.5
47.3
43.9
43.3
40
35.7
28.8
31.3
32.4
32.8
44.4
58.7
59.8
55.8
55.8
53.6
52.5
61.1
70.6
72.5
76.9
70.7
59.3
49
45.7
44.6
43
42.9
41.1
39
36
41.1
44.3
45.8
53.9
55.9
49.8
43
78.2
66.9
85
70.1
90.1
99.5
100
81
64
53.3
49.6
43.1
39
39
38.7
38.8
40.9
44.9
44.3
43.7
56.3
70.3
78.2
78.1
83.3
77.8
84.3
74.2
67.9
61.4
69.3
62.1
59
58.2
53.8
53
53.3
50.5
47.3
47.3
45.1
44.9
46.9
50.1
59.2
76
87.8
90.7
91
88.2
71.5
72.3
82.3
84.8
90
80.8
67.9
61.2
58.6
53.5
49.9
49
47.3
45.6
43.7
42.8
47.5
52.1
56.9
61.6
68.1
71.1
66.2
73.5
75.3
77.2
78.1
85.6
88.6
87.7
78.5
72.6
65
58.5
53.8
51.5
49.4
44.7
41.9
42.6
45.3
47.8
58.3
73.5
78.1
77.3
67.1
66.5
62.4
71.5
86
88.8
91
79.7
70
62.3
57.2
54.5
52.6
50
47.1
46
43.5
41.9
43.8
49.2
60.1
73.2
75.3
85.9
87.3
88
90.2
91.1
94
99.8
100
82.2
62.3
51.8
46
42.6
41.7
40.2
37.8
34.8
37.5
36.5
39.3
46.4
59.9
73.9
77.5
85.2
87.2
88.3
82.1
89.3
93.3
98
99.2
80.7
62.7
48.4
44.4
41.3
41.4
42.5
43.6
42.5
44.9
43.9
47.7
48.7
55.5
68.5
75.5
74.6
74.5
69.2
58.5
55.4
70.3
80.8
87.7
76
59.8
50.3
46.9
44.8
41.7
38.9
37.9
39.1
36
37.5
42.9
43.9
47.5
58.6
63.1
64.8
71.5
79
79.5
85.8
91.3
91
91.8
77.6
60.4
56.2
56.9
52.4
50.9
45.1
40.2
34.1
31.5
32.4
39.5
37.8
33.8
46.2
58
65.4
64.9
71.9
75.1
79.7
80.4
84.8
88.2
70.8
53.3
45.8
40.4
37
33.9
30.4
31.7
32.8
31.4
31.9
31.6
38
41.5
42
41.8
44.6
47.8
50.4
52.3
49.8
40.8
41.1
40.9
40.8
54.2
47.7
43.6
43.9
47.1
66.6
55.8
44.2
37.9
40
36
41.7
48.3
88.7
81.2
82.2
88.1
99.8
99.5
100
100
100
100
94.3
72.9
57
48.7
47.9
47.5
42.5
45.2
48.7
49.8
86.1
74
73.3
95.3
98.5
99
100
100
100
100
100
100
100
100
92.5
59
37.1
28.9
27.9
30.5
29.9
28.2
26.4
24.9
24
27.3
29.9
27.6
25.3
29.5
39.3
56.7
61.8
65.5
63.1
64.2
67.1
71.1
64.3
41.1
32.7
24.6
21.7
22
22.9
24.6
24.3
24.7
24.6
25.2
29
43.7
54.5
56.2
59.5
64.3
60.4
37.6
49.6
65.5
77.8
81.1
69.9
50.7
46.9
37.6
39.5
38.6
33.9
35.4
37.3
42
43.4
44.6
49.2
43.4
42.1
41.3
38.2
46.4
47.4
42.9
39.9
43.4
49.3
60.5
61.2
62
59.9
57.8
56.1
49.3
46.7
48
49.1
51.5
50.6
50.9
51
55.5
57.6
53
52.7
53.8
67.6
79.1
84.9
83.3
88.4
99.2
84.5
58.9
49.2
45.1
40.6
40.1
35.7
35.5
29.7
28
29
27.8
31
40.4
33.9
44.7
47.2
41.4
36.1
34.9
34.9
33.4
34
38.3
38.2
34.8
32.3
30.1
28.1
25.7
24.3
23.2
23.5
23.6
24
25.3
30.7
44.2
58.3
63.6
64.8
46.8
46.9
53.4
65.7
75.6
78.1
83.2
68.6
55.8
50.9
39.8
38.2
47
50.5
52
52.6
47.5
46.3
47
49.8
54.8
56.9
64.3
66.8
69.8
74
77.4
84.3
90.1
98.5
100
95.7
71.6
56.8
50.5
62.5
77.8
84.3
66.4
73.6
66.9
61.7
62.5
67.2
77.6
97
100
100
100
100
100
100
100
100
100
100
93.6
76.5
68.1
64.2
68.4
59
52.6
46.9
43.9
43
44.1
50.1
67.8
75.1
69.5
69.4
67
92.9
100
84.2
86.8
100
100
97.4
70.9
59
52.9
49.5
45.8
44
41.9
42.1
41.9
43.7
51.7
34.4
43
57.2
48.9
51.4
55.8
65.5
61.5
69.6
65.6
59.6
70.7
79.7
73.9
55.7
48.2
43.8
43.5
44.6
43.5
43.6
47.9
52.1
91.5
100
100
100
100
100
100
100
100
100
100
100
100
100
100
75.1
55.1
48.9
43.6
45.8
60.6
61.9
46.1
37.4
36.1
45.8
44.9
60
80
86.8
97.8
100
100
100
100
100
100
98.3
88.2
76.5
67.6
51
36.3
32.2
30.4
31.3
33.6
36.5
38.7
45.5
50.2
53
50
49.1
51.3
77.3
96.1
100
100
100
100
98
63.2
37.7
33.2
30.6
28.8
29.9
28.1
26.3
22.1
19.7
22.5
41.1
54.9
61.4
47.2
34.8
39.3
41.6
38.1
35.7
33
33.4
31.9
39.9
34.5
27.8
28.9
30.3
29.9
32.6
32.5
32
32.4
35.5
41.5
47.5
56.7
67.3
70.9
66.1
53.5
63.6
74
74.1
78.1
80.5
88.3
82.3
68
51.1
47.5
43.2
41.9
39.2
36.3
34.8
32.9
31.3
32.6
39.8
55.7
64.2
71.3
72.7
62.2
66
62.1
51.5
47.7
47.4
58
64.4
67
65.4
59.7
78.3
70.8
99.1
69.6
48.6
39.7
40.7
44.2
43.8
51.6
46.3
41.6
54.4
70.1
75.8
75.5
77.6
75.3
83.2
99.7
100
100
100
100
100
100
95.7
80.9
73.4
67
71.2
76.8
84.3
95.8
100
97.8
97.4
86.1
89.2
100
100
100
100
99.6
86.9
76.1
66.2
65.3
69.3
79.7
87.5
85.5
85
98.5
100
100
100
100
100
100
100
100
100
100
100
100
100
100
100
100
98.1
90
69.9
60.7
53.7
51.9
46.8
47
48.4
50.2
57.9
70.5
91.7
100
100
100
100
100
100
100
100
100
100
90.5
71.7
56.7
51
44.5
38.5
33
32.8
36.1
36
41.5
55.1
60.5
62.4
77.6
86.2
72.3
78.7
90.8
100
100
100
100
100
93.3
78.3
68
62.7
55.4
55.4
56.7
50.7
47.1
47
50
57.3
62.9
65
66
70.6
69
70
67.1
69.9
70.4
72.2
67.6
65.4
62.4
60.1
57.3
52.7
53.3
53.8
48.3
44.8
45.2
46.6
51
60.9
76.4
85
85.8
87
85.8
87.7
86.6
85.3
82.4
82
85.6
83.5
65.6
63
65
63.5
60.8
52.1
52.3
53.1
54.4
56.9
NA
87.8
95.1
93.1
99.2
95.3
91.3
100
100
100
100
100
100
100
100
100
100
88.8
68
62.5
58.6
53
50.1
52.7
59.9
68.1
80.4
85.2
91.1
98.7
100
100
100
100
100
100
100
100
95.6
62.7
51.6
43.6
41.8
41.6
40.4
40.2
39.7
41.1
44.5
60.1
80.5
95
99.9
100
100
100
100
100
100
100
100
100
95.2
65
53
45.4
44.9
43.8
41.2
40.4
41.6
41.6
47.4
52.5
53.1
55.8
59.4
51.5
53
76.2
94.2
100
100
100
100
98.4
70.2
51
45.5
43.9
41.9
42.4
43.8
40.1
41
42.7
47.1
60.9
60.4
69.3
85.5
94.6
92.7
96.8
98.5
96.5
95.3
98.4
98.5
94.7
69
55.4
53.9
50.4
45.3
40.5
40.7
40.3
39.9
42.2
45
59.7
76.7
87.4
95.3
99.8
100
100
100
100
99.4
100
100
100
80.9
56.7
46.6
42.8
40.9
41.2
40.8
39.3
37.8
36.4
40.1
53.4
62.9
63.7
58.4
57
49.1
60
71.9
73.7
76.9
78.5
82
83.7
63.4
53.9
45.3
39.3
39
37.5
37
37.7
40
46.3
47.1
67.8
84.1
99.8
100
81.1
66.6
81
99.4
100
100
100
100
100
79.1
49.4
45
43.7
42.2
40
39.7
37.5
36.8
40.7
43
43.7
46.5
57.7
54.1
63.3
72.8
73.5
62.3
51.1
52
49
45.6
46
58.6
59.7
52.8
46.5
41.1
38.6
37.1
32.8
35.8
36.9
39
48.4
60
59.1
46.7
60.5
72.6
57.1
50.7
51.2
61.5
74.4
96.5
100
69.2
51
39.4
37.3
36.1
33.3
31.5
31.2
31.5
35.9
40.5
49.4
52.5
51
54.2
56.1
59.9
64.5
67.3
62.9
69.4
61.7
50.9
48.2
45.6
42.9
41.6
41.4
42.6
42.4
42.8
46.6
49.4
50.6
56.1
70
66.4
69.2
73.3
83.1
79.2
85.5
90
97
100
100
100
100
89.4
84
60.3
52.4
50
49.4
51.4
49.8
52
54.7
56.8
55.8
57.5
61.9
95.4
100
100
100
100
96.3
87.3
80.2
73.2
68.5
63.1
61.8
64.2
78.3
79.5
92.9
100
89.3
88.8
90
100
100
100
97.2
85.8
95.5
100
100
100
100
100
100
100
100
100
87.2
63.5
63.8
67.8
52
47.1
44.6
46.4
46.8
51.1
61.4
67.3
79
86.8
79.6
71.3
89.5
100
100
100
100
100
100
98.5
91.9
64.6
51.4
50.9
53.1
61.1
44.6
42.8
69.3
55.6
55.4
74.5
70.7
79
95.8
100
100
85.8
97.5
100
100
100
100
100
100
83
65.8
55.2
48
46.4
45.8
50.5
55.1
64.9
79.5
91.2
86.7
91.3
98
96
98.4
100
100
100
100
100
100
95.3
64.5
53.1
44.7
41.3
38.4
34.4
32.8
33.6
35.5
40.5
66
81.3
99.4
100
100
100
100
100
100
100
100
100
100
82.8
56.1
44.7
41.3
40.8
39.9
36.9
36.6
37.3
40
44.4
53.4
63.1
78.5
97.6
100
100
100
100
100
100
100
100
100
98.5
68.7
54.8
46.3
41.5
38.9
38.6
37.3
39.3
42.2
51
68.3
83.4
90.5
98.5
100
100
98.7
78
89.8
98.7
100
100
100
89.4
60.7
54.6
50.6
51.1
49
46.2
48.1
48.5
50.8
53.6
73.9
88.7
90.4
99.9
100
100
100
100
100
100
100
100
100
94.3
75.7
60.2
56.3
56.8
67.8
100
100
99.7
98.1
96.5
100
100
100
100
100
100
100
100
100
100
100
100
100
100
100
100
100
100
92.1
79.6
75.6
72.7
72.8
80.3
87
86.1
82.7
81.5
89.2
99.1
100
100
100
100
100
100
100
99.9
99.8
92.2
70
52
53.3
57.8
57.8
53.8
57
61.9
72
72.4
74.3
78
77.6
82.6
93.7
99.4
100
100
97.2
89.8
100
98.5
79.9
69.6
64.2
52.6
49
47.6
47.2
45
48.8
54.6
60.1
60.2
57.7
59.5
58.5
59.7
70.6
72.4
91.1
91.7
88.7
92.1
92.3
85
66
59.1
55.7
52
50.8
46
42.9
44.3
49
56.9
62.3
71.3
82.4
84
68.3
60
77.7
95
99.5
100
100
100
100
100
87.7
64.5
47.5
44.3
42.4
45.9
43.5
42.1
46.6
52.5
68.2
89.2
100
100
100
100
100
77.9
71.7
97.1
100
100
100
98.4
75.3
59.1
53.6
51.3
48.8
43.2
40.7
41.3
44.5
56
75
89.5
94.3
95.8
93.7
89.2
95.5
96.5
99.9
100
100
100
100
99.3
78.4
62.5
55.4
48.8
45.4
43.4
42.3
46.4
50.1
64.1
74.8
90.4
97.9
100
100
100
100
100
100
100
100
100
100
100
86.3
52.6
47.4
44.1
39.5
38
36.8
36.6
39.8
46.2
53.9
77.7
97.7
100
100
100
100
100
100
100
100
100
100
100
80.4
57.4
47.1
43.6
41.9
42.1
41.3
43
44.4
63.7
89.5
100
100
100
100
100
100
100
100
100
100
100
100
100
98.1
76.8
65
55.9
56.4
54.2
52.7
53.3
53.9
65
86.1
96.9
100
100
100
100
100
100
100
100
100
100
100
100
89.4
71.3
58.4
51.5
52.4
51.3
49
52.5
53
63.3
72.1
82.2
87.1
98.7
100
100
100
100
100
100
100
100
100
100
100
84.5
64.3
60.6
57.2
59.6
61.4
62.7
60.5
77.8
98.2
96.8
100
100
100
97
81.2
85.2
78.3
79.4
96.4
100
100
93.7
55.3
34.7
30.6
26.9
25.6
23.9
25.6
27.5
31.4
44.6
48.2
40.8
38.5
37.1
36.7
36.8
42.1
55
62.5
68.2
64.3
54.3
47
46
44
41.7
35.6
34.5
31.6
31.9
31
32.6
34.8
43
57.3
61.5
58.1
47.3
51.1
57.2
61.5
57
57
64
53.8
65.2
69.2
83.2
87.3
86.7
78.6
67.7
79.8
75.5
80.5
85.1
81
94.8
85.4
78
68.5
71.7
72.7
85.7
85.8
95.8
95.6
100
100
100
100
100
100
100
100
94.3
93.2
100
100
100
100
100
100
100
100
100
100
100
100
100
100
100
99.9
100
100
100
100
95.3
89.5
97.9
68.4
55.4
60.6
55.7
53.3
52.2
74
96.7
100
100
100
100
100
100
100
100
100
100
100
100
100
100
100
99.8
69.6
77.6
100
99.8
98.4
81.8
77.3
96.6
100
100
100
100
100
100
100
100
100
100
100
100
100
100
100
88.5
76.2
75.4
79.3
91.7
100
100
100
100
100
100
100
100
100
100
100
100
100
100
100
100
92.8
74.2
85.5
73.5
57.8
59.4
60.7
68.9
70.1
74.1
87
99.8
99
100
100
100
100
100
100
100
100
100
100
100
100
100
95.8
78.5
68.9
67.2
55.9
63.4
67.8
85.5
99.3
100
99
98.4
99
100
100
100
100
100
97.3
97.9
100
92.7
63.9
50.4
47.8
46.5
46.5
47
46.1
48.4
54.5
80.8
97.8
100
100
100
100
100
100
100
85.8
100
100
100
100
95.7
78.2
76.2
58.1
49.4
52.6
51.1
49.5
50.4
57.6
85.1
100
100
100
100
100
100
100
100
100
100
100
100
100
100
85.7
53.8
44
41.6
38.9
35.9
35.2
37.6
42.6
62.6
87.1
97.4
100
100
100
100
100
100
100
100
100
100
100
100
83.3
57
49.5
45
40.2
37.2
37
37.8
43.3
59.4
84.2
100
100
96.1
100
100
100
100
100
100
100
100
100
100
98.5
64.2
52.1
46.9
39.4
37.6
37.1
38.7
45.5
72.2
93.5
100
100
100
100
100
100
100
100
100
100
100
100
100
100
75.7
56.8
50.6
46.9
45.5
47.1
46
56.2
89.9
100
100
100
100
100
100
100
100
100
100
100
100
100
100
100
99.6
61.3
51
48
47.3
47.4
51.1
61.6
83.2
85.1
94.1
100
100
100
100
100
100
100
100
100
100
100
100
100
100
76.5
65.9
57.8
57
58
55.9
70
98.9
100
100
100
100
100
100
100
100
100
100
100
88.8
81.5
70.8
74.6
79.1
75.1
71.4
66.6
62.3
59.1
61.9
63.8
67.4
67
62.2
56
63
59.7
56.5
56.1
57.4
58.1
57.5
57.6
58.2
60.3
61.4
61.5
60.8
59.8
58.2
56.8
53.6
54.3
54.9
57.4
84
98
100
100
100
100
100
100
100
100
100
100
100
100
100
100
98.4
81.1
77
92
99.3
90.1
84.4
89.8
97.7
100
100
100
100
100
100
100
100
100
100
100
100
100
100
100
100
100
100
NA
100
100
100
100
100
100
100
NA
100
100
100
100
100
100
100
100
100
100
100
100
100
100
90.2
69
71.6
80.7
92.8
98.4
100
100
100
100
100
100
100
100
100
100
100
100
100
100
100
100
100
100
97.1
80.6
73.9
87
96.7
99.9
100
100
100
100
100
100
100
100
100
100
100
100
100
100
100
100
100
100
100
100
100
100
100
100
100
100
100
100
100
100
100
100
100
100
100
100
100
100
100
100
100
100
99.4
82.6
82.4
83.6
85.1
98.6
100
100
100
100
100
100
100
100
100
100
100
100
100
100
100
100
86.8
76.9
76.2
71.6
71.6
70.5
73.9
80.2
86.5
92.8
99.9
100
100
100
100
100
100
100
100
100
100
100
100
100
100
77.5
62.5
58.1
54.8
56.3
60.6
74.1
100
100
100
100
100
100
100
100
100
100
100
100
100
100
100
100
100
100
88.1
86.7
73.4
76.7
86.2
96
100
100
100
100
100
100
100
100
100
100
100
100
100
100
100
100
97.3
84.2
76.4
72.3
64.2
62.7
61.1
93.7
100
100
100
100
100
100
100
100
100
100
100
100
100
100
100
100
100
97.5
66.1
59.8
59.5
56.4
59.5
79.5
100
100
100
100
100
100
100
100
100
100
100
100
100
100
100
100
100
92.9
71.2
65.2
61.8
64.1
82.8
99.6
100
100
100
100
100
100
100
100
100
100
100
100
100
100
100
100
100
100
100
100
100
100
100
100
100
100
100
99.7
92.8
93.5
88.6
100
97.2
100
100
100
100
100
95.1
82.6
87.6
100
100
91.2
92.9
90.7
96.3
100
100
100
100
100
100
100
100
100
100
100
100
100
100
100
100
100
93.7
94.3
87.7
82.7
77.6
73
82.2
92.7
99.7
100
100
100
100
100
100
100
100
100
100
100
100
100
100
100
100
100
87.2
77.5
68.8
63.4
65.9
82.2
100
100
100
100
100
100
100
100
100
100
100
100
100
100
100
100
100
100
99.9
93.2
98.2
93.8
97.2
100
100
100
100
100
100
100
100
100
100
100
100
100
100
100
100
100
100
100
100
100
100
100
100
100
100
100
100
100
100
100
100
100
100
100
100
100
100
100
100
100
100
100
100
100
100
100
100
100
100
100
100
100
100
100
100
100
100
100
100
100
100
100
100
100
100
99.1
84.8
73.1
66.7
65.6
66.6
82.5
100
100
100
100
100
100
100
100
100
100
100
100
100
100
100
100
100
71.1
62.2
60.2
61.8
67.6
74.3
96.9
100
100
100
100
100
100
100
100
100
100
100
100
100
100
100
100
100
96.6
95.6
77.1
69.7
67.8
74.3
95
99.8
100
99.8
98.8
97.8
100
99.5
98.5
99.2
100
100
100
100
100
100
96.7
78.4
73.2
69.5
64.5
63.5
68.7
78.3
94.6
NA
100
100
100
100
100
100
100
100
100
100
100
100
100
100
100
100
100
87.2
76
72.9
68.7
68.7
90.5
100
100
100
100
100
100
100
100
100
100
100
100
100
100
100
100
100
100
91.3
79.4
77.8
77.3
89
99.9
100
100
100
100
100
100
100
100
100
100
100
100
100
100
100
100
97.3
89.2
76.5
65.7
64.1
75.3
88.5
100
100
100
100
100
100
100
100
100
100
100
100
100
100
100
100
93.2
81.5
75.4
64.5
64.8
62.7
67.1
70.5
82.4
99.9
100
100
100
99.6
100
100
100
97.9
87.8
97.1
100
100
100
100
99.8
88.5
88.3
84.9
81.4
77
69.9
80
87.3
90.8
98
95.5
97.6
99.5
99.5
100
97.4
98.1
100
100
100
100
100
98.2
100
99.8
88.3
86.2
81
76.4
75.7
80
85.3
92.2
98.3
99.7
100
100
99.5
99.4
100
100
100
100
100
100
100
100
100
100
92.3
69.8
66.8
49.3
38.4
56.1
82.2
99.9
100
88.4
88.8
100
96
85.7
80.8
96.7
64.1
43.9
56.6
45.5
45.4
76
74.6
58.2
48.8
38.9
31.4
29.6
34.3
36.9
48.8
64.7
89.5
100
100
100
100
100
99.9
99.9
99.9
99.9
99.9
99.9
99.9
99.9
99.9
80.5
43
46.1
41.3
37.4
36.9
38.1
56.8
78.4
61.8
80.3
100
100
100
99.9
99.9
99.9
99.9
99.9
99.9
99.9
99.9
99.9
99.9
63
42.5
37
39.6
36.6
39.1
42.4
50.5
58
65.3
84.8
97.5
90
99.8
100
100
99.9
99.9
99.9
99.9
99.9
99.9
99.9
99.1
73.7
65
58.6
56.4
55.5
58.3
64.9
83
84.3
65.2
59
49.4
60.6
49.9
76
83.3
52
49.1
47.6
48.9
51.9
54.5
54.9
49.4
42.2
38.1
37.5
35.9
35.6
36.6
40.6
46.1
55.2
63.3
71.5
76.7
79.2
99.1
100
99.9
76.3
54.9
55.4
53.7
52.8
53.4
59.4
58.1
42.3
35.2
31.7
29.8
35.6
39.5
42.6
48.2
48.2
48.1
45.8
51.7
66.7
72.1
67.1
69.5
74.8
72.6
60.4
66.2
62.5
67
78.5
69.9
59.8
55.3
50.7
41.6
40.7
42.2
42.9
49.7
55.1
62.7
66.5
79
92.5
99.8
99.9
99.9
99.9
99.9
99.9
99.9
93.1
70.6
67.9
69.9
83.6
83.5
95.1
92.3
100
100
100
100
100
100
100
100
100
100
100
100
100
100
100
100
100
100
100
100
100
100
100
100
100
100
100
100
100
100
100
100
100
100
100
100
100
100
100
100
100
100
100
99.9
100
100
100
99.1
99.5
100
100
100
100
100
100
100
100
100
100
100
99.9
99.9
99.9
99.9
99.9
99.9
99.9
99.9
99.9
99.4
86.8
70.9
67.3
78.9
82.2
99.6
100
97.7
99.9
100
85.1
77.1
93.1
100
62
49.1
94.4
100
100
100
100
100
100
100
100
100
100
100
100
100
100
100
100
100
100
100
100
100
100
100
100
100
100
100
100
100
100
100
100
100
100
NA
NA
NA
NA
NA
NA
NA
NA
NA
NA
NA
NA
NA
NA
NA
NA
NA
NA
NA
NA
NA
NA
NA
NA
NA
NA
NA
NA
NA
NA
NA
NA
NA
NA
NA
NA
NA
NA
NA
NA
NA
NA
NA
NA
NA
NA
NA
NA
NA
NA
NA
NA
NA
NA
NA
NA
NA
NA
NA
NA
NA
NA
NA
NA
NA
NA
NA
NA
NA
NA
NA
NA
NA
NA
NA
NA
NA
NA
NA
NA
NA
NA
NA
NA
NA
NA
NA
NA
NA
NA
NA
NA
NA
NA
NA
NA
NA
NA
NA
NA
NA
NA
NA
NA
NA
NA
NA
NA
NA
NA
NA
NA
NA
NA
NA
NA
NA
NA
NA
NA
NA
NA
NA
NA
NA
NA
NA
NA
NA
NA
NA
NA
NA
NA
NA
NA
NA
NA
NA
NA
NA
NA
NA
NA
NA
NA
NA
NA
NA
NA
NA
NA
NA
NA
NA
NA
NA
NA
NA
NA
NA
NA
NA
NA
NA
NA
NA
NA
NA
NA
NA
NA
NA
NA
NA
NA
NA
NA
NA
NA
NA
NA
NA
NA
NA
NA
NA
NA
NA
NA
NA
NA
NA
NA
NA
NA
NA
NA
NA
NA
NA
NA
NA
NA
NA
NA
NA
NA
NA
NA
NA
NA
NA
NA
NA
NA
NA
NA
NA
NA
NA
NA
NA
NA
NA
NA
NA
NA
NA
NA
NA
NA
NA
NA
NA
NA
NA
NA
NA
NA
NA
NA
NA
NA
NA
NA
NA
NA
NA
NA
NA
NA
NA
NA
NA
NA
NA
NA
NA
NA
NA
NA
NA
NA
NA
NA
NA
NA
NA
NA
NA
NA
NA
NA
NA
NA
NA
NA
NA
NA
NA
NA
NA
NA
NA
NA
NA
NA
NA
NA
NA
NA
NA
NA
NA
NA
NA
NA
NA
NA
NA
NA
NA
NA
NA
NA
NA
NA
NA
NA
NA
NA
NA
72.9
81.8
89.3
93.6
94.4
94.8
95.8
96.3
96.7
96.5
96.4
96.6
96.9
96.8
96.9
97
89.7
94.6
95
87.1
66.2
62.9
58
58.9
58.5
73.1
88.3
94.5
91.3
88
87.9
88.6
73.8
72.6
76.1
81.8
79.6
71
70.8
69.8
77
79.3
75.9
64.8
57.8
55
57.4
58.9
62.2
71.9
77
78.2
82.6
90
93.2
93.3
94.7
95.4
95.6
95.8
95.8
95.9
95.9
95.9
95.9
95.8
95.7
95.5
95
87.5
85.1
83
88.5
93.3
93.9
61.2
58.1
57.6
57.9
58.3
56.1
59.3
67.7
84.8
94.3
94.9
95.5
95.2
94.3
95.3
90.2
77.6
71.6
73.2
72.3
61.9
68.1
62
16.6
13.8
17.5
26.3
28.1
46
53.7
57.3
59.9
57.9
55.9
41.3
39.2
49.3
38.1
29.2
25.5
22.5
13.4
13.4
14.4
13.6
16.5
25.6
37.4
47.4
50.2
50.8
59.7
59.9
60.5
63.9
63.9
67.7
67.2
69.5
72.2
73.5
68.2
64.7
45.5
40.1
40.2
41.9
37.6
34.1
40.5
50.9
65.9
69.1
71.4
70.6
74
75.3
79.4
84
85.5
87.4
88.2
84.1
80.1
82.6
82.6
78.8
63.7
56
45.8
39.2
37.2
36
39.5
46.6
55.7
66.8
71.7
75.9
80
83.6
85.5
86.1
85.4
82.6
83.3
85.7
86.1
85.4
88.1
84.5
60.8
51.5
49
43.6
40.8
43.1
52.1
64.5
77.5
79.4
81.5
84
83.8
85.2
87.6
88.5
88.6
88.3
87.5
87.9
87.2
86
86.5
84.3
82.2
68
53.1
51.8
51.2
57.3
66.2
77.7
84.9
88.9
91.3
89.6
89.7
89.5
89.5
88.3
88.3
88.5
88.8
90
91.8
92.2
91.8
89.8
73.3
59.6
49.2
43.1
47
51.6
57.6
73.1
84.7
85.6
89.7
90.3
91.3
92.2
93.5
93.9
94.3
94.3
94.2
94.1
93.5
93.2
92.5
92.6
87.4
65.2
63.3
61
60.4
62.7
69.3
73.6
77.9
73.3
82.8
88.4
89.4
87.8
87
87.1
86.3
87.7
86
80
79.8
82.1
85.2
84.2
82.6
78.8
77.1
75.9
75.4
75.6
78.8
84.3
87.5
87.3
86.2
87
86.8
86.9
88.9
89.5
91.1
91.9
93.9
93.8
93.1
92.8
94.5
93.3
86.1
76.5
70.5
69.5
67
67.1
69.5
77.5
80.3
86.6
88.7
89
87
69.2
74.6
84.3
89.8
91.4
93.5
94.6
95.1
95.5
95.3
95.2
94.9
87
84.9
89.3
86.6
89.5
91.4
91.9
92.6
91.3
92.6
93
93.1
94.9
92.9
87.6
88
92.1
94
94.3
93.9
94.7
95
95.3
81
89.3
93.3
90.6
90.3
93.5
94.5
93.3
89.3
85
93
94.7
95.5
95.4
95.9
95.3
89.7
93.6
94.4
95
91.9
92.8
93.5
94
91.2
81.5
67.5
56.9
50.7
58.4
66.8
85.7
93.6
94.7
94.8
94
93.1
92.6
91.7
91.8
90.6
90.6
90.2
89.4
89.3
89.2
88.5
88.9
89.2
87.5
83.1
62.5
49.3
48.8
53.8
69.1
86.5
91.4
91.2
90.3
90.1
88.4
88.7