98
98
98
98
97.9
97.9
97.8
97.7
97.9
98
98
98
98
98
97.9
97.7
97.8
97.8
97.9
98
98
98
98
98
98
98
98
98
98
98
98
98
98
98
98
98
98
98
98
98
98
98
98
98
98
98
98
98
98
98
98
98
98
98
98
98
98
98
97.7
97.5
95.3
93.8
93.9
97.6
97.5
97.8
98
98
98
98
98
98
98
98
98
97.9
97.9
97.9
97.7
94.9
96.2
90.3
85.1
74.3
70
79.7
84.3
82.8
89.7
96.7
94.5
97.7
97.8
97.7
97.4
97.2
96.7
97.4
97.6
98
98
98
97.9
97.8
97.7
97.6
90.9
78.4
75.5
76.2
70.9
70.6
86.9
97.2
97.6
96
97.5
98
98
98
98
98
98
98
98
98
98
98
98
98
98
97.9
93.5
85.9
75.2
72.3
72
89.2
97.4
97.4
94.5
96.3
97.9
98
98
98
98
98
98
98
98
98
98
98
98
98
98
97.9
97.6
96.7
97.6
97.6
97.9
98
98
98
98
98
98
97.7
97.9
98
98
98
98
98
97.9
98
97.7
97.4
90.7
84.8
80.6
86
96.2
97.7
97.9
98
98
98
98
98
98
98
98
98
98
98
98
98
98
98
98
98
98
97.9
91.7
85.7
97.4
97.7
97.9
98
98
98
98
98
98
98
98
98
98
98
98
98
98
98
98
96.4
90.4
84.4
84.5
85.8
92.3
97.5
97.8
98
98
98
97.9
98
98
98
98
98
98
98
98
98
98
98
98
97.8
97.6
93.7
89
88.3
94.3
97.7
98
97.9
97.9
97.9
97.9
97.9
97.9
97.9
97.9
97.9
97.9
97.9
97.9
97.9
97.9
98
98
98
98
98
98
98
98
97.9
97.8
97.8
97.8
97.9
98
98
98
98
98
97.8
97.8
97.8
97.7
97.7
97.7
97.9
98
97.9
97.7
97.6
97.6
97.5
97.6
97.7
97.9
98
98
98
98
98
98
98
98
98
98
98
98
98
98
98
98
98
98
98
98
98
98
98
98
98
98
98
98
98
98
98
98
98
98
98
98
98
98
98
98
98
98
97.8
97.8
97.7
97.7
97.9
98
98
98
98
98
98
98
98
98
98
98
98
98
98
98
98
97.9
97.6
97.9
97.9
98
98
98
97.9
97.6
97.7
97.9
97.9
97.9
97.8
98
97.8
97.8
98
97.7
97.8
98
98
98
98
97.9
93.2
94.9
84.1
78
86.1
86.2
87.6
97.5
96.3
93.2
86.1
68.1
65.4
75.8
77.3
77.2
81.6
82.8
82.2
83.5
78.5
80.4
77.6
70.6
59.3
52.8
55.3
58.9
62.8
67
75.9
79.1
82.5
80.3
83.1
85.7
82.3
75.7
79.5
91.6
97.4
97.5
97.5
97.6
97.8
97.9
98
97.9
97.8
97.7
97.6
97.6
96.3
91.2
97.5
97.5
97.5
97.6
97.8
97.8
98
98
97.3
96.8
97.6
94.7
90.7
94.5
92.1
89.4
78.2
63.2
56.9
46.1
41.4
40.3
39.7
41.1
70.9
80.1
66.2
56.2
62.6
67.6
68.9
69.2
68.8
67.9
71.5
70.9
71.4
71.4
67.3
66.8
67.4
66.1
64.4
59.8
53.9
53.3
50.2
49.8
51.2
56.1
63
67.5
69.6
68.6
67.7
66.4
66.7
69.5
67.4
69.1
71.3
72.2
68.8
68.4
69.7
58.3
53.1
50.8
46.3
48.3
50.7
56
64
73.5
74.6
78.7
72.7
71.6
78.6
78.3
76.5
75.6
75.7
73.7
76.3
80.7
79.7
78.3
69.8
66.8
62.8
65.5
61.4
59.3
59.2
60.4
63.5
69.6
79.4
81.4
77.5
80.1
76.7
84.7
85
88.2
89.7
92.2
93.1
95.5
97
97.4
93.6
79.5
69.1
65.7
67.6
71
70.4
72.7
80.4
88
92.1
92.7
95.6
93.4
95.9
97.5
97.5
94.6
96.8
97.5
97.4
97.5
97.5
97.5
94.1
80.8
70.8
69
67.4
66.9
67.1
68.6
70
73.2
74.5
78.5
79
79.7
85.1
83.6
79.9
81.1
80.9
81.9
79.3
80.9
86.2
87
84.3
71.7
68.2
65.9
65.9
64.9
64.9
65.6
69.1
76.6
81
87.8
92.7
95.7
96.9
97.4
96.6
97
97.4
97.5
97.5
97.4
97.4
97.5
96
83.3
72.8
67.7
66.1
64.5
64.5
61.1
68.8
77.5
83.2
86.3
91.8
93.7
96
97.1
97.3
97.4
97.4
97.4
97.4
97.4
97.4
97.5
94.7
80.6
72.5
70
68.3
68.8
68.3
70.8
79.2
91.4
97.2
97.4
97.5
97.5
97.5
97.5
97.5
97.5
97.5
97.6
97.6
97.5
97.5
97.5
96.9
86.3
77
74.1
74.1
72.3
72.2
74.5
78.4
85.5
88.4
96.3
97.5
97.5
97.5
97.5
97.4
97.4
97.2
97.4
97.1
97.5
97.5
97.5
97.2
88.6
80
74.8
69.7
70
69.5
70.2
75
85.4
93.1
94
95.1
91.4
83.5
81.1
79.8
89.5
97
96.8
97.4
97.4
94.6
94.9
97.1
92.8
80.9
78.6
77.1
75.4
74.4
75.6
81.8
89.9
95.9
97.5
97.5
97.6
97.6
97.6
97.6
97.6
97.5
97.5
97.5
97.5
97.2
97.4
97.4
87.2
79.6
76.2
76
77.5
80.2
80.8
80.9
78.5
78
79.5
80
79.6
78.4
78.5
75.9
74.5
75.9
77
77
80.8
82.3
81.6
79.9
77.7
77.6
73.6
69.5
68.9
69.3
71.9
74
79.3
85.3
89.1
91.2
91.3
95.8
97.1
97.1
97.5
97.4
97.5
97.5
97.4
97.5
95.1
89
84.2
78.7
74.5
73.7
72.2
72.2
73.1
77.7
84.3
89.4
96.7
97.5
97.2
97.5
94.3
97.1
96.5
97.4
97.5
97.5
97.5
95.6
95.6
93.5
77.7
68.3
63.1
63.7
62.9
64
64.4
69.2
75.7
85.4
90
95.2
96
97.3
94.9
97.3
97.4
97.4
97.4
97.5
97.5
97.5
97.5
94.2
80.1
68.6
62.9
62.4
61.2
60.6
60.6
65
75.8
82.7
88.1
91.1
92.3
94.4
93.6
95.2
94.3
93
93.2
90.4
88.5
87.7
86.4
78.4
65.2
59.2
54.7
52.4
51.9
51.3
51.1
55.9
67.7
74
77
78
72.5
73.2
75.7
69.6
72
77
75.7
77.5
71.6
76.4
77.1
73.6
62
57
54.6
55.8
55.7
58.7
63.1
66.2
71.4
73.8
76.9
79.9
82.6
82.7
82.6
85.7
84.3
84.7
83.1
70.4
72.1
66.9
55.6
46.2
42.7
56.1
55.8
52.2
51.5
50.2
48.2
52.9
59.6
65
73.5
76.8
78.2
79.9
79.2
81.2
81.7
82.4
83.6
82.6
84.7
85.3
82.4
77.6
66.2
59.2
56.9
57.4
58.5
58.9
58.5
60.3
67.5
72.6
76.7
80.5
82.2
84.2
86.7
88.8
89.5
90.4
90.7
92.2
89.1
91.3
89.8
81.2
70.4
62.5
58.9
56.8
56.4
57.8
58.8
62.9
69.2
71.7
76.3
79
81
81.3
80.8
81.4
82.2
84.4
83.8
83.2
84.2
82
81.8
73.4
65.1
58.6
56.2
55.7
53.6
53.7
53
55.3
63.3
68.9
71.8
74.2
75.8
77.7
79.4
82
81.2
83
82.9
83.5
82.2
83.1
83.9
74.9
63.7
57.3
56.6
56.2
54.8
54.8
54.8
58.5
66.7
72.6
78.4
79.1
82.2
83.9
86.2
88
90.3
89.2
89.6
89.7
84.6
81.2
82.1
73.1
61.9
57.3
54.9
53.5
54
53.4
52.2
54.1
62.9
70.2
69.7
70
72.4
71.3
71
61.3
65.3
68.7
69.3
71
69.9
76.2
72.9
68.9
61.1
56.7
54.9
52.6
49.6
49.4
49.7
51.1
62
67.8
72.3
75.7
76
74.1
75.8
77.5
77.7
78
80.2
81.8
81.3
80.5
80.6
77.1
67.9
60.3
58.6
56.9
57.1
56.6
56.2
59.1
68.6
74.5
72.4
78.4
82
83.7
84.4
84.7
84.3
84.7
83.9
85.5
82.7
84.9
83.1
75.4
64.8
57.2
55.4
55.9
55.3
52
51.4
54.2
60.1
61.5
63.2
71.1
81.6
86
87.7
92
94.9
97.4
97.5
93.4
65.7
49.5
57.9
54.8
50.6
60.4
55.7
47.9
41.8
53.4
39.2
41.2
52.6
62.8
60.7
58.4
50.7
50.5
54.3
55.8
47.8
57.5
61.7
65.1
60.6
70.6
74.5
66.7
58.9
55.4
56.2
54.2
53
53
52.9
54.9
59.5
65.8
72.8
76.5
79.8
83.1
83.6
86.9
88.7
91.1
92.2
91.1
93.6
96
93.1
81.2
68.8
60.7
56.9
57.7
58.6
57.7
59
61
66.9
71.6
77.6
78.3
81.3
83.9
86.1
89.8
92.8
93
96.7
96.8
97.2
97.3
97
89.7
72
67
67
67.9
65.5
60.8
60.2
59.5
65.3
71
76
78.7
79.2
81.3
78.1
72.4
77.1
81.2
83
84.8
85.6
86.2
86.5
77.6
66
62.4
62.4
63
59.5
56.6
56.4
57.8
65.8
74.3
88
91.6
95.7
95.1
86.9
96.1
97.1
96.2
97.3
97.2
94.5
96.4
93
81.5
80.4
87.3
86.5
82.4
84.2
84.5
94
97.7
97.7
97.6
97.6
97.5
97.5
97.5
97.6
97.6
97.6
97.5
97.5
97.6
97.5
97.5
97.8
98
98
98
97.8
97.4
97.5
97.5
97.5
97.5
97.6
97.6
97.7
97.1
89.8
97.5
97.7
97.6
97.6
97.6
97.5
97.5
97.5
97.6
96
81.5
71.5
66.6
65.6
63.2
62
61.9
62.9
64.9
71.7
82.7
90.2
93.6
97.3
97.5
97.2
97.5
97.6
97.5
97.5
97.6
97.1
97.6
97.6
90.9
70.4
65
65.3
65.8
64
61.1
60.8
62.6
70.3
79.8
86.2
89
89.2
89.8
91
97.1
97.5
97.6
97.6
97.6
97.5
96.5
97.2
95
88.1
80
69.5
66.2
62.6
63.9
65.9
68.8
74.2
83.1
88.2
93
97.5
97.5
97.5
97.5
97.6
97.7
97.7
97.7
97.8
97.7
97.6
91.1
75.8
68.1
65.8
64.9
67.1
66.3
65.8
67.4
73.3
83.6
88.8
96.6
97.4
97.5
97.6
97.6
97.6
97.7
97.7
97.8
97.8
97.9
97.7
97.5
92.9
81
72.2
68.3
66.8
65.9
66.5
69.3
74.1
81.6
86.9
91
92.9
92.3
97.1
97.5
97.5
97.6
97.6
97.6
97.5
97.5
97.7
97.6
97.5
92.5
80.7
76
72.5
62.4
53.8
53.2
57.6
63.5
70.3
56.8
58.4
63.4
88.5
97.5
97.5
94.9
92.1
90.7
88.6
91.4
91.5
84.7
75.7
72.3
67.9
65.4
65.1
63.1
63.1
64.5
69.4
78.4
86
95.8
97.3
97.5
97.6
97.6
97.6
97.6
97.7
94.5
90.4
97.4
97.5
85
74.1
69.7
69.9
68.7
65
61.5
60.2
62
66.9
72.7
74.8
77.7
82.9
85.3
88.4
94
88.9
88.4
91.3
94.9
90.2
97.5
97.5
94.8
81.3
77.3
77.7
80.4
80.5
80.6
81.5
81.5
84.3
95
97.9
97.9
98
98
97.8
97.6
97.5
97.6
97.7
97.7
97.8
98
98
98
98
98
98
97
82.5
66.5
35.2
32.4
32.5
33
37.6
40.3
44.3
40.3
50.6
58
58.5
62.8
62.7
54.9
53.4
52.1
57
54.1
45.9
41.3
41.5
40.5
40.1
37.3
37.2
37.3
40.3
46.6
49.8
50.2
57.5
61.6
65.7
65.2
64.6
69.1
69.9
67.2
67.7
69.8
65.7
57.6
50.9
47.2
54.3
55.8
61.6
63.7
65.9
69.7
73
81.5
85.5
93
92.2
97.2
94.8
96.2
95
89.8
95.1
97
97.5
97.6
96.8
84.5
74.3
73.9
72.7
72.4
70.1
66.5
63
63.8
65.4
68.6
72.3
70.8
69.8
69.7
77.4
83.1
88.2
93.8
87.7
93.2
94.4
91.8
81.7
69
57.2
48.4
38.4
37.9
38
37.4
36.9
35.4
34.6
34.3
33.8
35.2
34.5
32.7
32
37.4
47
49.8
50.7
44.1
40.9
46.6
45.5
41.5
40.8
39.3
34.9
34.8
34.8
33.5
33.4
32.9
34.5
40.2
41.2
43.7
45.9
47.7
52.1
56.6
54.9
56.8
57.8
58.2
49.7
55.3
58.9
49.4
49.5
54.8
62.3
65.1
62.5
60.9
60.4
60.3
61.6
64.9
67
68.3
69.8
71.4
71.2
74.5
78.6
84.7
91.7
91
84.2
86.5
82.9
77.6
72.9
69.7
66.4
65
63.3
62.7
62.3
63.1
66.1
70.7
76.9
84.9
84.4
86.7
96.3
97.5
97.5
97.5
97.5
97.5
97.6
97.5
96.1
82.7
71.2
65.7
63.8
62.2
60.7
60
59.9
61.2
63.4
68.1
75.4
80.2
81.2
83.4
86.7
91.4
92.3
96.5
97.4
97.5
97.5
97.6
97.3
83.6
71.2
65.6
63.6
61.9
59.2
59.1
58.4
58
60.7
65.5
69.1
69.3
72.3
77.5
73.9
69.7
71.6
66.1
72.9
75.4
67
66.8
63.3
54.5
54.1
68.4
64.7
58
54.3
52.1
49.8
50.4
47.4
41.5
43.8
48
54.8
74.7
88.7
96.5
96.9
97.6
93.6
96.8
97.5
97.2
90.8
76.5
72.1
72.9
68.9
66.3
64.6
62.2
61
61.6
63.8
67.9
71.4
75.8
80
83.2
87.6
89.1
92.5
96.8
96.7
97.5
97.5
97.5
91
77
69.1
66.5
64.2
62
61
60.2
59.7
60.5
63.9
70.6
71.3
67.6
65.3
75.1
87.2
93.9
97.5
97.5
97.6
97.6
97.6
97.5
88.5
73.6
60.6
57.5
57.7
56.6
55.7
53.1
51.4
53.2
55.7
61.3
66
72.2
74.8
74.2
76.9
79.3
78.6
82.7
89.7
89.2
94
93.5
83.3
74.7
65.2
61.1
61.3
61.4
62.4
60.6
59.6
59.7
60.8
65.7
69.7
72.8
78.3
71.7
63
65.7
82.9
95.6
97.5
97.5
97.5
97.5
81.3
68.7
60.6
59.8
60.1
58.9
58.7
59.6
57.8
58.3
58.6
57.1
42.9
40.7
41.1
41.3
41.4
41.6
41.2
45.6
51.3
56.9
57.9
56.8
50.1
52.4
71.2
81.4
78.8
76.4
72.8
71.3
72.7
73.6
73.9
73.7
70.6
69.6
68.7
66.1
66.2
70
72
73.4
76.8
81.1
82.1
83.4
69.8
62.1
55
55.6
54.9
54.7
53.9
53.3
53
54.1
56.5
60.2
63.8
69.2
65.5
60.2
60.4
65.8
63.2
65.8
68.7
70.8
71.8
72.3
71.4
79.9
93.6
96.3
96.4
97.5
96.9
96.9
97.5
97.4
97.5
97.8
98
98
98
98
98
98
98
98
98
98
98
98
98
97.8
90.3
80.3
74.1
71.9
67.7
62.5
62.6
62.8
66
71.2
81.7
86.8
83.2
81.5
86.8
88.7
80.5
81.5
82.9
83.4
74.2
81.6
75.4
62.4
59.3
59.7
59.5
59
59.3
59.2
60
61
62.6
64
68.5
73.1
78.8
76.7
68
70.8
67.3
70.6
70
71.2
74.1
75.8
70.7
64.2
60.8
59.7
59
59.2
59.1
58.4
58.1
59
61.1
64.2
68.2
69.8
72.2
80.1
83.3
79.9
84.3
88
84.6
89.7
93.8
90.7
83.9
68.2
61.7
60.8
58.7
56.8
55.9
55
55.1
56.2
58.5
65.4
71.3
73
74.9
79.1
78.1
81
80.8
81.1
83.6
86
86.1
77
73.6
66.9
60.5
57.9
57.4
54.9
52.1
52.8
53.2
54.5
57.7
64.7
69
71.9
72.7
76.1
78.4
78.5
79.7
81.1
81.1
82.2
86
85.3
77.7
66
61.2
56.7
53.7
50
45.6
43.8
43.5
44.2
45.7
51.8
56.9
62
64.4
65.9
60.6
69.5
71.8
75.3
75.9
78.4
80
70.5
69.1
63
55.1
52.8
50.9
50.2
49
49
49
50.4
52.6
55.7
62
66.1
59.9
64.9
72.3
74.9
78.6
79.5
78.1
74.7
83.5
81.5
75.7
65.5
58.1
57.2
56.7
56.9
56.2
56.6
56
56.5
57.7
61.1
66.1
72
73.2
81.5
81.3
78.4
88.4
92.6
95.3
95.2
97.2
96.3
89.5
74
67.7
66.3
69.3
71.2
68.4
66.2
64.7
63.6
65.4
70.5
80.8
90.8
94.2
96.4
96.5
97.5
94
91.1
89.9
90.6
87.3
87.5
83.1
78
79
75
70.2
68.7
66
68.7
69
72.1
74.7
94.3
96.3
95
97.3
97.2
97.6
97.5
97.5
96.6
97
96.9
97.4
95.9
91.2
87.3
82
82.2
79.2
79.6
79.6
77.6
77.9
78.2
86.7
93.5
95.1
97.6
97.6
97.5
96.7
93
90.3
89.2
87
86
85.8
86.6
83.8
75.7
74.3
75.6
74.7
70.4
71
67.3
71.3
73.9
72.8
74
76.3
78.4
77.5
76.7
79.3
80.9
81.4
84.2
86.1
90.7
91.9
86.4
84.4
75.6
68.3
66
62.7
58.6
56.6
59.5
63.1
65.7
66.5
69.6
73.5
75.7
96.5
97.5
96
97.7
97.8
97.7
97.6
97.6
97.5
97.6
97.7
97.8
97.6
97.5
96.4
80.3
70.5
68.2
71.7
63.4
62.9
67.5
71.4
72.7
72.3
77.1
83.8
82.8
80.1
78.4
77
79.5
91
97.6
97.6
97.6
97.5
97.5
97.6
97.7
97.7
97.7
97.7
97.6
97.6
97.7
97.6
97.1
97.4
97.6
97.7
97.9
97.9
98
98
98
98
97.9
92
82.6
75
70.9
70.7
74.5
74.8
62.6
62
65.9
74.1
79.2
94.5
97.2
97.6
97.6
90.1
83.9
83.6
78.4
NA
NA
97.5
95.6
97.1
97.7
97.2
92.5
80.6
72.2
67
64.3
67.9
71.5
96.8
94.3
84.5
79.7
76
76.6
75.8
75.8
84
85.7
81.6
86.9
87.2
87
97.5
97
88.4
91
96.9
97.7
97.7
97.8
97.8
97.8
97.7
97.7
97.6
97.5
96.8
95.6
91.9
85.2
94.1
94.4
95.8
97.2
96.1
96.7
86.9
80.1
74
77.9
97.6
94.9
95.6
97.7
97.7
97.5
97.4
96.2
97.1
95.8
97.5
97.5
97.5
97.5
97.5
96.6
95.2
97.5
96.8
95.3
90.8
83.7
84.2
85.9
81.7
77.2
71.1
67.3
66.2
64.2
67.9
71
74.4
96.6
94.2
90.3
78.7
86.2
86
97.3
92.7
97.5
94.9
88.6
87
88.3
96.8
97.6
97.8
97.8
93.9
95.3
93.1
97.4
95.8
97.5
97.5
97.4
97.5
97.7
98
98
97.8
98
98
98
98
98
92.8
80.6
79.3
74.9
65.9
60.4
57.5
54.1
58.2
53.9
55
59.4
64.2
62.6
65.7
68
70.1
74.2
75.6
77.8
74.8
74.5
74.8
76
72.6
75.2
90
94.1
80
76.9
90.8
96.7
94.4
95.8
92.2
97.5
97.6
97.5
97.6
97.7
97.6
97.7
97.7
97.9
98
98
98
98
98
97.9
97.9
97.9
97.4
97.3
97.4
85.1
74.3
73.2
76.2
80.6
84.5
97.5
95.8
97.5
95.6
97.4
97.6
97.6
97.7
97.7
97.7
97.8
97.6
97.5
97.1
92.5
80.5
78.1
77.6
78.9
86.6
91.1
97.3
97.5
97.6
97.6
97.7
97.8
97.9
98
98
98
98
98
98
98
95.4
82.3
76.2
72.2
70.6
66.9
64.7
66
66.1
55.2
46
47.7
48.2
46
52.5
57.8
61.8
68.8
73.6
70.1
73.7
78.1
83.1
78
63.6
52.8
52.7
51.2
49.3
45.5
42.2
41.3
40.8
40.2
39.2
41.7
47.2
48.9
55.6
57
66.9
70.2
74.1
77.3
82
82.5
83.7
74.3
64.6
64
63.6
61.8
61.8
61.9
58.1
54.2
51.5
49
50.5
55.3
63.4
64.8
71.1
70.2
75.6
82
86.9
90.6
90.4
93.2
93.1
83.9
70.4
63.4
59.8
61.7
64.3
62.8
61.2
60
59.2
58.2
60.3
63.7
71.1
77.7
81
91.6
93.6
97.5
97.5
97.6
97.6
97.6
97.6
96.1
81.1
71
68
68.4
69
67.3
65.1
64.4
64.6
64.3
66.7
70.1
74
71.5
71.7
71.1
70.5
72.1
72.6
77
82
74.7
80.6
85.9
89.2
86
72.8
67.4
65.1
67.2
65.9
64.3
62.9
63.4
65.4
67.3
76.6
81.1
82.7
86.9
82.8
85.7
85.8
90.4
95.4
92.2
96.3
85.8
76.2
69
65.1
64.6
63.4
62.8
62.3
61.1
62.2
62.9
64.1
66
72.4
77.5
81.5
89.7
91.3
92.9
92.2
97.5
97.5
97.5
96.3
95.1
90.3
79.3
68.5
67.8
67.2
64.4
62.1
61.5
61.6
62.1
63.2
69.6
76.9
83.1
84.2
89.2
95.3
95.5
96.9
97.5
97.5
97.4
94.1
94.9
88.3
80.2
74.2
70.4
68.3
65
62.1
59.9
57.8
57.6
59.4
61.9
65.2
67.7
67.3
67.9
75.5
79.9
89.4
89.6
89.4
92.9
91.1
84.8
79.6
73.1
69.9
62.4
63.8
62.8
66.4
68.8
88.8
98
98
98
98
97.9
97.9
97.6
97.5
97.5
97.4
95.9
92
90.2
91.7
85
83.3
97.2
92.6
92.2
87.5
75.4
70
68.5
66.4
77.6
82.5
84.9
94.2
97.7
97.7
97.7
97.7
98
98
97.7
97.8
98
97.8
97.8
97.7
97.8
97.7
95.1
92
83.2
77
74.6
70.7
73
73.8
86.5
88.1
97.1
97.6
97.4
97.5
97.5
95.6
90.2
89.3
87.6
93.4
97.3
97.7
97.3
92.2
83
78.2
75.4
74.2
74.8
85.2
96.8
97.1
97.8
97.9
97.8
97.7
96.8
97.7
98
98
98
98
98
98
98
98
97.7
96
97.4
97.6
96.9
83.7
78.5
73.4
72.7
72.1
96
97.3
97.7
97.8
97.7
97.9
97.9
97.8
97.8
97.8
97.9
98
93.5
81.6
75.5
74.9
71.8
72.9
76.9
76.1
73.1
69.5
67.6
74
81.5
90.1
95.9
95.9
92
93
97.6
97.7
97.6
96.8
97.8
97.8
95.4
83
71.9
71.3
70.6
72.7
72.4
70.4
70.6
68.5
70.6
72.1
77
84.2
93.1
96.4
97.2
96.9
97.3
97.4
97.6
97.6
97.5
95.9
86.1
89.9
84.3
78.8
76.7
74.6
75.5
74.8
77.2
79.6
80.7
83.7
94.4
97.6
97.5
97.9
97.9
98
98
98
98
98
98
98
96.9
81.9
69.3
70.8
71.3
69
66.5
65.3
61.2
62.2
63.9
64.5
65.9
72.4
78
81.5
78.4
79.1
86
88
85.9
93.5
86.7
82.6
92.9
97.7
97.6
97.1
97.4
97.7
97.1
94.6
83
75
70.3
69.7
76.6
88.9
96.3
97.6
97.6
97.6
97.6
97.7
97.7
97.7
97.9
97.9
96.5
81.3
71.5
67.5
67.5
65.5
64.1
62.9
62.8
63.5
63.9
64.7
69.8
79.2
91.1
96.2
97.3
97.2
97.6
97.6
97.7
97.7
97.7
97.7
92.7
76.5
68
66.7
66.4
64.7
62.6
60.5
59.3
58.4
58.5
59.7
63.9
72.8
79.6
87.5
92.7
96.2
97.4
97.5
97.6
97.6
97.6
97.6
93.6
77
68
66
64
62.7
60.6
58.6
58.8
57.9
58.1
60.5
65.7
71.6
78.4
85.2
87.8
94.8
95.5
95.1
97.1
97.5
97.6
97.6
87
70.8
62.3
59.8
59.4
59.1
58.9
58
57.7
57.8
58.2
59.1
68.4
74.9
78.9
75.8
82.6
80.8
86.6
89.8
91.7
94.6
96.5
89.1
83.5
70.3
60.9
57.8
57.2
55.7
55.8
53.8
53.2
53.4
53.7
55
57.3
65.3
72.9
78
80.4
85.7
79.9
80.6
91.9
96.6
97.5
97.5
89.8
73.6
64.9
59.2
57.7
58
57.5
57.7
55.3
53.3
51.3
52.9
58.5
60.5
65.4
68.7
71.5
78.1
81.8
86.9
87.2
89.4
93.7
94
83
70.9
63.4
56.9
56.9
56.6
54.8
53.5
52.1
51.2
51.7
52.3
61.1
63.7
72.8
76.9
80.6
84.7
77.8
75.9
82.9
82.6
88
88
94.8
96.8
75.8
63.2
58.1
58
55.8
54.5
53.8
57.4
71.3
78.6
96.9
98
98
98
98
98
98
97.8
98
98
98
98
97.7
87.6
68
65
65
65
65.2
65.2
66
67.1
66.9
69.8
72.2
76.6
79.8
86.4
95.4
98
97.9
94.6
94.9
97.5
97.5
97.6
84.8
76
73.9
73.9
68.7
65
62.3
61.7
62.9
62.2
63
65.5
66.1
72.1
74.7
83.5
88.3
90.3
94.6
85.7
91.9
94.1
91.3
95.8
88.6
73.1
70.6
69.9
71
73.6
89.3
94.8
92.6
87.4
85
77.7
78
82.5
82.8
92.2
97.5
97.7
97.8
97.6
97.7
97.9
97.9
97.7
89.2
75.7
67.4
63.9
62.5
61.9
58.4
59.5
63
69.9
67.4
67.7
68.1
78.1
84.8
87.4
89.3
95.6
97.5
97.5
97.5
97.5
97.5
96.7
79.6
68.3
61.7
60.9
58.2
56.2
49.1
47.3
47.2
48.5
48.8
49
52.1
58.5
63.2
58.9
64.1
66.8
74.4
78.2
78.2
79.7
85.3
81.2
72.1
64.4
56.2
52.7
51.3
49.6
48.1
49.1
49.1
47.7
46.9
47.8
50.4
59.7
66
65.8
67.3
63.9
71.9
81.8
82.1
77.1
82.1
75.7
72.5
68.9
64.6
78.1
75.5
60.8
59.8
57.8
56.8
64.1
62.2
60.9
67.9
78.9
87.3
94.7
95.1
94.7
96.7
97.6
97.6
97.5
97.5
95.8
77.2
71.8
68
62.4
59.7
55.9
48.6
44.4
42
41.3
41.5
49.8
63
64.7
67.6
72.2
76.5
87.6
97.1
97.5
97.3
97.5
97.5
97.5
95.8
87.8
80.3
75.1
69.8
70
65.1
63.9
63.9
62.6
65.4
67
67.5
70.3
77
97.7
97.8
97.7
97.8
98
98
98
98
97.9
97.9
96.4
81.9
84.8
84.6
85.4
82.8
83.1
86.6
82.5
87.6
90.7
92.7
98
98
98
98
98
98
98
98
98
98
98
97.8
91
82.8
82.2
79.5
73.3
69.6
67.5
66.8
65
66.5
80.4
80.2
88.9
91.8
91.6
96.9
97.6
97.6
97.6
97.8
97.8
97.8
97.7
97.6
97.5
97.6
90.5
77.7
69.5
64.6
66.2
65
62.8
66.6
72.1
75.1
84
87.4
82.8
82.5
81.6
87.1
94.9
86.8
92.6
92.3
97.5
92.7
82.6
78.4
78.1
80.2
79.2
74.4
71.1
71.5
85.3
77.7
81.3
97.7
97.8
96.9
89.7
89.8
95.7
97.5
88.8
97.6
97.9
98
97.6
97.5
97.4
97.2
97.5
97.6
97.5
96.9
96.7
97.9
98
97.9
97.9
98
98
97.9
97.8
97.8
97.7
97.6
97.6
97.7
97.7
97.6
97.5
97.6
97.8
97.8
97.7
97.4
97.5
97.5
97.5
95.6
79.8
83.9
87.7
88.3
95.9
97.6
97.7
97.8
97.9
97.9
98
98
98
98
98
97.6
84.6
78.3
75.5
73.4
68.5
67.5
67.8
66.3
63.2
62.9
66.6
72.8
81.9
84.5
95.4
96.6
97.6
97.8
97.9
98
98
98
98
95.2
83.3
72.8
72.1
66.8
66.8
67.2
65.8
65.3
79.8
97.6
96.6
89.9
95.4
91.7
86.5
85.8
90.2
95.6
97.2
97.6
97.7
97.9
97.8
95.2
80.2
80.9
77.2
70.7
65.1
62.9
61.2
59.6
60.8
59.6
63.4
67.7
76.9
89.2
97
97
96.7
97.4
97.6
97.7
97.6
97.8
97.7
97.5
86.6
76.1
72.1
71.3
74.1
71.4
67.2
65.9
64.2
63.6
65.8
68.9
77.9
90.6
96.6
92.8
93
97.5
97.6
97.7
95.8
91.2
92.5
90.4
78.7
76.1
71.7
67.9
66.3
67.2
65.5
63.4
62.2
61.8
61.9
69.3
80.5
86.6
83.4
89
97.6
97.3
92.6
95.5
95.9
96.9
97.6
92
78.7
70.7
66.7
69.1
65.7
64
65
65
64.3
64.9
67.5
71.8
85.8
87
94.6
96.6
90.1
94.1
93
92.7
97.4
96.3
92.3
89
97.6
97.7
94.2
82.3
70.1
69.5
65.3
64.8
64.6
63.6
65.6
75.1
83.9
95.4
97.5
86.7
84.1
93.1
94.3
97.7
94
88.2
83.1
84.2
79.4
73.4
66.2
64.4
61.7
63.4
61.3
58.4
57.4
59.8
62.4
66.4
64.5
68.4
62.3
63.7
64.4
65.8
73
84.1
87.3
86.5
84.3
86.2
86.4
91.9
95
76.9
71.3
66.2
64.4
73
79.6
84.1
82.6
88.9
97.9
97.8
97.6
97.6
97.8
97.7
97.7
98
97.9
96.8
97.4
97.7
94.5
80.4
72.8
70.4
68.5
66.9
64.8
64.2
66.1
65.8
66.9
70.7
76.1
84.8
89.4
95.3
97.6
97.7
97.8
97.7
97.8
97.8
97.7
88
76.7
74.9
73.8
69.8
67.3
68.7
67.6
64.3
63.7
61.4
62.2
70.8
78
88.2
90.6
97.4
97.6
96.9
89.1
96.7
97.6
96.7
97.6
92.2
83.2
75.1
68.6
66.7
65.9
61.4
57.8
58.2
60.3
73.1
98
98
98
98
98
97.7
97.8
98
98
98
98
98
98
98
96.7
97.3
92.4
75.5
74.1
73.9
72.5
69.2
77.9
97.2
93.1
90.9
95.4
97.8
97.6
95.6
86.1
91.1
98
98
98
98
98
98
97.9
97.8
97.6
95.7
83.6
76.7
76.7
71.6
69.6
74.3
77.2
81.3
94.9
97.5
97.8
97.9
93.4
50.5
49.2
63.3
60.9
52.2
62.6
62.2
54.1
48.7
48.7
47.5
47.7
47.2
48.3
48.4
46.8
47.7
50.1
51.8
58.9
60.8
60.7
61.7
74.5
76.2
77.6
95.4
96.6
82.5
88.5
78.1
65.5
62.5
61.7
61.9
62.1
59.4
56.6
54
54.9
53.8
56.5
58.9
68.9
79.4
85.5
90.9
94
96.6
85.9
80.1
91.1
97.8
97.6
97.5
93.9
92.6
92
87.9
90.6
97.6
91.5
75.3
72.1
70.7
81.3
96.6
97.6
97.6
96.7
96.8
93.4
97.8
97.8
97.9
98
98
97.8
89.8
79.8
73.3
71.1
69.3
66.9
63.6
63.9
64
64.3
63.7
67.5
76.4
95
87.3
89.6
85.8
89.7
92
97.6
97.8
98
98
98
87.3
74.2
72.2
73.6
70.5
67.6
64.8
63.2
61.1
60.5
60.7
61.4
62.9
72.2
80.2
90.8
93.2
79.8
84.7
97
97.5
97.8
97.8
97.6
86.2
74.7
62.5
60
60.5
60.7
60.5
60.3
59.9
59.8
61
63.5
65.9
72.8
80.3
83.1
82.1
87.9
97.5
97.6
97.6
96.6
97.8
97.8
91.6
76.4
68.3
67.8
67.1
65.6
63.3
61.9
61
61.5
63.2
64.1
66
70.6
75.2
77.2
84
81.7
95.8
96.9
97.7
97.8
97.9
97.8
95.3
80.9
73.4
69.6
67.1
64.8
65
64.5
63.6
61.9
61.6
63.8
66.4
73.3
78.2
88
96.9
97.5
97.5
97.6
95.5
96.4
97.7
97.7
95.5
78
73.6
68.2
66.8
65.8
62.9
61.1
60.4
59.6
61.1
61.4
65.7
77.2
83.6
96.1
97.6
97.7
97.8
97.9
97.9
98
98
97.9
96.7
88.4
81
75.2
71.4
69.9
68.3
67.4
66.7
65.8
66.3
68.3
71.2
79.3
89.9
96.7
92.6
92.6
96.1
94.5
97.4
97.6
97.6
97.6
97.6
97.2
83.4
75.9
76.4
76.6
78.7
78.5
75.2
74.9
73.2
77.2
88.6
96.5
97.5
97.8
97.9
98
98
98
98
97.9
98
97.9
97.5
88.6
78.6
72.4
67
66.1
67.2
66.6
65.9
65.7
69.5
69
71.2
79.3
87.3
94.5
97.6
97.7
97.7
95.6
96.5
97.6
97.7
97.7
97.6
94.5
76.3
72
70
68.9
67.1
66.5
64.1
63.9
65.6
66.5
72.1
81.2
91.9
96.5
97.6
97.6
97.6
97.2
97.1
97.7
97.8
97.8
NA
NA
NA
NA
NA
NA
70.1
66
67.5
68.6
72
78.8
90.6
87.7
95.2
97.4
97.6
93.8
96.6
97.7
97.7
97.7
97.5
97.6
97.5
97.6
91.1
83.3
76.5
70.5
68.4
68.3
65.1
65.1
64.7
66.4
73.4
87.2
95.9
97.6
97.6
97.6
97.4
97.7
97.7
97.8
97.9
98
97.4
84.6
79.2
74.3
70.8
69.2
66.2
67.8
65.6
66.3
67.2
69.7
76.5
85
96.5
97.7
97.7
97.7
97.8
97.8
97.5
97.6
97.8
97.7
89.4
74.2
68.1
65.1
65.5
64.8
67.3
66.5
68
66.8
68.8
67.4
73.5
81.8
91.7
97.3
97.2
97.4
96.2
94.5
97.7
97.7
97.6
97.6
97.5
91.9
97
97.9
98
97.8
97.8
97.6
89.6
75.4
71.6
73.7
82
93.1
97.5
97.9
98
98
98
98
98
98
98
98
97.8
97.7
97.7
97.6
95.8
90.3
85.8
84.2
80.8
79.3
81.3
85.1
86.7
93
95.5
95.6
97.5
97.6
97.6
97.6
97.6
97.5
93.6
97.5
98
98
97.6
91.1
76.4
74.2
71.8
69.4
67.9
68.9
68
68.4
78.9
94
94.1
89.5
92.9
88.5
97.5
96
97.4
97.5
97.6
97.5
97.6
97.5
97.5
97.3
96.5
90.5
83.2
88.8
96.9
97.7
97.6
94.4
97.8
98
97.9
98
98
97.9
97.9
97.7
97.8
97.7
97.7
97.9
90.1
78.4
69.6
63.8
64.1
65
63.8
62.8
60.1
58
60.6
61.8
63.6
77.7
91.8
97.4
97.6
93.5
97.7
97.8
97.9
97.8
96.9
97.7
88.6
77
67
66.5
66.5
65.5
63
61.2
57.7
54.7
53.6
54.9
59.5
68.4
62.2
66.1
68.1
74.7
83
92.5
97.7
97.9
97.9
97.8
95.4
82.8
73.2
74.5
75.2
72.8
68.8
67.8
69.1
68.5
66.6
66.5
70.9
85.8
94.7
97.5
97.7
97.7
97.7
97.1
97.8
98
98
97.9
97.6
94.9
90.2
93.3
81.3
84.3
79.1
79.2
78.2
95.8
97.8
98
97.8
97.9
98
98
98
98
98
98
98
87.4
64.6
53.3
56.3
51.3
49.1
49
47.5
46.7
46.6
43.4
44.2
44.2
43.7
44.4
46.9
45.9
52.9
57.8
60.8
64.7
68.1
81.3
88.7
85.6
82.3
87
74.3
67.7
63.1
60.2
56.2
53.8
56.3
57.5
61.3
57.7
58.4
59.6
64.4
71.4
74.1
73.1
80.6
79.2
76.5
83.7
91.2
96.4
97.6
97.1
84
73.3
63.4
62.5
56.9
56.7
56.5
57.3
56.2
57.5
58.5
58.3
60.9
67.7
76.5
85.9
96.6
97.3
97.6
97.6
97.6
97.6
97.7
97.7
96.5
88.5
70.5
68.7
68.4
67.9
65.7
66.2
64.9
65.1
67.5
68.2
73.3
82.3
91.8
97.2
97.6
97.7
97.8
97.8
98
98
98
97.9
97.7
94.7
81
77.6
74
71.3
67.3
64.4
64.6
65.7
66.9
67.7
70.5
78.8
85.9
91.7
96.7
97.6
97.7
97.6
97
97.6
97.8
97.8
97.6
91.4
83.7
81.1
81.5
81.9
80.2
78.3
77.6
76.1
72
70.5
71.9
77.4
85.6
93.5
96.6
98
98
98
98
98
98
98
97.7
97.6
97.4
93.2
96.3
97.6
96.2
87.4
78
84.9
86.5
96.3
96.4
97.2
97.7
97.7
97.9
97.9
97.8
98
98
98
98
98
97.5
94.7
85.4
77.2
71.2
72.2
70.3
69.4
69.5
69.7
70.5
70.9
72.1
78.6
83
95.3
94
83
86.8
97.3
97.6
97.7
97.7
96.9
87
77
69.4
61.4
61.5
63.7
62.2
61
59.5
59.1
59
61
66
77.9
84.5
91.6
96.4
97.6
97.6
97.6
97.7
96.4
97.3
96.7
85.2
76.4
72.2
68.4
65.9
65
65.5
63
62.1
62.8
65.1
68.6
71.7
79.9
87.1
97.4
97.8
97.8
97.9
97.8
97.7
97.9
98
97.9
97.7
97.1
85.5
74.6
72.4
70.8
70.6
68.8
67.9
64.7
64.2
65.5
70.8
82.8
95.4
97
97.7
97.7
96.6
97.9
97.6
97.6
97.6
97.8
97.6
87.9
81.1
79.3
77.7
75.9
74.3
72.1
68.9
67.4
67.2
69
73.2
78.8
87.6
94.6
97.7
97.7
97.8
97.9
97.6
97.7
97.9
98
97.7
93.4
81.1
71.1
70
67.4
65.4
63.4
64.6
64.5
64.4
65.6
70
79.7
94.2
97.7
97.6
94.4
97.6
97.2
97.8
97.9
98
97.9
97.3
86.7
76.3
72.3
68.9
67.6
66.7
61.7
55.7
57.9
58.5
63.6
80.5
90.4
95.5
93.7
97
86.5
91.3
96.4
94.1
97
97.6
97.6
93.1
89.3
76.2
64.9
64.1
65
63.9
65.1
63.8
62.5
59.8
57.2
62.7
73.6
86.7
95.1
96
96.4
96.7
97.6
97.5
97.4
96.8
97.2
85.4
71.7
64.7
59.7
56.5
53.7
54.1
52.3
51.4
50.9
51.7
54.2
61.3
69.7
76.9
86.1
90.1
95
94.3
96.6
97.2
97.5
92.9
95.9
83.7
70.7
63.7
60.3
58.4
59.2
59.1
57.2
53.4
52.5
50.5
53.7
60
71.3
78.9
79.6
71.3
69.6
73
82.2
86.1
71.7
72.7
76.8
80.2
80.9
74.9
67.3
62.3
61.6
60.6
61.4
61.7
62.5
64.4
68.7
77.4
85.8
80.8
80.1
85.7
91.9
86.3
92.9
97.9
97.9
97.9
97.9
97.9
97.8
97.6
91
71.6
61.8
60
59.9
61
61.6
61.6
63
67.6
79.9
90.6
92.5
96.3
94.3
97.6
97.7
97.7
97.7
97.7
97.5
97.2
97.1
95.2
84.7
83.2
78.1
77.8
77.7
79.1
79.2
81.1
82.9
97.4
98
97.7
97.9
98
98
98
98
98
97.9
97.9
97.8
97.6
89.5
78.2
72
70.3
66.6
64.4
62.4
58.6
58.2
61.9
66
72
83.4
81.3
79.8
83.9
95.1
97.7
98
97.9
97.9
98
98
97.1
90.3
84.4
79.3
71.8
70.1
66
63.9
61.8
60.1
59.7
62
67.2
74.5
84.1
96
93.7
95.7
97.7
97.7
97.7
97.8
98
97.8
97.5
96.4
88.5
70.6
63.3
61.9
60.2
59.1
58.7
57.1
58.4
61.4
65.3
73.2
79.6
90.8
91.8
96.6
97.6
91
97.2
97.7
97.7
97.8
96.5
89
87.8
77.3
72.7
69.4
72.6
67.3
66.7
65.7
68.9
72.2
95.6
97.7
97.7
97.7
97.8
97.9
98
98
98
97.8
97.6
97.5
96.4
95
93.2
85.6
84.9
79.9
73.5
73.3
66.2
64.3
63.7
63.7
67.2
72.6
71.9
80.1
76.6
81.3
89.6
91.4
97.2
97.6
97.1
97.3
95.8
81.9
71.3
66.6
65.5
63.9
60.8
61.8
57.6
58.5
60.4
63.8
66.3
76
88.3
82.9
80
78.3
74
79.6
84.1
97.7
97
97.9
98
96.9
94.1
87.6
82.1
94
96.7
89.2
80.8
94.1
97.8
97.8
98
98
97.8
72.5
90.1
94.1
93.6
97.3
97.7
97.8
95.1
95.5
92.7
87.2
77.8
75.3
73.8
72.6
65.1
63.3
64.1
63.2
66.9
69.3
77.7
90.9
96.9
97.7
97.9
98
98
98
98
97.5
97.6
93
90.7
87
80.8
73.4
73.2
71.5
69.3
62.1
59.8
63.4
65
66.4
67.7
72.4
74.4
73.3
79.6
84.9
97.4
97.6
97.7
97.6
97.7
97.6
94.5
75.2
69
67.8
68.2
63
61.8
60.9
60.2
59.8
60.7
61.2
61.1
71.2
81.1
89.6
78.9
81.5
78.9
88.9
95.2
97.5
97.6
97.6
91.8
77.6
68.3
65.8
62.2
61.1
60
59.1
58.4
58.3
59.6
63.4
65.9
79
90.5
93.6
97.5
97.7
97.7
97.8
97.8
97.9
98
98
97.6
88.1
73.1
68.3
66
61.5
58
52.8
52.1
53.8
54.4
55.3
59
71.7
86.4
90.5
94.6
96.8
97.4
97.6
97.7
97.8
97.9
98
96.5
82.5
69.2
63.7
62.7
63.8
61.9
59.2
57.6
57.4
58.9
61.9
67.8
81.1
93
97.5
97.6
97.6
97.6
97.6
97.8
98
98
98
97.3
85.7
71.9
64.2
62.8
61.6
60.4
57.9
55.9
55.9
56.5
57.8
61.8
76.1
85.1
88.8
94.3
97.6
97.7
97.8
97.7
97.8
97.7
97.6
90.8
71.6
63.5
58.2
55
54.5
54.6
50
48.3
46.1
45.5
50.6
55
64.2
74.1
76.4
77.9
81.1
81.6
82
82.8
93.2
97.5
97.6
90.7
76.1
65.8
60.3
59.1
60.8
59.6
58.8
56.7
56.5
56.2
60.7
61.6
54.4
54.5
58.1
58.5
62.6
62.6
62.8
71.9
76.3
80.9
80.7
76.5
63.6
54.6
51.7
53.4
50.4
52.4
55.3
58
57.9
58.4
59.6
66.5
81.5
91.9
97
97.5
93.4
81.2
94.9
97.6
89.6
84.3
78
79.2
71.7
68.5
66.3
65.2
62.9
61.6
59.3
56.7
56
57.5
60.9
62.9
73.1
89
90.9
82.5
89.7
97.6
97.6
97.6
97.7
97.7
97.6
89.8
74.8
76.5
68.7
68.5
66.4
64.3
61.1
61.8
62.2
61.3
63.4
69
78.7
81.4
84.1
85.3
93.9
95.7
97.7
97.7
97.7
97.8
97.7
97.4
87.7
73.8
64.1
63.2
62.9
61.1
59.9
59.2
60.4
60.6
65.5
71.2
76.3
80.9
71.4
80.6
86.9
84.5
87.9
93.4
89.1
96.2
97.5
91.8
77.8
66.5
62.5
60.6
59.6
61.4
59
54
56.6
65.1
70.4
70.7
76.8
86.3
95.1
94
91.1
89.1
96.3
95.7
97.7
97.9
97.9
90.7
97.3
97.9
97.8
97.6
90.4
76.9
66.9
64.8
70.8
73.1
88.9
97.6
97.7
97.7
97.7
97.7
97.7
97.9
98
98
97.9
97.6
97.1
96.8
95
91.5
82.7
73
68.8
67.4
65.2
63
63.6
64.4
67.7
73.2
77.1
87.7
96.2
96.3
97.1
97.8
98
98
98
97.8
97.9
97.7
97.6
97.8
79.8
68.9
68
65
63.9
62.1
62.7
64.9
68.6
75.1
93.2
97.5
97.2
96.8
97.9
97.9
97.8
98
98
98
98
97.9
95.3
81.6
75.8
73.1
69.1
68.5
70.2
72.8
71
75.8
76.3
83.3
88.2
91.8
91.4
96.9
97.6
97.7
97.9
98
98
98
98
97.7
89.1
73
67.9
66.5
63.6
61.8
59.9
58.8
61.9
62.5
63.5
69.3
79.2
85.1
87.2
94.4
97.5
97.7
97.7
97.8
97.7
97.8
90.2
85.7
70.2
68.8
69.9
66.8
66.4
63.8
61.5
60.2
59.8
58.3
61.8
68.3
75.6
80.5
93.3
97.5
97.7
97.8
97.9
97.8
98
97.9
97.8
97.8
97.7
97.9
88.6
73.9
75.6
74.9
68.5
67.1
67
69.2
75.2
80.2
89.8
91.5
90.8
69.6
47.8
43.2
43.6
45.5
44.3
47
50.2
59.1
59.2
55.5
52.3
52.6
50
48.7
48
48.9
48.8
50.8
53
61.5
65.3
77.2
76.3
72.8
83.3
93.3
94.8
97.2
97.5
97.5
97.5
88.7
72
63.5
58.3
58.2
57.3
56.2
55.4
54.2
53.5
55
59
66.9
79
88.3
90.7
92.5
96.8
97.5
97.6
97.7
97.7
97.8
97.8
90.9
82.7
70.5
67.9
69.2
69.2
68.4
69.8
65.9
62.9
64.9
70.8
80.2
91.4
84.3
89.4
86.2
81.4
68.7
78.9
80.9
87.6
97.6
97.5
97.5
97.5
97.4
94.7
94.3
95.8
85.8
72.7
69.5
69.7
69.3
73.1
73.3
73.3
75.6
81
86
90.7
91.7
94.7
89.9
97.1
97.6
97.6
92.9
78.1
72.7
63.6
61.1
62.5
59
60.3
60.3
58.1
59.9
61.3
62.5
68.2
69.6
77.9
81
68.2
67.7
71.4
86
90.1
69.6
70.7
84.4
83.2
69.4
58.5
55.1
54.4
54.5
55.2
55.7
54.3
55.1
58.6
68.3
78.5
88.9
93.2
90.7
93.2
97.1
97.5
97.6
97.7
97.7
97.8
97.6
84.5
71.5
64.8
61.7
61.3
61.1
59
56.8
57.3
60.7
64.6
71.4
84.7
92.3
96.5
97.5
97.4
97.6
97.7
97.7
97.7
97.7
97.7
97.3
91.5
86
80.9
76.2
74.4
75.5
71.1
66.6
65.6
68.8
75.8
81.8
91.4
94.4
96.7
97.2
97.5
93.7
93.6
97.5
97.1
95.2
97.6
97.6
96.3
91.2
85.9
81.9
74.5
68.9
67.1
67.6
67.1
70.1
71.9
79.6
88.4
96.1
97.4
91.4
96.4
97.6
97.7
97.8
97.8
97.8
97.9
97.7
97.6
97.4
96.1
94.5
94.7
92.3
92
97.5
96.1
90.5
91
97.8
97.9
98
97.8
97.8
97.8
97.9
97.7
97.5
97.2
97.7
97.5
97.7
97.7
97.6
97.9
98
98
98
98
97.8
97.6
97.5
97.5
97.7
97.6
97.6
97.8
98
97.9
97.9
97.7
97.6
97.7
98
98
98
98
98
98
93
67.6
59.9
57.2
56.7
52.6
51.4
55.3
60.9
63.2
54.5
72.4
85.1
71.3
71.6
77.4
91.6
71.8
76.6
73.7
78.9
67.4
62.3
60.7
57.1
55
54.9
54.2
53.3
51.5
52.5
58.3
76.1
86.1
90.2
86.9
86.1
94.3
97.6
97.7
97.7
97.7
97.7
97.9
97.8
96.1
83.5
84.9
76.1
69.6
64.6
61.4
68.7
71.5
73.7
80.1
81
88.7
85.4
93.1
97.6
97.9
97.9
98
97.9
98
98
98
98
97.8
97.7
97.6
97.1
95.8
87.1
78.6
72.4
71.4
74.7
83.1
96.7
97.7
98
97.9
98
98
98
98
98
98
98
98
98
96.1
86.9
77.3
75.5
72
68.9
66.3
65
65.8
69.7
75.4
89
97.5
97.8
97.9
98
98
98
98
98
98
98
98
98
97.6
88.2
78
75.4
73.4
68.8
66.4
65.2
64.9
69
75.7
88.5
93.8
88
94.7
87.6
92
91.9
93.9
95.6
97.5
97.2
97.7
97.7
97.6
97.2
94.6
93.8
93
97.7
97.9
98
98
98
98
98
98
97.8
97.7
97.7
97.8
97.9
98
98
98
98
98
98
98
98
97.9
97.9
93.1
81.1
76.1
76.3
81.2
82.9
74.8
92.9
97.7
97.9
98
97.8
97.7
97.8
97.7
97.8
97.7
97.6
97.6
97.7
96
81.9
68.5
65.3
64.3
62.4
61.7
56.5
55.2
65.5
90
91
91.3
88.9
85.3
91.4
97.5
97.5
97.6
97.6
97.6
97.8
97.8
96.6
80.8
71.5
65.9
62.4
56.2
52.1
52.5
55
51.2
52.8
58.2
63.5
66.4
60.7
73.4
74.2
79.8
70.4
71.6
76.7
92.9
94.8
96.8
97.6
82.3
66.6
59.6
58.5
54
53.3
53.2
52
51.3
54.5
58.5
63.3
77.9
82
84.4
85.8
89.1
95.3
96.6
96
93.6
85.1
88.2
87.2
70.1
62.5
60
58
58
58
60.1
59.9
60.4
64.2
73.6
88.1
97.3
96.8
97.6
97.6
97.8
95.7
97.3
98
98
98
98
97.9
96.8
81.9
72
63.1
47.7
45.1
45.1
44.2
42.9
45
45.9
46.1
46.7
64.5
96.6
97.6
97.6
97.8
98
98
98
98
97.9
97.9
92.1
79.8
76.7
70.2
68.9
63.7
62.2
64
63.1
64.8
68.3
84
97.5
97.6
94.3
96.5
97.7
97.9
97.8
98
98
97.9
97.9
97.8
97.6
93.4
75.8
71
67.6
66.1
63.7
62
62.9
65.4
75.5
79.9
95.7
94.4
75.8
72.6
81.3
89.5
94.2
95.8
94.6
82.4
87.8
96.8
96.4
82
67.2
63.5
60.4
58
56.7
57
56.6
60.3
71.6
85.4
94.9
97.2
97.6
97.6
97.6
97.7
97.8
97.8
97.7
97.9
97.8
97.9
96.6
80
70.2
67
63.1
63.2
62.1
61
58.7
59.8
64.3
80.2
91.4
96.2
91.8
78.8
88.5
96.3
96.9
96.6
96.5
97.5
97.4
81.2
82.6
85.8
84.2
81.3
83.2
79.2
71.9
67.8
62.9
68
82
94.5
97.6
97.7
97.7
98
97.9
98
98
98
98
98
97
96.9
97
95.4
83.7
71.4
70.2
67
65.1
65.9
65.5
69.2
76.5
87.1
97.6
97.8
97.8
97.9
97.9
98
97.9
98
98
98
98
98
97.5
89.4
73.4
67.2
66.5
64.7
62.9
62.5
63
66.3
73.3
90.1
97.5
97.6
97.7
97.7
97.7
97.7
95.8
97.2
97.6
97.7
97.7
97.7
97.5
95.7
85.5
84.4
84.2
91.8
83.2
77.7
79.1
85.9
92.3
97.5
97.6
97.7
97.8
97.9
97.9
97.8
97.8
97.9
98
98
98
98
97.9
96.8
96.5
87.5
84.2
89.4
97.7
98
98
98
98
98
98
98
98
98
98
98
98
98
98
98
98
98
98
97.9
97.7
97.8
97.6
97.5
94.3
86.9
90.3
94.7
85.6
97.9
98
98
98
98
98
98
98
98
98
98
98
98
97.8
94.5
87.6
82.5
77.7
82.4
78.7
79.3
76.2
79
89.1
87.4
90.5
97.8
97.7
97.9
98
98
98
98
98
98
98
98
98
95.1
84.4
85.5
86.8
81.4
78.7
76.5
74.5
82.8
97.5
97.7
97.8
97.9
97.7
97.8
97.7
97.6
97.6
97.6
97.6
97.8
98
98
97.8
97.6
97.6
97.8
97.8
98
98
98
98
98
98
98
98
98
97.9
98
98
97.8
97.8
98
98
98
98
98
98
98
98
98
97.9
97.9
97.5
96.9
94.9
97.6
97.7
96.3
88.8
97.3
97.6
97.7
97.4
97.9
97.9
98
98
98
98
98
97.7
89.8
83.7
75.8
76.9
77.5
75.8
77
78.6
84.1
88.5
93.1
98
98
97.9
98
98
98
98
98
98
98
98
98
97.9
96.8
85.9
75.7
74.1
70.9
69.1
72.1
75.5
80.1
94
97.8
98
97.9
98
98
98
98
96
88.1
94.7
93.1
92.2
90.3
94.2
98
98
98
98
98
98
98
98
98
98
97.9
97.9
97.8
97.6
97.5
97.5
97.5
97.6
97.8
98
98
98
97.9
98
98
98
98
97.7
97.8
98
98
98
98
98
98
98
98
98
98
98
98
98
98
98
97.9
97.9
97.9
98
98
98
97.8
98
98
97.9
97
96.6
89.9
87.7
92
96.8
96.1
97.1
97.2
97.6
97.9
97.9
98
98
97.8
98
98
98
98
97.8
97.7
97.3
97.5
96.7
91
84.5
86.6
96.5
97.7
98
97.8
97.6
97.6
97.6
97.6
97.8
97.9
98
98
98
98
98
98
98
97.9
97
87.3
75.3
84.3
92.6
97.6
97.6
97.6
97.6
97.7
97.9
98
98
98
97.7
97.7
97.6
97.5
97.5
96.2
96.8
89.9
83.3
85.7
82.4
78.7
80.5
86.2
92.4
96.7
97.7
97.9
97.9
98
98
98
98
98
98
98
98
98
98
98
98
97.4
92.3
78.7
76.2
77.4
70.1
69.1
70.3
78.8
89.6
97.6
97.8
98
98
98
98
98
98
98
98
98
98
98
97.8
91.3
78.7
74.8
78.9
78.8
76
74.8
74.9
84.3
93.1
97.7
97.9
98
98
97.7
97.9
98
98
98
98
98
98
98
98
97.2
96.8
89
77.8
79.8
75
72.5
72.6
81.4
96.6
97.3
65.4
55.1
65.5
83.9
67.2
52.1
69.8
86.7
81.8
80
82.5
74.1
70.1
64.3
59.6
51.6
41.4
43.8
45.2
44.3
44.7
57.9
70.7
87
84.4
83.2
87.3
94
95
94.9
95.8
97.5
97.4
97.6
97.6
97.6
96.2
83.4
67.4
61
62.8
61.7
61.8
61.7
62.1
67.3
80.9
97
97.6
97.6
97.6
96.5
97.7
97.8
97.9
97.9
98
98
98
98
97.8
88.3
79.4
77.5
75.8
73.2
71.4
70.8
72.3
82.1
97.5
97.7
97.9
98
98
98
98
98
98
98
98
98
98
98
98
97.8
97.6
96.6
91.8
91.2
86.9
84.2
89.3
97
97.7
97.7
97.8
97.9
98
97.9
97.9
98
98
98
98
98
98
98
97.7
97.7
97.6
96.7
93.5
96.6
97.7
97.6
97.6
97.8
98
98
97.9
98
97.8
97.9
98
98
98
98
97.9
97.8
98
98
98
97.9
97.6
97.8
98
98
98
97.9
97.6
97.7
98
98
98
98
97.8
97.7
98
98
97.9
98
97.9
97.7
97.6
97.6
97.6
97.9
98
98
97.9
97.7
97.5
97.6
97.6
97.8
98
98
98
98
97.8
98
97.9
97.8
98
98
98
98
98
98
97.8
93.1
78.1
64.7
64.5
60.3
57.1
56.2
80.6
96.4
97.7
97.7
98
98
97.8
97.8
97.9
98
97.8
97.8
97.9
98
98
98
98
97.6
90.6
80.3
72.4
75.5
75.4
77.8
79.1
93.4
97.6
97.6
97.7
97.8
98
98
98
98
98
98
98
98
98
98
97.9
97.5
87.4
77.3
76.1
72.4
74.5
76.7
84
93.1
97.6
97.8
98
98
98
98
98
98
98
98
98
98
98
98
98
97.7
91.3
79.8
73
73.2
76.6
74.6
83.4
97.5
97.6
97.7
97.9
98
98
98
97.9
97.9
97.9
97.9
98
97.6
97.7
97.9
97.8
89.3
74.2
74.9
79.8
74.8
69.7
69.3
78.2
84.2
96.9
97.3
93.6
88.7
96.7
97.6
97.2
95.7
97.6
97.7
97.6
93.2
97.4
97.6
94.6
97.6
97.8
98
98
97.9
97.6
97.6
97.7
97.6
97.8
98
98
98
98
98
98
98
97.9
97.8
84.4
81.6
89.9
86.6
83.9
73.3
61.9
58.4
58.7
60.5
61.7
59.9
51.4
54
62.7
66.2
73.6
71.7
76.1
62.8
58.6
64.5
70.9
74.9
79.3
81.4
56.2
58
55.2
51.7
51.6
51.6
47.5
45.2
46.9
46.4
48.7
55.4
64.8
75.2
77.8
81.6
83
83.4
86
87.1
88
85.3
87.4
87.8
96.7
95.6
92.6
72.1
64.3
63.3
64.3
65.5
63.7
63.6
64.6
72.6
80.2
93.2
96.8
97.6
97.6
97.6
97.7
97.7
97.7
97.7
97.7
97.7
97.7
97.8
97.7
87.7
73.2
72.8
71.2
75.1
78.5
79.6
78.7
82.1
55.6
42.3
46.6
50.4
54.8
58.6
49.3
38.5
37.9
39.6
51.8
58.6
64.2
66.5
64.9
59.8
53.4
48.2
47.1
45.5
45
44.9
47.3
50.5
58.9
60.4
64.3
61.9
69.1
68.6
73.4
81.1
84.8
82.5
83.8
80.9
68.5
72.4
70.2
63.2
57.4
55
56.4
53.4
54.9
56
56.7
62.1
73
82.4
86.5
92.9
94
96.2
96.9
97.4
97.5
97.3
79.5
84.6
96.1
96.4
96.4
97.2
97.6
97.6
95.8
89.6
84.8
80.1
77.3
90
97.5
97.7
98
98
98
98
98
97.6
97.3
97.7
97.9
98
98
98
98
94
79.2
74
75.1
75.2
71.6
69.9
72.5
87.4
97.6
97.6
96.2
97.6
96
96.1
97.4
97.3
97.8
98
98
98
98
98
98
98
97.7
97.6
97.5
97.8
97.8
98
98
98
98
98
98
98
98
98
98
98
98
98
98
98
98
98
98
98
98
98
98
98
98
98
98
98
98
98
98
98
98
98
98
98
98
98
98
98
98
98
97.2
81.8
67.1
62
62.8
65
59.9
64.5
74.6
81.6
87.6
97.5
97.8
97.9
97.8
98
98
98
98
98
98
98
97.7
97.5
97.8
92.7
82.9
78.5
71.6
69.9
72.7
75.2
76.9
90.7
97.5
97.8
97.9
97.8
97.5
97.9
97.9
98
98
98
98
98
98
98
98
94.2
79.1
64.5
55.6
54
55.2
56.2
58.6
68.3
80.1
92.8
97.4
97.5
97.5
97.5
97.5
97.6
97.6
97.7
97.7
97.7
97.7
97.7
97.6
88.4
73.8
66.3
62.6
64.2
67.2
69.2
68.4
80.6
89.2
96.7
97.6
97.5
97.4
97.6
97.7
97.7
97.9
97.8
97.8
97.7
97.7
97.7
97.5
91.3
81.6
74.6
68.3
68.9
72.5
78.4
83.6
94.5
97.5
97.7
97.7
97.6
97.7
97.8
98
98
98
98
98
98
98
98
98
97.8
97.6
94.7
91.2
92.9
97.5
97.5
97.5
97.7
97.8
98
98
98
98
98
98
98
98
98
98
98
98
98
98
97.8
93.4
95
92
75.1
59.1
71.1
77.1
87
97.4
97.7
97.7
73.9
85.6
84.9
81.4
75.3
72.2
75.2
77.3
78.7
83.5
79.5
78.2
78.5
71.2
62.3
60.7
59.4
60.2
62.5
67.3
74.5
83.9
89.9
95.1
97.2
97.4
97.4
96.7
97.5
97.5
97.5
97.6
97.6
97.6
97.5
97.6
84.9
71.7
70.6
70.2
68.3
68.5
68.9
68.2
71.5
82.4
79.3
72.2
78.6
82.9
94.5
92.4
89.7
84.2
97
96.9
97.5
97.5
97.5
96.8
90.6
87
79.6
77.9
79.5
80.8
84.7
87.5
95.5
97.5
97.6
97.7
98
97.9
98
97.9
97.8
98
98
98
98
98
98
98
95.2
76.6
67.2
67.6
63.6
67
69.5
74.7
88.6
97.3
93.2
84.7
80.7
77.2
73
74.4
73
71.5
71.5
74.4
76.2
74.3
71.9
69.8
55.3
53.4
51.4
58.1
58.9
55.8
43.8
43.4
49.4
54
44.2
44.9
44.7
47.4
54.6
54.1
56.6
63.1
62.6
60.3
58.7
62.6
66.6
65.3
57.8
49.2
45.4
41
40.7
40.8
41.2
44.2
51.3
57.7
61.1
63.2
66.7
65.2
54
64.3
67.8
70.3
66.4
70.5
75.3
76.5
75.3
75.7
77.8
73.4
74.1
75.8
89.2
91.2
74
75.2
83.6
92.8
97.5
97.6
97.6
97.6
97.6
97.6
97.6
97.7
97.7
97.5
97.6
97.6
97.5
96.9
96.4
91.5
75
71.7
68.7
67.1
65.6
65.6
75.2
88.7
96.1
97.1
97.5
97.5
95.9
97.6
97.6
97.5
97.6
97.7
97.7
97.7
97.7
97.7
93.8
74.8
68.6
68.6
68.5
68.3
72.2
79.2
81.6
90.3
88.9
91
96.5
97.5
97.5
97.5
97.3
96.5
90.4
81.6
90.8
84.1
85.4
76.8
71
68.1
60
51.3
50.7
52.1
53.2
59.3
66.7
72.3
78.8
84.3
89.9
89.2
93.2
94.6
96.8
97.3
94.2
94.1
97.1
97.2
97.4
95.6
90.3
79.8
70.9
64
60.6
60.3
61.2
61.4
69.3
74.4
78.8
82.8
82.4
84.2
87.6
86.3
86.6
83.1
85.5
86.2
81.3
78.8
75.2
83.2
78.2
68.2
57.4
53.4
55.4
54.8
54.6
58.4
61.7
67.7
68
68
71.1
73.1
67.6
77.1
97.8
98
98
98
98
98
98
98
98
98
97.9
97.7
97.6
94.8
89.5
93.4
97.5
97.5
97.6
97.7
97.7
97.7
97.7
97.8
97.9
97.7
97.8
97.8
97.8
97.8
97.6
97.5
97.6
97.6
92.8
96.9
97.5
96.7
97.4
97.5
97.6
97.8
98
98
97.8
97.9
98
98
98
98
98
98
98
98
98
98
98
98
96.7
94.6
90.7
92.3
92
96.1
97.5
97.7
97.9
98
98
98
98
98
98
98
98
97.9
97.8
98
98
98
97.9
96.9
94.2
84.3
85.9
92.8
96.7
97.5
97.6
97.6
97.7
97.8
97.7
97.7
97.9
98
98
98
98
97.8
98
97.8
97.9
95.6
96.4
85.3
71.1
71.2
71.8
70.7
72.1
78.5
93.8
97.5
97.5
97.7
97.8
97.5
90.9
96.6
97.7
97.7
97.8
97.7
98
98
98
98
96.8
79.3
70.1
69
71.7
71.9
71.9
76.2
86.3
95.4
97.5
97.5
97.6
96.2
95.1
97.6
97.5
97.5
97.5
97.5
97.5
97.5
97.5
96.4
95.4
87.7
79.3
75.3
78.5
83.3
97.3
97.4
97.5
97.6
97.6
97.6
97.6
97.5
96.4
97.6
97.6
97.6
97.7
97.7
97.7
97.7
97.8
97.8
97.6
90.7
81.3
71.6
70
68.7
71.8
75.6
90.3
97.5
97.7
97.9
98
98
98
97.9
93.9
96.4
97.6
97.6
97.5
96.3
91.1
87.1
89.9
90.7
88.3
88.4
88
86.6
87.9
93.2
97.5
97.5
97.5
97.5
97.6
97.6
97.6
97.6
97.6
97.5
96.6
95.9
97.5
97.5
95.5
95.4
97
92.4
88.9
86.8
81.4
80
81.2
84.3
93.2
97.5
97.4
97.4
97.5
97.6
97.6
97.6
97.6
97.5
97.5
97.5
97.5
97
96.2
97.6
97.6
95.8
86.6
92.3
85.9
79
77.3
80.9
90.5
97.6
97.6
97.6
97.7
97.6
97.6
97.7
97.7
97.8
97.8
97.8
96.5
77.9
47.3
44.7
45.6
44.5
41.1
39.4
37.9
37.6
38.3
38.7
40.9
41.6
46.1
53
58.3
57
62.5
62.8
57.6
49.8
53.2
62.8
67.9
69.2
68.8
NA
NA
NA
NA
NA
39.6
38.9
38.8
40.3
42.9
46.4
46.7
44.9
45.4
56.8
46.6
55.7
51.9
54.5
60
59.4
53.4
43
41.3
42.8
40.1
42.2
42.3
41.2
40.5
39.3
40.3
43.9
48.7
55.2
59.1
61
62.4
60.5
64.7
66.6
64.9
60.8
60.6
61.7
58.5
55.9
59.2
65.6
62.6
54
47.9
47.1
47.3
44.2
45.2
48
59.1
64.7
69.9
73.3
75.5
66.2
70.9
66.8
72.7
74.5
73.7
76
78.4
82.3
87.2
90.5
85.7
70.9
62.7
64.1
62.7
60.5
60
62.3
68.5
74.3
72
74.9
76.7
75.9
75.9
74.6
73.6
74.3
76.6
77.7
78.9
78
81.9
91.6
94.7
97.4
91.8
86.9
82.2
75.3
75.5
79.2
87.4
96.4
97.5
97.5
97.6
97.7
97.8
97.9
97.9
97.8
97.7
97.7
97.7
97.5
97.6
97.6
97.5
97.5
94.4
84.1
77.4
72.7
74
72
80.3
86.9
90
96.3
97.4
97.5
97.5
97.5
97.6
97.6
97.6
97.6
97.6
97.6
97.6
97.7
97
87.1
77.9
69.9
69.1
70.8
74.4
80.1
84.6
94.3
97.5
97.6
97.7
97.4
97.6
97.5
97.5
97.6
97.6
97.6
97.6
97.6
97.5
97.3
97.5
97.4
97.4
80.5
67.7
68.2
72.1
75.1
90.6
96.3
97.5
97.5
97.6
97.7
97.6
97.5
97.7
97.8
97.9
97.9
97.8
97.9
97.7
97.5
94.9
86.8
74.2
71.3
72.4
72
70.9
83.3
97.1
97.6
97.8
97.9
97.8
97.8
97.7
97.7
97.4
97.6
97.6
97.6
97.6
97.5
97.5
97.5
95.7
88.7
71.1
60.1
59.5
66.4
67.7
71.1
86.5
97.4
97.6
97.6
97.6
97.4
97.2
94.7
94.9
94.4
94.8
94.2
92.4
91.5
91.2
92.2
84.3
78.3
75.2
67.5
66.9
65.9
67.1
77.6
89.4
90.4
80.9
77
74.4
76.9
79.7
79.9
78.8
77.2
75.4
71.1
69
73.2
74.7
77
72.1
66.3
60.1
57.7
57.3
59.4
55.6
65.9
78.2
85.1
84
84.2
81.8
82.8
83.3
81.3
83.6
75.7
79.4
80.5
80.2
78
66.5
78.1
74.5
64.1
58.9
57.1
55.8
57.5
57.9
60.5
70.1
78.4
82.4
86.2
87
87.3
87.5
87.3
87.2
85.7
87.4
88.4
89.8
93.1
93.5
96.8
97.5
84.9
75.7
68.6
70.9
77.5
82.2
82.5
92.4
97.5
97.6
97.7
97.3
97.6
97.7
97.8
98
98
97.7
97.9
98
97.6
97.8
97.9
97.7
94.5
92.4
94.8
92.2
97.5
97.7
97.7
97.8
97.8
97.8
98
98
98
98
98
98
98
98
98
98
98
98
98
98
97.7
97.6
87.9
80.5
80.5
96.5
97.6
97.6
97.7
97.9
98
98
98
92.1
77.7
76.5
76.4
79.4
76.6
79.6
79.9
82.7
84.2
87.5
73
67.7
58.4
57.5
59.2
62.1
67.4
78.2
84.8
91.5
96.8
96.1
97.5
97.5
97.5
97.5
97.6
97.6
97.6
97.7
97.7
97.7
97.7
97.6
90
75.4
69.1
70.2
73
77.3
78.6
94.6
97.5
97.6
97.6
97.6
97.6
97.6
97.6
97.6
97.6
97.6
97.6
97.6
97.6
97.6
97.6
97.6
91.6
87.4
82.2
81.9
78.7
77.3
83.5
97.2
97.6
97.6
97.7
97.6
97.6
97.7
97.6
97.7
97.7
97.8
97.8
97.8
97.8
97.8
97.8
97.7
94.6
79.5
70.5
67.8
69.3
73.3
88.8
97.6
97.7
97.7
97.3
97.5
97.4
97.4
97
92.8
96.7
86
90.3
90.5
94.3
97.1
82.4
86.2
77.6
71.3
68.6
74
76.7
76.6
83.4
96.8
97.5
96.1
97.2
97.2
98
97.9
97
96.6
93.1
87.2
88.6
88.6
90.1
93
90.9
88.7
88.7
87.8
78.8
78.2
79.6
79.9
89
92.2
94.2
97.4
97.5
97.5
96.4
96.5
94.7
91.7
93.5
83.9
84.1
82.8
77.5
78.7
83.6
87.8
91.1
86.7
84
76.9
73.9
74.2
74.5
76.5
79.5
81.9
83.7
86.8
90.7
91.5
96.6
97.5
97.6
97.7
97.6
97.7
97.8
97.6
97.5
89.9
81.6
77.2
76.7
76
78
79.9
82.6
91.1
96.9
97.5
97.5
97.5
97.5
97.5
97.5
97.5
97.6
97.6
97.6
97.4
97.5
97.6
97.6
97.6
97.5
94.7
92.9
87.7
81
77.8
82.3
92.1
95.7
95.9
97.6
97.6
97.6
97.5
97.7