98
98
98
98
98
97.9
97.9
98
98
98
98
97.9
96.7
95.2
89.6
89
90.8
97.3
97.8
97.8
97.8
97.8
97.9
98
98
97.9
97.7
97.6
97.6
97.3
94.1
87.9
89.2
83.7
57.1
28
22.1
20.8
20.1
20
20
20
20
20
20
20
20.1
26.5
26
33
34
33.1
33.2
29.4
28.8
32.5
43
37.9
38.2
34.1
32.5
28.9
29
28.2
31.3
36.6
40.6
42.1
46.4
48.5
50.4
49.2
50.9
45.4
38
43.5
46.6
48.4
44.5
47.4
49.9
49.4
45.9
43.4
41.7
44.1
45.8
46.5
48.9
52.7
55.7
58.6
66.2
69.4
71
73.3
73.9
71.3
75.3
70.5
69.9
74
78.7
71.7
65.4
59.2
56.5
52
49.1
46.8
43.8
43.3
43.9
49.2
55.4
57.8
55.7
56.4
60
61.3
71.9
79.9
79.8
80.1
80.9
80.2
77.9
79
78.4
75.7
67.2
61.2
54.6
46.9
40.5
41
42.3
54.3
59.2
57.5
56.4
60.2
61
67.5
71.2
69.8
69.4
83.1
93.7
97.5
97.7
97.8
97.8
97.9
91
69.2
58.6
57.3
57
59.6
63.4
69.5
68.8
72.7
78.3
78
76.4
78.4
70
69.7
76.6
81.9
94
97.5
97.7
97.8
97.9
97.9
97.9
97.9
97.9
97.9
97.9
97.9
98
98
97.9
98
98
98
98
98
98
98
98
98
98
98
98
98
98
97.9
97.8
97.1
91.6
96.9
97.8
98
98
98
97.9
97.9
97.9
97.8
97.7
97.6
97.5
97.5
97.5
97.6
97.6
97.8
97.9
97.9
97.8
97.5
92.3
65.6
51.7
50.4
52.6
49.4
50.5
53.9
56.4
57.4
63.9
73
79.3
87.4
94.8
95.3
96.8
97.2
97.3
96.6
97.3
92.2
96.4
88.5
70.4
54.7
50.3
48.8
61.7
66.8
61.4
68.3
80.7
86.6
96
97.3
97.5
97.1
94.5
91.3
79.2
79.8
84.7
84.4
87.7
73.8
81.3
82.5
71.1
66.3
62.2
65.7
64.2
68.4
76.8
83.2
78.1
80.1
86.6
87.4
85.6
80.5
82.7
84.2
82.7
84.4
72.2
84.3
95.3
97.5
97.5
97.5
96.1
80.1
71.8
76.4
82.4
76
75.2
80.5
89.6
90.6
89.8
89.7
91
95.4
97.5
97.6
97.5
97.5
97.6
97.5
97.4
88.8
83.4
88.5
85
73.3
72.5
76.6
73.7
70.2
71.4
83.3
95.8
97.4
95.7
94.7
91.8
91.3
93.4
91.2
96.5
97.2
93.1
90.2
91.7
90.4
89.1
81.1
63.1
52.4
46.8
46.1
46.7
48
48.8
55.1
67.2
75.9
79.4
79.3
81.6
74.3
83.7
83
87.1
89.6
84.2
81.6
73.5
75.8
73.4
81.9
82.3
71.1
67.1
61.9
59.8
60.2
60.2
63
68.8
68.2
68.4
69.9
69.8
66.6
66.5
68.1
67.3
68.6
66.5
69
70.4
69.3
70.5
69.8
66.1
64.9
63.7
62.7
55.6
55
55.2
58.6
67.9
69.3
72
77.1
88.3
96.7
97.3
97.5
95.4
97.3
97
97.5
97.5
97.5
97.5
94.1
67.9
56.9
51.4
47.3
46.2
52.3
61
70.7
87.4
96.5
97.5
97.7
97.6
91.8
89.6
88.9
79.7
82.8
73.9
70.6
68.5
67.8
57.2
62.6
50.5
47.1
44.2
44.3
41.5
43.9
46
50.9
60.2
66
67.7
69.7
70.3
71.5
71.4
73.2
74.2
75.9
80.7
79.8
81
82.1
79
71.2
64.7
58.6
55.7
62
66.3
70
69.1
71.5
82.5
95.7
97.6
97.7
97.6
97.6
97.7
97.6
97.6
97.6
97.5
97.5
97.5
97.5
97.5
97.5
97.5
97
96.1
79.1
72.1
72.8
82.6
90.6
95.5
97.5
97.5
97.6
97.7
97.6
97.6
97.6
97.6
97.6
97.6
97.5
97.5
97.5
97.5
97.6
97.6
96.2
72.3
58.5
54.8
57.6
61.5
72.4
87.5
87.6
84.3
81.2
82.4
84.8
82.7
78.8
80.1
81.7
80
79.7
75.9
76.4
77.2
80
75.2
70.3
60.2
54.6
49.4
50.4
52.4
58.2
66.1
74.6
86.7
94.4
84.7
85.8
85.6
83.2
88.1
91
86.1
85.9
88.7
91.8
93.8
92.1
78.4
69.7
68.6
67
66.2
66.6
67.2
68.9
70.5
72.7
74.8
84.8
93.9
97.5
97.6
97.7
97.6
87.2
77.7
68.7
69.1
61.9
61.9
58.2
59.6
59.1
57.6
56.4
53
52.5
51.7
53.5
56.2
57.2
59.3
58
58.5
60.1
60
58.1
59.3
63.5
63.8
65.5
63.3
66.1
63.8
60.5
58.3
56.1
55.6
54.5
53.5
58.6
67.3
70.3
71.1
76.2
76.6
75.8
78.1
92.1
97.6
95
85.6
80.1
86.9
87.1
95.2
90.6
94.9
94.2
70
64.3
64.1
63.7
63.9
62.9
62.7
64.9
71
75.3
76.2
78.4
79.7
83.8
83.2
88.5
91.1
91.4
88.8
85.4
85.9
91.6
96.2
89.5
67.3
57
54.6
52.4
52.1
56.1
61.9
70.2
73.6
74.3
74.2
71.3
73.1
72
73.5
73.7
78.9
82.7
89.2
88.3
90
91.8
92.4
85.4
74.2
61.5
55.4
51.2
51.1
52.8
59.3
63.4
66.7
74.8
92.3
97.4
97.5
97.5
97.5
97.5
97.5
97.5
97.5
97.5
NA
NA
NA
NA
NA
NA
NA
NA
NA
NA
NA
NA
NA
NA
NA
NA
NA
NA
NA
NA
NA
NA
NA
NA
NA
NA
NA
NA
NA
NA
NA
NA
NA
NA
NA
NA
NA
NA
NA
NA
NA
NA
NA
NA
NA
NA
NA
NA
NA
NA
NA
NA
NA
NA
NA
NA
NA
28.6
30.2
47.3
54.1
53.3
51.2
50.1
47.2
46.5
47
46.1
45.9
46.2
46
45.5
47.8
50
48.6
41.2
31.9
23.6
20.8
21.6
21.8
20.4
20
21.5
25.2
30.4
36.3
39.2
41.1
47.1
49.5
50.6
51.8
51.2
53
54.9
55.7
57.9
55.6
48.8
39.3
34.7
34.5
32.6
32.4
33
35.1
41.3
48.3
50.8
51.9
57.3
62.7
56.5
55.2
58.4
53.8
55.1
55.3
57.3
57.9
56.9
58
57.6
52.1
50.1
49.2
48.8
48.5
48.5
49.2
50.3
52
54.2
58.1
59.8
60.9
63.9
63.8
64.5
75.1
92.8
97.5
97.6
97.8
97.9
97.9
97.9
97.9
98
98
98
98
98
98
98
98
98
98
98
98
98
98
98
98
98
98
98
98
98
98
98
98
98
96.8
80.1
90.5
90.8
85.2
87.5
97.2
97.6
97.6
97.7
94.2
88.9
86.6
78.6
75.5
81.7
92.3
96.1
97.5
88.7
82.5
74.6
64.6
60.4
56
61.3
61.4
58.6
56
57.1
65.9
71.9
84.4
76.3
71.3
87.1
93.6
95.8
79.9
86.5
96.5
97.3
97.4
97.4
96.4
79.6
64.9
66.3
64
62.2
60
59.5
58.7
63.6
83.7
91.9
97.5
97.6
97.6
97.6
97.7
97.8
97.6
94.8
90.9
78.9
86.7
97
97.5
95.5
85.5
91.8
75.7
69.8
70.1
70.3
68.2
69
69.4
72.7
76.3
75.6
76.4
79.4
80.6
79
74.9
81
82.3
80.2
84.1
81.5
75.1
71.5
60.3
56.5
57.4
55.3
52.3
53.3
61
66.2
71.1
72.8
76.2
81.5
85.8
88.1
88.6
96.5
97.5
97.7
97.8
97.9
98
98
98
97.9
97.7
97.7
97.7
97.7
97.6
97.5
91.9
91.1
97.4
96.6
97.4
96.2
97.5
97.4
97.5
97.7
97.8
97.8
97.9
97.8
97.9
97.9
97.8
97.7
85.9
65.6
58.7
51.7
47.5
45.7
44.6
47.5
59.1
66.8
75.7
82.4
89.8
79.6
67.3
80.4
92.4
95.5
95.1
88.4
86.5
84.4
59.8
58.1
50.2
45
44.3
43.8
41.9
37.8
35.1
37.4
47.4
57.7
63.9
65.8
68
67.5
71.1
69.7
67.2
60.7
56.6
63.9
63.6
59.5
66.5
63.9
55.2
53.8
45.9
45
46.7
46.5
50.3
52.8
62
68
70.4
73.2
79.3
80.9
87.4
91.7
94.1
92.9
93.5
74.3
65.2
81
68.9
63.1
55.6
50.5
49
50.4
53.2
57.2
56.3
60.4
67.6
69.2
73.2
67.4
63.3
66.8
72.2
78
79.9
86.5
88.5
90.1
90.5
95
94.3
85
71.4
58.7
52.4
53.1
54
53.3
54.7
58.4
61.6
64.4
66.9
71.4
78.2
72.7
66.1
70
73.2
77.4
76
74.4
75.3
76.4
62.6
61.4
59.2
58.1
56.9
56.4
62.1
71.8
88.9
97.4
97.6
97.9
98
98
98
98
98
98
98
98
98
98
98
98
98
98
97.9
97.6
96.4
84.5
70.5
65.5
61
64.9
71.5
90.1
97.5
97.1
81.9
79.9
82.7
94.7
97.4
97.6
96.4
85.5
86.5
97.6
97.7
97.8
97.8
97.8
97.7
97.7
97.5
92.9
97.6
97.9
98
98
98
98
98
98
98
98
98
98
98
98
98
98
98
93.4
69.2
62
57.4
51.8
44.4
37.3
33
52.5
65.6
79.6
93.2
93.2
74.3
81
91.2
92.5
96.9
95.8
79.7
86.5
67.8
84.7
68.8
43.7
51.6
44.8
43.6
41.2
42.4
44
44.5
49.4
54.4
61.5
58.8
57.6
57.7
69.3
91.8
97.5
97.5
96.4
89.5
97.5
97.6
97.7
97.7
97.8
97.9
97.8
97.8
95
78.8
74.7
74.4
77.4
81
85.9
88.8
96
97.6
97.7
97.7
97.7
97.9
97.7
97.8
97.9
97.9
97.9
98
98
97.8
92.1
74.7
64.4
60.3
60.7
64.9
67
71.9
80.4
83.4
87.7
85.2
94.1
96.8
97.5
97.5
97.6
97.5
80.4
96
97.6
93.6
65.9
60.9
55.1
53.7
54.7
54
56.3
52.2
50.4
58.1
72.7
79
86.8
90.9
93.3
95.4
97.5
97.5
94
92.7
96.7
97.5
94.2
93.9
67
53.4
51.1
50.1
48.7
47.7
49.2
51.2
51.2
53.6
56.1
59.5
70.8
75.8
90
97.6
97.5
97.5
97.5
97.6
97.5
97.6
97.8
97.7
97.7
97.8
97.8
97.9
97.6
93.2
70
57
53
59.5
64.8
65.3
66.9
59.3
52.5
47.2
47
55.5
58
59.1
48.2
41.8
45.7
43.7
38.4
32.6
28.4
27.6
25
24.8
25.8
25
26.7
30.8
36.1
42.9
44.5
40.1
38.3
40.6
48.9
58.2
53.6
53.3
57.8
57.9
57.6
57.1
57.2
58.3
54.9
53.3
54.1
54.8
55.8
55
68.9
82.6
78.7
90.6
92.5
88
94.2
94
95
97.5
97.5
91
93
97.5
94.9
70.4
57.4
51.4
46.6
47.1
45.6
46.2
46.5
47.2
49.5
59.1
67.4
77
82.7
91.8
96.9
89.5
88.2
90.7
95.3
97.1
97.3
94.5
95.2
85
61.1
56.8
52.4
49.4
47.2
46.6
43.7
43.1
43.8
49
56.5
64.6
55.9
58.4
65.8
69.5
69
71.2
73.1
76.5
74.3
73.2
57.6
63.3
59.4
47.4
45.7
48.4
54.7
54.7
55.7
60.6
78.9
85.7
88
89.4
96.3
97.6
97.8
97.9
98
98
98
98
98
98
98
98
98
97.9
97.9
97.8
97.6
96.3
89.6
85.9
82.7
83.8
88.6
94.1
91.7
97.3
97.6
97.7
97.7
97.7
97.7
97.6
97.6
96.3
92.4
97.4
95.3
77.7
64.8
61.9
53.8
50.9
49.7
52
54.3
57
66.8
83.5
22.8
20.4
25.7
36
38.2
40.6
41.8
41.9
40.6
36.2
48.2
42
33
27.2
23.9
25.3
22.8
20.8
20.3
20
21
28.2
37.7
33.8
41.1
48
56
58.5
50.3
54.9
57.9
53
55.9
37.4
40.6
45.8
39.5
31.9
29
32.3
31
31.7
32.4
34.3
37.1
37.9
44
47.8
45.7
41.6
42.7
50
52.3
57.2
57.5
55.4
59.6
59.7
59.2
48.7
39.7
37.1
36.8
36.8
36.8
37.1
36.8
37.3
39
40.1
39.2
38.7
38.9
39.2
40.9
39
41.1
44.1
48.4
55.9
56.2
56.6
52.4
50.3
52.7
47.9
39.5
37.7
36.4
36.2
37.9
42.3
47.5
58.1
78.4
87.6
95.8
97.3
96.6
97.4
97.5
97.4
97.4
97.1
97.3
97.4
97.4
96.7
96.5
90.9
88.7
95.2
97.5
97.7
97.7
97.7
97.6
97.6
97.7
97.8
97.9
97.9
97.8
97.7
97.7
97.8
97.8
97.7
97.7
97.7
97.6
97.6
97.6
97.5
95.8
77.4
64.1
58.9
54.6
50.8
52.6
56.6
63
66.6
68.9
74.4
80.3
85.2
85.1
84.7
82.4
86.5
70.8
84.3
86.4
67.4
56.8
55.3
51.6
47.8
46.6
46.6
43.2
43.6
45.8
55.9
62.7
69.7
76.5
84.9
92.9
96.6
86.7
96.4
97
97.5
97.5
97.3
97.5
83.8
57.5
54.4
49.4
46.9
45.6
43.9
42
42
45.4
49.2
56.8
66
73.2
73.9
71.9
77.5
79.3
86.5
84.9
91.7
94.9
95.5
97.4
89
62.7
48.2
43.4
44.7
42.4
40.7
40.4
39.7
41.7
45.8
54.4
62.8
63.4
59.5
66.3
64.1
70.8
61.5
58.9
63.1
68.7
71.6
67.2
49.5
42.6
31.6
29.1
27.7
23
22.7
24.3
27.1
30.2
33.8
34.1
39.1
35.2
30.9
24.9
24.4
29.3
32.9
39.8
38.2
40.4
42.4
43.2
41.3
38.5
29.9
24.6
20.8
20.2
20
20
20
20
20
20.7
23.4
27.3
31.4
27.6
31.1
30.4
37.5
36.4
44
46.7
47.7
38.1
32.2
31.8
33.1
34.6
33.2
39
37
33
30.6
33.4
38.7
46.7
51.4
54.2
58.1
60.7
62.9
69.1
70.4
68.1
70.1
77.5
79.2
77.6
68.8
55.8
47.8
46.1
45.3
42.4
42.3
41.5
40.4
41.7
43
46.2
48.9
51.4
56.3
58.6
63
67.2
69.9
72.2
72.1
71.8
74.1
71.9
67.1
58.7
51.3
48.5
44.8
41.6
46.6
43
45.6
44.4
46.1
49.5
53.3
54.8
56.2
58.3
56.9
58.7
62.7
63.8
63.6
60.5
62.3
64.3
63.6
61.4
55.1
52.3
51.7
53
55.4
58.1
58
61.1
66.5
74
80
79.4
78.2
92
94.3
97.3
97.5
97.5
97.5
97
94
96.2
93.9
80.4
77.9
70.5
65
65.3
67.2
68.2
69.2
75.3
86.9
96.6
97.5
97.5
97.7
97.8
97.8
97.8
97.8
97.8
97.7
97.8
97.9
98
98
98
98
98
98
98
98
98
97.8
97.8
98
98
98
98
98
98
98
98
98
98
98
98
98
98
98
98
97.9
91.1
73.5
68.9
59.1
57.5
57.1
56.9
57.1
64.8
79.2
96.2
97.7
97.6
97.6
97.8
97.9
98
96.6
86.9
90.8
96.6
74.3
55.8
52.5
49
49.2
47.2
44
42.4
42.2
44.7
46.1
54.8
61
64.8
69.5
68.6
65.4
67.4
72.4
65.5
64.1
68.6
67.3
79.2
96.1
94.3
95.6
87.3
75.5
63.2
53.2
44.7
44
48.2
54.2
61.1
58.4
55.3
55.8
58
62.3
67
64.8
79.5
97.6
97.8
97.2
97
97.6
97.9
98
97.7
94.2
96.9
79.3
71.8
68.2
NA
NA
NA
NA
NA
NA
NA
NA
NA
NA
NA
NA
NA
NA
NA
NA
NA
NA
NA
NA
NA
NA
NA
NA
NA
NA
NA
NA
NA
NA
NA
NA
NA
NA
NA
NA
NA
NA
NA
NA
NA
NA
NA
NA
NA
NA
NA
NA
NA
NA
NA
NA
NA
NA
NA
NA
NA
NA
NA
NA
NA
NA
NA
NA
NA
NA
NA
45.8
43.2
43.4
45.6
47.5
49.7
52.2
54.3
60.1
58.2
59.2
60.4
58.9
58.1
61.1
60.2
60.4
63.1
68.2
79.9
70
57.1
51.9
NA
71.9
71.8
63.7
60.3
72.3
97.2
94.9
91.4
87.6
NA
NA
NA
NA
NA
NA
NA
NA
NA
NA
92.9
93.4
67.3
58.6
54.2
54.2
53
46.4
30.5
29.9
38
41.1
44.1
46.7
46.9
47.2
48.8
50.2
51
49.8
53.6
52.6
51.4
49.6
48.9
53.3
53
52.2
54.9
66.1
70.4
69.9
90.3
92
87.9
52.1
47.4
59
58.4
57.9
53.5
61.4
66.6
63.6
67.2
70.4
62.2
63.8
58.4
51.6
39.4
38.3
41.6
40.2
37
31.5
31.8
30.7
23.9
26
35.3
43.6
52
56.4
57.9
59.2
61
60.6
57.9
60.7
52.2
44.8
46.5
46.6
46.4
42
38.4
38.4
56.7
78.7
97.2
96.6
97.5
96
78.4
73.2
81.1
77.7
69.8
66
64.7
64.8
69.2
81.4
86.8
89.9
87.6
81.3
82.9
71.8
66.7
70.4
75.1
76.2
83.3
80.6
69.4
61.7
65.9
95.5
90.7
96.6
97.5
95.3
97.6
97.7
91.1
87
94.4
97.4
90.6
74.3
44.7
33
23.8
22.4
21.6
NA
NA
NA
NA
NA
NA
NA
24.8
29.7
32.6
34.9
42.9
45.3
49
51.5
53.3
53.9
50.6
38.2
27.9
27.3
25.6
26.5
24.9
25.3
24.7
23.9
24
24.3
31.7
37.9
44.6
47.6
45.6
53.1
54.3
59.3
63.7
65.7
66.3
70.3
63.9
50.2
41.1
39.5
38.8
37.4
36.1
35.9
36.2
36.3
36.9
39.5
44.1
47.9
50.8
59.9
65.8
68
60.1
62.6
71.8
76.1
76.7
79.6
68.8
51.3
42.4
38
37.6
36.8
33.9
33.3
33.3
33.1
33.5
33.7
38.4
46.1
52
55.1
52.6
53.9
54.6
59.1
60
55.3
62.7
70.2
61.7
48.5
39.9
35.8
31.5
30.6
30.7
29.9
28.7
28.7
28.9
30.7
36.9
46.1
52.3
54.4
55.3
54.4
58.3
63
64.2
65.5
67.5
68.3
65.8
51.8
38.8
32.8
31.7
32.7
31.3
29.3
27.8
26.3
24.6
26.9
31.6
31
26.5
29.9
38
58.9
59.1
65.4
65.4
64.9
64.4
55.1
58.5
85.8
97.6
97.7
97.6
97.5
93.1
82.5
90.2
74.8
68.7
66.7
62.6
57.8
57.8
58.7
58.9
76.2
86.5
82.4
82.8
92.4
93.4
89.6
75.3
58.1
47.9
43.6
41.3
39.9
46.9
39.5
43.1
43.6
42.7
41.9
45.7
48.1
47.5
59.5
70.6
63.6
65.7
72.8
72.9
76.9
75.7
77.1
68.9
57.1
44.4
39.4
39.9
38.6
42
71.3
73.6
43.7
37.1
38.5
44.5
51.3
54.3
59.4
64.5
68.7
73.5
72
76.5
75.3
83.7
86.8
71.5
51.7
44.6
39.9
39.3
38.6
36.5
32.6
30.8
29.3
28.9
29.2
29.9
35.5
41.7
45.6
47.2
52.3
58.7
60.4
63.4
66.9
68.5
71.6
67.3
62.7
49.1
47
48.6
45.4
42.6
43.6
52.4
43.2
45.6
45.8
49.5
54.3
60.2
65.9
63.8
64.2
66.9
71.6
76.9
78.6
82.3
84.6
73
55.9
44.6
41.5
41.9
41.3
40.6
56.7
63.8
65.1
54.4
55.2
60.7
63.7
66.3
68.1
91.9
91.1
92.9
85.9
76.4
72.5
73.6
82.1
71.1
57.3
46.2
45.3
44.4
45.4
49.6
46.1
52.3
65.4
77.4
97.5
97.8
97.8
97.8
97.9
97.9
98
98
97.9
97.9
97.9
98
98
98
98
98
97.9
97.7
94.8
65.4
62.5
54.9
50.7
52.9
57
67.6
77.7
84.4
94.7
97.4
97.6
97.6
97.6
97.6
97.6
97.6
97.6
95.2
69.4
55
49.3
45.6
43.5
40
36.6
36.4
36.3
36.4
37.4
43.1
52.5
60.8
63.5
62.7
64.7
68.6
66.6
68.1
67.9
65
64.8
55.8
37.5
32.4
29.5
28.5
28.3
28.7
28.6
27.1
26.3
24.7
26.8
33.9
43.1
46.8
51.2
54.1
55
59.6
57.9
59.9
60
56.6
58
48.8
35.3
32.2
35.5
34.5
32.5
31.6
25.5
23.4
23.7
25
27.5
35
45.9
52.6
58.9
64.8
71
71.2
70.3
72.6
78.3
82.4
80.3
63.2
51.9
45.9
46
47.5
45.6
44.6
41.1
42.6
40.9
40.8
41.1
42.6
50.7
53.7
60.6
63.2
66.5
68.3
68.5
69.1
73.8
75.3
79.9
86.2
85.1
73
71.2
75.9
66.9
62.7
62.3
64.5
69.5
69.9
79.4
97.4
97.7
97.8
97.9
98
97.9
97.9
98
98
97.9
97.7
97.6
97.6
97.5
81.3
75.5
64.9
61.2
57.8
53.3
51.8
53.7
56.3
61.8
66.8
68.8
76.3
87.1
95.6
97.5
97.7
97.7
97.8
98
98
98
92.4
67.3
56
49.9
45.2
40.3
38
38
38.1
38.2
40.1
41.7
46.3
57.4
65.7
70.3
67.7
68.1
85.9
97.5
97.9
98
98
98
98
92.3
63.9
45.3
45.6
44.7
43.2
41.4
40.4
41.1
38.3
50.2
58
72
59.5
52.7
49.1
62.8
97.9
97.8
98
98
97.9
93.4
97.4
87
72.9
66.3
59.4
56.1
51.4
44.8
40.3
40.7
40.4
44.8
53.9
65.6
75.5
78.7
73.8
86.9
90
94.2
89.2
97.2
97.1
79.5
61.9
54.6
45.5
44.9
43.8
43.8
42.6
41.2
39.9
38.9
38.7
40.7
46.7
55
63.8
72.8
82.7
86.3
92.6
95.6
97.5
97.6
95.5
95.7
83.5
62.3
50.1
43.7
42.7
41.4
39.9
38.7
37.9
36.5
36.7
38.8
47.1
52.6
59.4
66.1
67.4
69.9
70.5
78.4
81.5
81.8
76.9
77.2
63.2
52.4
46.8
45.1
44
39.4
34.2
35.3
36.5
38.7
41
42.3
49.8
48.2
53.8
52
47.2
65.3
95
97.6
97.6
97.8
97.8
97.7
97.1
89.7
74.3
66.1
63.4
61.8
54.9
49.7
45.2
42.5
44
47
52.8
66.5
64.3
64.6
63.4
66.5
75.4
82
81
72.4
68.8
66.6
70.5
66.7
66.9
67.9
71.2
61
59.8
67.2
80.5
88.5
79.1
94.1
97.9
98
98
98
97.9
97.6
97.4
97.5
97.6
98
98
98
98
98
98
98
98
84.6
60
53.6
49.5
46.5
48.2
51.4
57.3
61.1
86.2
73.6
78.5
60.6
59.9
58
57.6
58.2
56
55.3
55
56.4
77.2
97.6
98
98
98
97.8
97.6
92.2
71.4
66.9
66.4
94
98
98
98
98
98
98
98
98
98
97.8
97
87.7
88.6
97.6
95.3
69.7
55.7
50.2
92.6
98
98
98
97.6
94.3
82.2
86.9
97.7
97.8
97.9
98
98
98
98
98
89.3
62.1
54.4
61
57.2
49.7
49.3
55.3
50.5
55.4
70.1
97.4
97.7
97.7
97.5
96.8
97.5
97.5
96.6
92.5
91.4
91.1
96.5
83.2
75.7
71.5
63.3
55.4
55.8
52.3
54.9
61.7
76.4
97.4
96.1
81.3
69.7
67.9
82.7
96.4
83.5
89.9
79.3
74.4
78.2
93
97.5
97.5
97.7
98
97.8
83.2
55.7
55.6
54
56
48.6
50.3
48.4
50.4
56.5
67
73.8
78.9
87
77.4
79.4
80.8
97.2
97.5
97.5
97.4
88.7
69.7
59.9
56.6
52.1
50.5
50.7
49.2
47.2
60.6
85.3
90
97.4
97.8
97.7
97.1
78.7
72.1
72.9
86.6
97.7
97.9
97.9
97.8
97.9
97.9
98
97.8
97.6
78.8
69.5
69.5
69.4
72.6
76.2
76
82.2
87
85.8
81.8
92.8
97.2
97.7
97.8
94.4
81.2
82.6
91.7
82.2
76.2
68
72.6
80.8
96.9
93.6
87.2
72.4
60.8
67.9
91.6
97.8
97.7
97.5
97.7
98
98
98
97.8
97.8
97
91
80.9
89.2
97.9
97.7
97.9
97.6
78.1
61
58.1
55.7
47.1
49.3
64.5
74
91.3
97.8
97.6
90.7
82.9
74.5
66.9
67
71.6
68.4
73
85
97.1
97.6
97.5
95.4
74.6
57.8
47.8
48
49.5
50.9
58.4
69.1
72.2
82.6
82.1
92.6
94.8
94
97.6
93.9
92.6
97.8
95.9
77.6
64.1
58
52.4
58.9
44.4
44.2
43.4
41
48.3
47.1
51.1
61.1
67.4
73.4
82.2
95.7
72.6
66.6
75.1
79.9
76.5
80.6
89.5
78.9
67.3
59.5
56.6
55.3
56.4
57.9
58.2
56.7
57.2
55.9
56.5
65.5
74.1
74.4
86.6
93.5
97.3
95.5
91.6
85.9
66.9
62.1
61.7
58.4
54.6
49.3
43.5
36.5
30.5
29.1
29
30
28.5
23.2
21
21
21.7
21.8
21.2
21
20.6
20.9
20.2
33.6
36.9
34.3
34.8
36.6
34.5
26.5
22.2
25.4
25.2
24.7
22.4
21.7
20.8
20.2
20.1
20
20
20
20
20.1
21.7
33.8
39.1
40.7
40.5
47.5
45.4
37.5
30.4
25
20.6
21.1
20.4
20.7
21.2
20.1
20
20
20
20
20
20
20
20
20
24.4
26.5
27.7
26.4
24.3
33.3
31.4
26.2
23.9
22
29.6
28.4
27.3
26.2
27.9
29.3
28.1
31.3
36.2
38.9
44.7
49.6
47
49.9
55.7
53.3
54
55.4
68.2
64.6
52
42.6
33
30.6
30.5
30.2
29.3
31
29.6
30.1
31
33.4
34.1
39.2
44.7
55.7
49.7
54.9
59.1
60.3
69.4
76
83.4
76.5
55.1
45
34.8
29.8
26.9
26.2
24.6
24
23.7
23.1
21.8
23.4
25.9
35.4
40.9
41
38.2
37.5
47.6
52.4
60
56.4
62.7
61.1
46.5
37.9
30.8
29.4
27.6
27.9
28.4
27.5
26.2
25.1
24.3
25.5
27.5
34.6
46.8
50.2
40.9
43.1
41.9
49.7
57.3
67.5
68.8
63.1
49.4
42.5
35.3
30.9
30
28.7
27.9
27.7
26.7
26.5
26.2
27
29.8
36.2
45.6
49.8
47.6
45.8
50.3
50.5
59.3
64.4
68.3
65.3
50.5
41.2
37.4
36
33.7
32.1
30.7
29.3
28
27
26.3
27.4
29.3
35.7
41.2
45
47.3
56
59.9
66.6
70.5
71.7
72.5
67.5
51.2
41
39.7
37.9
37.5
35.9
35.7
34
31.8
30.3
31.2
37.4
37
34.7
34.2
35.1
39.3
44.2
46.6
49.3
52.6
51.9
54
51.6
40.6
35
32.1
32.4
33.8
34.6
34.9
36.4
34.9
33.4
34.9
30.3
32.3
38.8
43.5
49.4
50.1
51.5
52.4
51.9
49.5
54.1
54.6
54.9
53.2
45.9
42.9
39.3
54.6
93.4
93.9
65.9
48.5
44
43.4
46.3
48.7
62.3
65.9
70.3
78.2
89.8
94.1
97.4
97.5
85
83.3
91.3
68.2
61.1
55.9
54.5
50.3
45.3
46.6
48.6
45.1
41.7
38.3
42
45.5
52.5
61.7
72.6
72.6
75.2
77.8
86.1
71.1
69.1
76
79.4
70.5
54.7
47.4
47.1
50.4
47.7
44.3
41.5
38.1
69.2
59.6
53.2
56.3
57.4
67
77.9
75
85.7
97.5
96.8
93.8
87.3
97.2
91.6
88.6
79.4
69.6
62.4
54
50.4
49.9
49.2
45.4
44.7
44.9
47.4
48.6
54.8
60.4
59.7
69.1
72.9
66.2
61
61.2
61.8
60.5
54.7
34
25.7
20
20
20
20
20
20
20
20
20
20
20
20
20.5
28.4
38.7
40.3
40
42.4
35.3
42.6
49.8
46.8
39.5
33.3
30.1
26.4
24.9
23.7
21.1
20.4
20.2
20.1
20.4
22.7
28.7
33.6
34.1
34.5
37.1
39.9
39.9
29.3
30.8
32.1
38.8
50
44.7
36.4
34.8
32.4
30.5
26.3
21.3
20.4
20.2
20.1
20.2
20.1
20
21.9
24.3
26.7
27
43.6
53.6
46.4
45.5
57.2
61.5
64.7
59
49.7
45.9
43.8
41.4
39.6
37
38.7
40.8
44.1
43.2
42.7
48.9
51.1
51.4
49.6
46.8
46.9
51
60.9
68.1
68.5
76.3
68.2
55.2
45.6
41.1
38.3
35.8
32.1
30.9
28.1
27
27.4
27.8
29.9
31.6
35.7
43.9
49.9
44.2
47.4
62.8
72.2
76
79.8
84.4
74.6
61.4
50.5
41.6
37.5
33.7
33.1
32.3
31.9
31.8
31.7
31.8
34.1
35.8
42
46.3
48
49.3
61.1
69.2
77.8
84.9
90
93.4
77.6
62.8
50.8
41.7
39.8
38.7
38.3
37.7
36.4
36.8
35.8
35.1
36.9
38.7
48.4
48.2
50.5
51.8
54.2
52.5
55.7
59.4
74.9
76
79.9
98
98
98
85.5
61.2
53.1
50.2
47.9
52.4
53.9
52.6
55.2
66.9
72.8
83
94.7
97.5
97.6
92.7
88.6
97
96.2
97.5
90.6
86.7
82.3
75.2
65.1
58.2
52.3
49.4
44.4
44.7
44.6
44.9
45.8
52
53
53.6
54.3
60
57.9
64.7
72.5
73.7
78.8
70.8
67.2
59
56.5
51.2
51.1
47
40.4
34.6
35.1
35.1
37.7
38
39.8
41.3
56.1
66.9
70.5
65.9
59.3
65
71.8
66.2
63.9
64.6
74.6
69.7
61.6
52.8
51.3
46.8
45.8
41.4
34.5
30.2
29.3
31.2
33.3
36.2
37.8
40.2
40.7
43.3
48.7
54.9
64.9
73
77.5
84.1
88.8
66.8
54.3
46.9
43.5
41.5
38.4
36.1
33.7
31.3
31.4
33.4
35.6
36
41.3
43.7
45.5
47.8
48
49.9
53.8
55.9
55.3
58
60.7
60.6
55.4
52.4
48.5
44.5
43.1
43.7
40
37.5
38.3
38.2
41
42.6
47.3
54.4
63.8
65.3
64
72.2
74.7
68
63.1
66.7
61.8
52.9
48
45.4
42.9
41.3
36.6
32.2
34.2
32.7
33.5
38.9
43.6
47.4
50.8
55.9
61
62.8
62.7
60.4
60.6
61.9
64.7
71.4
70.9
60
54.6
53
51.9
45.9
44.3
41.5
39.8
39.5
38.7
39
43.5
48.8
56.4
53.4
50.9
52.3
53.3
55.3
56.6
56
70.6
96.4
91.7
97.9
98
98
98
98
97.7
92.7
72
57.7
56.6
55.6
55.6
61.7
68
82.5
85.4
82.9
89.2
97.7
97.9
98
98
98
98
98
98
98
98
98
97.9
95.2
92.5
97.9
98
97.9
97.6
97.1
97.2
93.8
83.5
80.5
87.6
96.7
97.2
82.5
77.8
88.7
93.2
85.4
76.5
97.8
98
97.8
85.6
62.9
52.9
48.3
49.8
54.9
54.9
64.4
89.4
97.5
97.8
97.9
83.8
80.8
97.7
97.9
98
98
97.9
83.9
61.7
57.3
53.7
54
51.6
48.9
45.8
43.3
39.9
39.2
42.7
45.3
51.1
57.4
65.3
76.5
83.5
91.1
96
97.7
98
97.9
95.6
79.5
70.4
58.2
53.2
56.8
54.6
54
48.3
53.6
92.3
93.8
97.8
97.7
97.7
94.7
95.8
97.8
98
98
98
98
98
98
98
98
98
98
97.6
97.1
88.6
93
82.3
87.8
83.5
74.4
76.5
81.9
87
97.6
97.9
97.8
97.7
97.8
97.8
97.9
97.7
97.5
97.6
94.8
74.3
56.1
46.6
46.9
42.9
37.7
37.7
37.5
41.2
42.9
37.2
37.8
45.7
54
57.2
57.9
68.7
85.9
80.3
79
70.8
83.8
71
52.5
48
37.2
34.7
33.4
32.9
33.1
35.1
36
37.9
41.2
39.5
44.2
54.6
63.1
59.7
53
54.4
56.3
55
51.3
58.6
68.8
72.8
59.3
47.6
35.9
36.9
38.6
38.2
37
36.7
35.4
35
34.9
36.4
39.5
49.9
60.7
70.5
73.6
78.2
74.2
77.5
91.9
95.8
97.5
91
75.5
66.5
49.7
44.3
43.7
43
43
41.2
40.1
38.2
39.1
40.9
43.5
51.3
56.3
59
56.5
66.3
62.5
57.9
57.6
60.2
61.9
62.9
61.8
62.4
46.8
42.4
41.6
41
40.6
40
38.6
37.5
38
41.9
44.2
46.7
51.3
66.7
89.7
74.6
58.3
62.7
73.4
95
97.5
84.4
59.3
48.9
43.6
41.6
40.3
40.7
39.2
37.5
36.4
35.2
34.6
36.5
39.2
43.9
49.7
55.3
53.3
54.1
55.7
55.9
57.1
60.4
64.7
68.1
62.1
57.2
50.4
43.4
43
43.5
44.1
44.1
41.9
41.8
43
45.7
47.5
50.2
57.9
66.5
66.1
57.1
65.9
67.2
71.1
65.6
66.8
66.4
66
57.2
47
42.7
39.7
40.8
40.8
40
40.3
40.4
40.9
42.8
45
47.8
54.3
55.2
54.6
59.3
52.5
52.5
58.1
70.6
72.6
69.6
60.7
55.6
44.3
41
37.9
37.3
36.8
39.2
38.7
38.5
41.3
43.6
44.9
47.8
58.9
77.6
97.8
97.4
95.1
71.6
92.4
95.9
97.7
97.6
76.6
66.2
58.9
55.9
48.6
43.6
42
39.6
39.5
38.1
35.5
41.1
50.7
53.5
58.1
59.7
66
67.9
61.5
60.6
71.6
77.5
91.4
89.4
79.3
58
48.9
41.4
38.4
38.5
37.2
32.7
33.5
33.2
34.5
34.7
35.1
46.3
54.3
55.8
59.7
59.3
59.4
69.4
80.7
76
79.5
72.3
62.5
56.2
48.4
43.1
42.8
41.7
40.6
38
37.2
37.8
39.6
40.8
46.2
50.9
53.7
55.8
56.4
56.2
56.5
64.6
68.5
79.4
73.7
71.8
61.9
54.5
47.4
44.1
41.8
39.8
38
41.6
42.1
42.9
48
59.2
60.2
36.9
39
39.2
43.1
43.3
46.9
49.8
58
66.9
69.1
64.8
51.6
45.8
40.5
34.8
36.8
35.2
31.3
29.8
28.8
26.9
27
28.9
39.2
48.4
56.8
64.5
64.2
57.7
56.4
59.9
96.7
97.1
86.5
95.1
73.4
62.4
55.7
50.9
48.3
46.8
48.3
44.3
43.3
47.4
52.4
58.9
65.6
68.3
74.8
69.4
77.6
83
67.5
74.5
78
89.5
90.7
89.2
62.6
66.3
66.9
53.7
45.9
42.5
41.3
40.5
42.6
44.4
45
49.2
55.1
63.5
66.3
63.5
70.3
69.8
73.1
64.5
77.5
81.2
91.1
91
64.4
57.7
50.3
41.6
41.4
40.4
38
38.9
40.1
41.6
40.6
41.3
41.3
44
50.6
52.4
52.7
53.9
55.6
60.6
57.5
56.3
52.9
55
51.8
48
46.7
43.9
41
41.1
41.5
39.5
40.1
40.9
43.7
48.3
51
51.9
61.4
72.7
79.9
82.3
84.8
89.8
79.6
73.6
86.5
90.6
65.9
56
45.5
43.2
41.8
41.7
40.8
39.5
39.6
40.7
42.3
44.9
48.2
53.9
63.1
77.1
74.7
75
82.7
88.5
88.9
77.9
95.2
85
73.9
57.5
48.2
46
44.1
43.5
41.4
40.6
41.4
43.6
45.1
48.2
51.4
55.9
63.1
71.9
76.6
73.9
74.5
76.3
73.5
79.3
97.5
96.1
77.3
58.9
49.7
47.3
46.3
43.7
41.9
41.3
41.6
41.9
46
48.2
53.7
55.3
56.5
54.7
55.1
89.9
87.1
83.6
88.6
88.8
97.6
84.9
64.3
51.7
45.7
46
46.1
43.2
41.9
40.8
39.6
38.2
35.2
35.4
46
54.6
60.2
62.1
69.9
74.5
80.4
81.6
93.9
82.9
82.2
83.3
65.1
57.8
50.6
47.5
45.9
43.1
40.3
39.5
38.8
40.7
41.6
43.2
47.6
55.6
62.6
72.6
80.9
92
97.4
97.6
97.7
94.9
93.1
83.6
71.8
63.1
62.7
61.1
55.7
48.1
44.7
42
40.8
39.6
39.8
43.6
49
56.5
64
72
72.5
72
71.8
87.5
91.5
95.9
97.4
89.6
62.7
48.3
42.7
40.4
41.7
36.1
32.8
32.2
29.4
29.3
29.7
31.5
34.9
47.1
56.4
63.8
65.1
73.4
74.9
76.5
76.7
85.9
74.6
73.9
57.4
47.4
39.8
36.2
35.9
35.4
33.4
33.5
31
29.9
31.6
34.4
38.6
47.9
57.7
62.3
68.9
75.5
64.3
59.4
59.5
64.3
62.2
62.7
53.1
44.1
39.2
36.1
34.4
34.4
35.9
57.5
86.6
97.1
80.5
80.7
90.8
64.7
85.7
78.7
85.3
54.4
35
38.9
40.3
56.3
52.5
52.9
49.2
40.5
30
27.3
23.3
27.5
33.2
32.5
32.1
36.9
39.7
41
42.2
42.6
48.3
57.8
65.9
68.3
71.2
70.5
77.3
77.6
75.7
75.7
59.1
53.3
39.6
35.8
34.4
33.9
34.5
35.1
36.9
37.5
36.9
37.6
37.9
43.7
55.2
66
64.8
71.5
68.9
65.1
79.1
75.3
73.8
77.2
68
51.4
44.6
42.5
41.1
41.4
41.8
39.5
40.9
41.7
41.8
42.8
45
49.8
56.1
67.3
70.9
80.8
86.6
74.9
81.8
87.4
97.1
90.4
67.4
55
46.9
43
41.5
39.5
35.9
34.9
33.9
35.6
36.3
38
39.9
47.2
58.6
53.6
56.3
54.4
57.4
58.2
60.8
71.5
80.1
63.4
59.5
51.6
47.6
44.8
41.5
36.1
33.8
29.6
23.2
22.8
27.2
32.4
42.9
45.6
49.5
52.5
62.5
64.5
77.4
80.7
76.9
79.4
86.2
78.8
62.1
50.5
45
46.9
44.2
41.8
40.8
39.5
43.5
72.3
80
92.6
98
98
98
98
97.6
65.8
75.3
73
69.1
69.5
62.3
54.8
41.4
27.5
24.7
21.3
20.7
20.3
20.1
20.2
20.1
20.1
20
20.1
21.4
21.2
20.1
21
23.7
36.3
37.6
37
37.6
47.2
54.3
48.1
37.7
31.1
24.8
20.8
21.3
21.5
21.4
21.7
20.7
21.3
23.4
25.8
28.2
34.8
36.5
37.8
39.2
37.4
41.8
50.1
53.7
60.7
72.4
70.4
58.2
48.6
49.2
40.5
34.5
33.4
32.7
31.8
30.7
33.1
34.5
37
44.7
46.7
53.9
58.8
54.5
60.1
57.2
66.1
62.4
57.8
62.1
60.3
57
48
39.1
37.9
38.7
37.3
38.1
41.1
40.3
41.1
38.6
38.5
40.7
42.5
51.3
58
65.5
59.6
70.6
86.6
93.4
96.3
97.5
91.9
65.4
47.9
38.9
37.4
34.9
33.9
31.3
27.1
27.4
27
29.2
32.2
35.2
40.5
47
50.4
55.6
63.3
65.3
67.2
64.2
75.9
79
75.1
68.7
61.6
56.4
70.7
98
98
95.9
64.8
51.4
NA
NA
NA
NA
NA
NA
NA
NA
NA
NA
NA
NA
NA
NA
NA
NA
NA
NA
NA
NA
48
48.4
48.5
43.5
40.6
42.1
44.8
49.8
67.8
81.8
92.2
76.7
83.6
85.3
91.7
97.6
97.6
97.6
97.1
72.8
54.7
47.3
44.4
41.9
39.2
38.1
37.8
37.7
35.5
36.6
40.1
42.3
51
64.6
73.4
70.5
68.1
74
91.2
95.2
95.5
97.4
93.7
66.8
54.6
44.4
40.3
39.7
39.5
38.8
37.7
36.8
36.2
37.3
39.2
42.5
51.2
61.7
72.4
82.8
80.6
88.7
71.9
69.1
76.9
82.1
89
66.5
60
53
41.6
42.1
39.2
37.7
36.2
37.6
37.4
39.6
41.4
45.2
50.6
53.1
60.2
77.9
88.7
87.5
95.6
82.4
82.9
90.6
89.5
70.5
56.4
48.6
48.6
44.1
41.9
37.7
36.3
35.1
33.4
34.1
52.7
57.1
79
97.1
97.7
97.7
97.9
97.8
97.9
96.2
87.4
97.6
97.3
85.6
72.2
56
53.2
44.8
42
40.2
40.7
39.5
39.6
40.1
40.9
43.1
54.4
58.3
67.1
73.4
58.8
57.9
60.9
61.1
64.5
66.5
84.2
97.8
98
98
98
98
98
98
98
98
98
98
98
98
98
98
98
98
98
98
97.6
94.1
97
97.8
97.8
72.6
59.7
50.5
50.5
48
47.6
46.2
46.5
38.6
29.5
26.1
27.8
39.7
49.3
39.8
45.9
51.1
53.1
63.7
66.3
82.4
75.9
88.2
92.7
67.8
51.1
45
40.3
39.3
34.3
33.6
32.9
30.2
31.6
29.7
33
44.1
59
70.6
79.4
86.4
81.5
90.5
96.6
97
97.5
92.1
89.7
67
54
45.7
45.4
44.9
43.6
39.8
41
40.5
39.2
39.3
42.5
44.7
58.2
71.2
82.5
88.6
90.9
94.5
97.6
82.3
94.4
87.8
94.6
70.6
60.9
53.3
50.8
49.9
46.5
46.6
47.7
47.2
45.2
43.5
45.5
50.6
59.3
71.6
85.1
88.6
93.6
97.5
97.6
97.7
97.7
86.6
93
93.3
77.7
64.1
53.1
48.1
46.5
43.8
44
44.5
43.6
42
44.1
47.8
57.3
61.2
66.7
74.3
72.8
66.3
68.2
75.2
68.5
74.6
92.8
98
98
98
97.8
94.8
74.1
56.2
47.8
44.3
45.5
46.7
48.9
65.3
80.7
96.5
74
68.3
64.4
69.2
95.4
97.6
97
97.7
92.5
97.9
98
98
98
92.4
86.7
91.1
88.5
73.2
61.2
55.2
74.5
80.6
67.4
74.5
98
98
97.9
98
98
98
98
97.6
97.5
96.8
97.3
94.5
85.2
75.1
61.9
65.8
58.4
52.4
54.5
58.2
66.2
70.3
74.7
93
97.6
97.6
97.7
97.6
97.6
97.7
97.7
96.7
92.1
72.6
66.3
62.4
64.2
73.5
95.9
97.6
97.7
98
98
98
98
98
98
98
98
98
97.9
97.9
98
98
98
98
98
97.5
81.2
63.5
58.5
55
52.5
51.4
53.5
51.3
52.6
57.1
60.8
70.6
89.6
97.7
97.1
87.3
80.5
74.5
79.4
83.4
87.5
94.8
81.5
78.5
62.5
48.5
45.6
45.6
47.7
49.9
52.5
48.2
46.6
47.8
53
63.9
80.4
87.6
92.6
92.5
97.5
97.7
97.6
97.7
97.8
97.8
97.8
81.5
58.1
49.6
46.1
44.7
44.2
44.6
44.3
41.8
39.5
40.6
43.1
51.1
65.2
72.7
83.1
85.2
85.9
95.4
97.6
97.6
96.7
97.5
97
86.5
64.3
59.9
57.8
55.5
51.3
48.1
46.7
45.9
46.9
47.5
51.4
61.1
66.4
75.2
87.5
94.9
97
97.6
97.8
97.7
98
97.9
97.9
88.5
65.2
54.2
49.8
51.4
53.1
50.5
49.2
46.4
44.5
47.2
50.5
60.9
73.8
84.7
92.8
97.2
97.7
97.8
97.9
98
85
95.4
97.6
92.4
83.7
64.5
59.4
64.1
64.6
64.2
58.3
51.5
52.3
54.2
57.2
77.4
78.4
91.8
97.4
97.6
97.8
98
97.7
97.8
96.4
98
98
95.5
72.8
58.2
49.6
46.8
44.9
44.3
44.1
45.8
45
45.9
50
56.4
74.3
90.1
97.5
97.6
97.7
97.8
97.8
97.8
97.9
98
98
95.3
68.7
57.3
50.8
48.8
47.3
45.3
45.2
42
41.4
44.4
50
55.4
71
89.6
95.3
97.5
97.6
97.7
97.8
97.9
98
98
98
93
76.2
68.7
66.3
56.4
49.4
46.1
46.8
43.6
44
46.5
56.1
61.5
73.1
82.2
82.3
93.7
97.5
97.6
97.1
89.5
80.5
94.4
88
73.2
65.6
58.1
53.6
53.4
55.1
52.4
50.4
49
49.5
53.5
58.7
76.8
97.5
97.8
97.8
97.9
97.8
97.9
98
98
97.9
97.9
97.8
97.5
86
61.8
56.1
55.8
53.3
49.1
45.2
43.7
43.1
43.6
48.5
59.1
70
84.7
95.7
96.5
97.6
97.6
97.8
98
98
98
98
95.2
68.5
54.2
51
51.1
50.2
47.1
45
43.7
42.5
42.2
44.6
55.9
72.2
89.8
92.4
95.1
97.5
97.5
97.5
97.6
97.6
97.6
97.6
88.7
80.1
71.5
64.7
57.1
60.3
57.2
57.4
53.8
58.1
59
62.1
72.5
90.2
97.4
96.5
97.8
98
98
98
98
98
98
98
79.4
65.4
54.4
46.9
44.7
41.4
28.5
23.2
20.8
20.1
20
21.8
23.6
32.5
62.9
77
80.8
90
98
98
98
97.8
97.9
98
98
98
69.9
59.6
53.6
44.5
41.7
39.9
37.7
38.3
42.2
43.9
44.2
52.8
68.7
67.1
60.2
54.9
73.1
80.6
81.7
79.1
74.8
72.2
71.6
50.8
36.2
34.5
35.6
25.3
20
20
20
20
20
20
24.3
23.9
54
67.7
78.2
88.8
95.7
97.4
73.3
89.7
68
87.6
56.7
48.5
41
35.6
35
31.1
21.7
20.2
20.1
20
20.1
20
20
20
24
20
20
23.5
29.9
32.8
35.3
49.2
50.7
52.1
47.5
35.7
29.7
23.7
22
20.7
20.7
20.6
20.7
20.6
22.2
29.1
42
50.1
55.2
52.5
55.6
62
59
64.1
69.6
68.9
79.3
88.6
73.1
51.9
44.5
37.7
35.4
34.8
35
34
33.2
33.5
36.4
44.3
54.7
63.1
68.5
60.2
59.4
68.7
56.1
67.6
79
96.9
97.6
97.6
97.1
66.1
49.7
48.7
52.9
57.5
54.4
46.6
44.7
42.5
43
46.7
51
62.4
61
56.3
61.1
71.8
79.3
83.2
85.9
92.8
90.5
93.5
88.1
63.9
57.1
58.1
54.7
50.8
48.7
46
43.1
42.9
44.3
47.4
58.8
66.1
63.5
62.7
64.4
77
70.7
85.5
92.8
93.5
95.1
95.9
97.5
80.2
61.7
65
67.9
53.5
45.5
44.8
42.8
42.2
44.2
46
51.5
56.8
59.3
61.8
75.5
75.4
69.9
69.4
64.5
69.4
69.4
75.1
70.4
65.8
66
59.1
54.6
50
46.4
45.7
47.3
47.5
49.4
52.5
55.4
57.3
57.5
58.7
74.9
97.9
98
98
98
98
98
98
98
98
98
98
98
98
98
98
98
98
98
98
98
98
98
97.9
97.9
97.7
97.9
97.8
97.8
97.6
86.5
74.9
86.6
97.6
98
98
98
96
90.6
97.5
90.3
79.8
79.9
83.3
90.3
89
74.1
97.1
97.7
97.8
98
97.9
97.7
97.7
98
98
92.5
70.6
57.3
51.9
50.8
50.4
50.7
49.3
46.5
45.8
52.8
54.6
78.7
97.9
98
96.7
96.2
97.9
94.5
95.1
97.8
98
98
98
98
73.8
55.7
48.3
45.6
43.2
37.8
36.4
35.7
37.4
38.9
43.4
58.7
72
86.2
88.3
93.6
94.3
96.9
97.3
97.6
97.7
97.7
97.7
91.1
60.2
48.8
44.6
41.8
39
34.8
32.4
32.4
31.5
32.7
37.3
51
68.1
77
71.2
83.1
86
87.5
97.5
97.6
97.6
97.7
97.8
91.9
67.5
52.8
43.9
43.6
44.2
43.5
42.7
42
40.9
43.5
55.6
71.7
88.1
88.4
81.3
88.4
88.8
96.3
97.2
91.3
85.9
87.5
85.2
64.4
82.1
62.8
52.5
46.6
46.7
51.7
89.4
98
84
89
91.5
76.4
92.2
97.4
97.6
97.7
97.8
97.8
97.8
97.7
97.6
96.8
97.6
91.9
65.1
50.5
43
40.4
41.9
41.9
41.7
41.7
42.6
44.6
57.8
69.6
84.6
93.4
96.3
97.4
97.6
97.7
97.7
97.8
98
98
98
97.9
83.8
57.6
48.4
46.3
43.5
41.4
37.9
36.1
34.3
42.6
50.2
56.9
70.3
83.6
76.5
97.2
97.6
95.3
93
97.2
95
86.4
88.1
91.9
79
67.9
61.9
57.9
55.1
52.3
51.2
50
48.9
53.3
60.6
70.8
74.7
65.1
73.7
71.1
73.8
87.3
97.6
97.6
97.7
97.8
97.9
97.7
97.8
97.5
97.7
98
98
98
98
97.8
97.6
97.2
90.6
97.6
97.4
94.6
97.9
98
98
98
98
98
98
98
98
98
97.9
97.7
97.5
97.3
98
98
98
98
98
98
98
98
98
98
98
97.9
97.9
97.9
97.9
97.9
97.9
98
98
98
95.5
79.1
66.2
61.7
58.4
56.3
58.1
54.8
55.3
58.3
66.6
81
92.2
96.7
97.7
97.8
95
88.6
96.1
97.5
97.6
97.5
97.6
97.5
82.6
69.8
54.3
51.6
48.4
47.5
47.9
47.9
46.4
49.7
60
71.8
82.4
97.5
97.1
97.5
97.6
97.9
98
98
98
98
98
98
88.5
65.5
53.7
51.4
49.6
48.8
45.5
45
47.2
54.3
71.1
91.7
97.5
97.6
97.7
97.8
98
98
98
98
98
98
98
97.9
79.7
59.7
52.4
46
40
36.7
37.6
37.1
36.8
41.6
51.2
68.6
90.1
97
89.4
92.5
97.7
97.8
97.9
98
96.7
97.7
97.9
97.8
82.6
61.9
42.5
43.2
43.7
43.1
43.7
43
43.5
45.9
51.8
67.4
82.1
93.8
95.7
97.4
96.1
97.7
97.8
97.8
97.9
97.8
97.8
96.4
82.4
63.2
48.8
47.5
47.3
43.8
41.4
45.9
47.6
50.4
63.1
96.2
97.8
98
98
97.8
97.5
98
98
98
98
97.9
98
98
98
98
98
98
95.1
83
66.6
59.3
58.8
69.8
88.2
97.7
98
98
98
97.9
98
97.6
78.6
59.4
55.3
62.6
80.9
81.7
53.4
47.6
38
32.1
40.2
42.4
36.9
37.1
36.3
42.4
61.4
56.2
60
61.1
58.1
59.6
62.6
70.6
71.6
69
75.6
97
98
98
98
98
97.7
82.5
67.9
55.6
58.8
58.5
61.7
63.7
71.8
96.5
97.8
97.8
95.9
97.6
97.6
97.8
97.9
97.8
97.8
98
98
98
85.5
64.9
54.7
53.2
51.2
52.1
49.4
49.9
53.2
61.3
73.6
84
96.7
96.8
97.6
97.7
97.9
98
98
98
98
98
98
96.8
74.3
57.3
53.2
47.6
48.2
46.8
44.5
42.9
41.6
47.9
60.3
82.2
95.4
93.8
91.2
97.6
97.8
97.8
97.8
97.9
98
98
98
97.9
82.7
58.6
50.5
48.6
48.3
48.1
49.4
51.3
55.5
64.5
71.1
82.5
74.9
89
91
82.9
97.5
95.6
97.6
97.4
97.7
90.8
92.1
97.6
97.9
98
98
98
98
96.1
86.7
78
71.9
68.4
89.8
NA
NA
NA
NA
NA
NA
NA
NA
NA
NA
NA
NA
NA
96.8
81.3
65.8
61.8
67.3
73.7
67.8
61.1
61.7
64.7
71.5
89.1
NA
NA
NA
NA
NA
NA
NA
NA
NA
96.8
97.8
97.7
96.2
97.3
94.8
87
73.2
63.7
64.3
62
61.7
72
90.9
80.6
88.3
77
82.4
90.5
80.7
90.1
97.6
97.8
98
97.5
96.7
93.5
92.2
83.9
86.8
85.6
NA
NA
NA
NA
NA
NA
NA
NA
NA
NA
NA
NA
NA
NA
NA
NA
NA
NA
NA
NA
NA
NA
NA
NA
86
72.3
80.9
81.4
78
87
NA
NA
NA
NA
NA
NA
NA
NA
NA
NA
NA
NA
NA
NA
NA
74.7
66.7
66.1
64.2
61.5
57.4
56.8
60.7
64.4
91.7
NA
NA
NA
NA
NA
NA
NA
NA
NA
NA
NA
NA
NA
NA
NA
NA
87.4
69.7
67.3
64.9
64.6
65.8
65.3
73.9
81.4
87.1
93.8
92.9
89
95.2
97.6
92.9
83.1
83.8
78.1
89.4
88.1
71.2
69.4
65.2
63
63.7
61.7
53.3
52.9
53
57.8
63.5
62.7
72.2
72.3
77.6
75.5
78.9
71.3
74.4
59.9
62.3
66
69.7
76.7
72.5
61.4
56.8
56
51.8
49.3
48.1
47.7
49.7
58.4
66.8
73.1
80.4
81.9
93
89.5
70.2
86.3
92.1
91.6
97.6
92.1
97.6
96
69.9
69.3
60.5
51
43.2
42.6
40.4
42
44.7
51.9
63.4
78.1
90.9
75.9
85.2
81.2
74.9
86.4
80.4
97.1
97.5
97.5
97.5
97
70.4
53.9
44.4
44.8
41.8
41.9
39
38
38.4
51.5
57
62.4
67.8
60
65.7
71.5
74.2
74.8
93.7
95.1
96.3
97.6
97.7
89.4
79.5
58.3
46.1
43
43.6
43.9
42.5
42.5
42
46
64.2
76.3
88.6
92.3
96.8
97
97.5
97.6
97.6
96.5
97.6
97.8
97.9
97.8
97.6
89.3
72.7
59.6
50.1
49.7
54.8
55.2
55.2
59.1
70.9
90.4
NA
NA
NA
NA
NA
NA
NA
NA
NA
NA
NA
NA
92.7
64.5
54.1
48.3
48.5
48.4
47.2
47.6
49.1
56.6
76.2
88.9
NA
NA
NA
NA
NA
NA
NA
NA
NA
NA
NA
NA
NA
84.3
66.9
64.4
62.9
58.8
57.3
56.5
58.2
65.6
81.5
92.4
NA
NA
NA
NA
NA
NA
NA
96
76.4
71.9
75.8
85.6
65.6
59.5
60.5
49.9
49.8
50.8
53.3
51.4
81.6
96.8
97.7
96.5
NA
NA
NA
NA
NA
NA
NA
NA
NA
NA
NA
NA
NA
NA
NA
NA
NA
NA
91.3
96.4
NA
NA
97.7
97.9
98
NA
NA
NA
NA
NA
NA
NA
NA
NA
NA
NA
NA
90.4
75.8
61.8
58.2
56.3
55.5
54.1
56.6
69.6
90.7
97.1
95.5
NA
NA
NA
NA
NA
NA
NA
NA
NA
NA
NA
86.4
64
53.5
42.5
39.8
40.6
40.4
39
39.3
52.8
72.8
82.8
92.5
96.9
97.4
85.6
74.7
90.1
97.5
95.3
97.6
97.6
97.7
97.8
95.6
68.1
56.5
55.1
52.1
42.1
24.1
20.2
20.2
20
27.6
27.5
20
20
20.2
20
20.1
22.6
30.2
28.1
34.9
39.7
38.8
29.7
35
33.6
28.3
25.3
25.2
21.4
21.2
24.5
27.4
36.3
54.1
64.1
69.9
50.8
53.6
75.4
93.6
96.2
97
97.5
95.4
97.4
97.5
97.5
86.9
62.1
47.6
43
45.9
47.3
48.2
48.1
51.5
59
66.6
74.7
76.4
83.4
85.1
88.3
94.4
94.1
96.1
93.8
96.2
86.7
84
93.4
89.2
78.4
76.5
73.6
74.5
73.4
83.2
80.8
81.3
83.9
91.3
94.1
97.5
97.5
97.6
97.6
97.6
97.6
97.6
97.4
97.5
97.6
97.6
97.6
97.7
97.8
97.7
93.2
86.3
92.5
96.4
97.6
97.8
97.8
98
98
98
98
98
98
98
98
98
98
98
98
98
98
97.6
97.1
96.2
72.6
90.9
97.9
97.8
98
98
98
98
98
92.1
97.7
97.3
91.1
97.8
98
98
95.9
93.8
96.4
97.7
98
97.9
73.9
65.5
63.8
60.2
59.7
66.3
70.6
72.9
81
87.4
91.7
97.7
97.9
98
98
98
97.9
98
97.7
97.2
96.3
97.9
97.9
97.5
92.1
71.9
57.7
52.6
51.1
49.1
48.6
50.3
65.3
81.5
96.6
97.6
97.6
97.7
97.6
97.6
96.4
97.4
95.1
95
94.7
96.9
96.5
72.5
68.2
55.2
49.6
46
50
48
47.4
49
63.7
74.4
93.7
95.2
97.6
97.7
95.9
88.2
97.6
97.6
85
85
97.5
95.8
97.5
84.2
59.8
49.5
46.3
43.7
44.5
45
46.3
46.8
56.8
77.7
95
97.5
97.7
95.3
91.2
97.6
97.6
92.5
91.8
91.3
87.7
97.5
97.6
90.2
76.9
69.6
59.3
54.4
52.2
51.8
54.1
64
70.6
84.7
85.9
85.7
80.5
74.2
67
74.2
77
82.7
97.8
98
98
98
98
97.9
97.5
88.4
82.1
87.5
92.6
96.4
97.6
97.9
98
98
98
98
98
98
98
98
98
98
98
98
98
98
98
98
98
98
97.9
97.9
97.5
97.7
98
98
98
96.4
93
76.3
68.5
72.4
69
63.7
74.1
96.4
98
98
98
98
98
98
98
98
98
98
98
98
98
98
98
98
98
98
98
98
98
98
98
98
98
98
98
98
98
98
95
73.8
62.5
56.2
52.5
51.8
55.8
61.9
83.3
97.7
97.9
98
98
98
98
98
98
98
98
98
97.7
97.9
98
97.9
97.9
90.3
67.1
68.5
74.8
76.7
80.5
86.2
93.7
97.8
98
98
98
98
98
98
98
98
98
98
98
98
97.9
97.9
97
84.9
87.8
87.3
80
72.1
65.9
67.8
90.1
97.7
98
98
98
98
98
98
98
98
98
98
98
98
98
98
97.9
95
90.7
76.3
71.2
61.6
NA
78.4
86.7
96.7
97.5
97.6
97.7
97.9
98
98
98
98
98
98
98
98
97.9
97.8
97.7
97.9
98
98
98
98
98
97.9
98
98
98
98
98
98
98
98
98
98
98
98
97.9
97.7
95.7
90.9
95.9
90.7
81
77.8
72.3
64.9
67.7
69.3
85
76.3
80.5
76.5
73.1
68.2
65.1
61.7
61.5
68.1
75.6
80.1
75.8
84.2
86.4
78.8
77.8
81.7
82.6
81.7
87.1
92.2
97.6
97.6
97.7
97.7
97.8
97.7
97.5
97.6
97.6
97.6
97.6
97.6
97.7
97.7
97.7
97.7
97.5
96.7
97.5
97.5
88.2
72.3
76.5
76.1
83.6
91.2
97.5
97.6
97.6
97.7
97.7
97.6
97.7
97.9
97.9
96.9
97.7
97.6
98
98
98
93.3
78
64.6
61.4
64.4
65.9
66.7
70.5
70.1
88.8
97.6
97.7
97.9
98
97.6
97.9
98
98
98
98
95.5
91
96.9
97.4
85.6
60.9
53.2
46.4
44
42.6
42
41.9
46.3
61.4
80.2
94.8
96.5
84.5
97.7
97.8
97.6
97.6
97.5
97.5
97.5
95.3
97.4
97.5
97.5
95.6
86.6
71
65.9
66.9
66.5
73.7
79.8
87.2
93
93.7
96.7
97.5
97.6
97.6
97.5
97.6
97.7
97.8
97.7
97.7
97.8
97.6
97.7
97.5
97.6
97.7
97.7
97.7
97.8
98
98
98
98
98
98
98
98
98
98
98
98
98
98
98
98
98
98
98
98
98
98
98
98
98
98
98
98
98
98
98
98
98
98
98
98
98
98
98
98
98
97.8
83.3
74.3
81.8
96.9
97.7
95
95.3
78.1
74.5
91.8
97.5
92.2
96.6
97.7
98
98
98
98
98
98
98
98
98
98
96.8
76.3
63.7
57.3
55.7
56.4
59.6
62.2
77.2
97.1
97.6
97.8
98
98
98
97.9
97.8
97.8
97.8
98
98
98
98
98
97.8
97.6
97.6
96.6
96.1
91.2
97.5
97.2
97.8
97.9
97.9
97.8
97.8
97.9
97.9
98
98
98
98
98
98
98
98
98
97.8
97.8
97.7
97.6
83.2
66.2
68.5
65.4
89.9
97.7
97.8
97.8
97.8
97.7
97.9
97.9
97.8
97.9
94.7
93.9
96.4
90.8
91.7
97.6
96.3
88.6
80.7
76.8
72.4
84.5
97.7
97.7
96.1
96.4
97.6
96.3
94.3
97.6
97.7
97.6
97.7
97.6
97.7
97.6
97.6
97.6
97.5
97.6
97.6
97.6
97.5
97.7
97.7
97.6
97.7
97.6
97.8
97.7
97.7
98
98
98
98
97.8
98
98
98
98
98
98
98
98
98
98
97.8
77.7
73.2
87.1
97.1
97.5
97.5
97.5
97.5
97.7
97.9
98
97.9
98
98
98
97.9
97.9
98
98
98
98
91.2
68.2
62.7
60.4
63.7
76.1
78.3
80.9
87.8
92.2
94
93
90.8
91
88.5
80
78.3
73.9
68.1
65.7
69
63.9
64.1
69.6
69.5
57.9
49.7
55.7
60.6
60.4
62.5
63.5
72.3
81.1
84.1
77.1
81.1
84.6
83.4
81.5
79.4
80.4
78.7
79.7
74.1
75.9
76.5
77.2
71.5
58.8
57.2
57.9
54.5
54.2
53.9
59.8
67.9
75
77.1
74.1
72.6
71
73.6
70.5
68.8
67.9
70.8
81.7
90.7
94
95
95.6
96
96.5
97
97
96.9
96.8
96.6
96.4
96.4
97
97.2
96.5
94.6
92.4
87.8
87
84.7
73.2
67.1
69.4
69.7
73.1
77.6
77
72.2
61.7
56.8
52.5
50.8
54.4
59.7
64.8
68.5
76.4
87.1
87.4
83.6
83.6
81.5
79.7
84.9
91.1
93.6
94.6
95.2
95.5
94.8
95.3
94.6
93
90.7
90.9
93.8
94.4
94.6
95.2
96.3
96.8
97.1
97.3
97.2
97.1
97.2
97.1
97.1
97.1
97
97.2
97.2
97.2
97.5
97.4
97.3
96.8
94.8
90.8
89.2
84.4
81.5
76.8
85
91.1
94.3
93.6
86.8
83.3
74
69.7
64.7
66
65.6
69.9
75.2
76.4
78.9
81.2
82.3
73.4
63.2
61.5
65.6
66.1
67.5
68.7
72.8
74.4
75.2
83.9
90.2
93.4
94.9
95.6
96.1
96.5
96.7
97
97.2
97.5
97.9
97.9
98
98
97.9
97.7
97.6
97.4
97.5
97.8
97.9
97.9
97.9
98
98
98
98
98
98
98
98
98
98
98
98
98
98
98
98
98
97.7
96.8
97.2
97.3
97.6
97.9
98
98
98
98
98
98
98
98
98
98
98
98
98
98
98
98
98
98
97.5
95.4
94.4
94.5
95.6
95.3
93.9
92
94
95.6
96.9
97.2
97.5
97.9
98
98
98
98
98
98
97.8
94.1
90.7
87
83.6
81.2
78.3
82.1
87.8
89.6
90
90.9
91.7
92.8
94.8
95.5
96
96.2
96.2
96.5
96
96.2
96.3
96.4
93.4
85.6
81.8
83.9
86.7
86.7
85.5
89.9
93
94
94.6
95.9
96.8
97.3
97.5
97.8
98
98
98
98
98
98
98
98
98
98
98
98
98
98
98
98
98
98
98
98
98
98
98
98
98
98
98
98
98
98
98
98
98
98
98
98
98
98
98
98
98
98
98
98
98
98
98
98
98
98
98
98
98
98
98
98
98
98
98
98
98
98
98
98
98
98
98
98
98
98
98
98
98
98
98
98
98
98
98
98
98
98
89.4
67.4
49.8
38.6
37.1
36.8
39.7
41.5
44.7
51.9
51.4
54.1
55.1
54.6
55.9
49.7
52.1
55.2
55.5
61.4
66.7
68.1
62.2
54.5
51.3
49.5
47.7
37.6
37.2
37.7
49.5
60.2
65.1
63.7
69.3
69.1
69.8
76.3
77.7
78.5
78.2
77.6
79
78.9
79.5
79.7
68.2
56.9
54
54.2
53.7
53.3
50.9
52.2
60.5
70.7
76.5
75.2
79
78.5
79.1
80.2
78.8
78.5
76.7
74.2
74.2
77.2
81.4
84.1
81.4
76.6
72.3
70.7
69.2
70.1
72.5
75.5
82.5
87.6
89.8
91
88.6
85.6
81.3
76.9
73.8
72.2
70.3
62.3
54.6
59.7
65.6
67.9
61.7
54.5
46
39.4
37
36
35.4
35.5
36.1
36.7
41.6
46.4
62.6
72.3
80.5
83.8
86.3
84.7
85.1
85.7
86.4
86.7
86.5
77.2
75.8
61.5
58.2
62
62.9
63.7
61
56.6
62.8
70.5
74.3
73.7
70.2
72.5
72.6
73.4
73.1
74.6
75.7
75.7
72.3
73.4
75
76.9
76.1
72.5
66.7
64.8
62.1
60.5
63.6
67.7
77.7
81.5
76.6
72.3
66.6
64.1
69.4
68.1
66
70.3
72.4
66.2
69.8
68.6
73.2
72.7
63.3
57.8
52.4
49.3
50.8
51.4
52.8
54.5
62.3
68
67.9
70.8
72.9
72.4
72.8
66.8
72.6
72.2
72.6
68.6
65.4
71
77.3
79.3
81.8
85.4
88.7
90.2
90.9
91.6
91.3
91.6
92.6
93.2
93
92.1
91.8
91.6
90.3
89.9
90.7
91.9
92.9
92.6
93
93
92.7
92.7
92.7
83.6
76
68.9
69.7
67.4
69.6
71.3
79
81.6
81
82.1
82.4
85.1
84
84.4
82.2
78.3
80.2
71.7
73.4
76.1
72
72
75.1
76
73.2
72.1
72.9
77.7
81.6
83.6
86.4
91.2
93.5
94.4
95.2
95.8
96
96.2
96.6
97
97.1
97.2
97.2
97.2
97.1
97.1
96.9
92.5
84.4
81.3
77.2
75.5
77.9
80.5
86.3
90.9
93.7
95.1
91.6
91.7
91.1
91
91.1
90.4
91.1
93
94.6
95.9
96.4
96.8
97.2
97.2
97.2
97.4
97.5
97.5
97.7
97.9
98
98
98
98
98
98
98
98
98
98
98
98
98
98
98
98
98
98
98
98
98
98
98
98
98
98
98
98
98
98
98
98
98
98
98
98
98
98
98
98
98
98
98
98
98
98
98
98
98
98
98
98
98
98
98
98
98
98
98
98
98
98
98
98
98
98
98
98
98
98
97.7
96.4
97.6
98
98
98
98
98
98
98
98
98
98
98
98
98
98
98
98
98
98
98
98
98
98
98
98
98
98
98
98
98
98
98
98
98
98
98
98
98
98
98
98
98
98
98
98
98
98
98
98
98
98
98
98
98
98
98
98
98
98
98
98
98
98
98
96.6
92.5
89.3
87.1
83.9
81.8
83.1
87.7
93.2
93.5
95.5
95.5
97.2
97.8
97.3
97.9
98
98
97.2
97.9
98
98
98
97.8
95.3
93.2
90.2
88.1
83.8
81.7
82.2
83.7
91.2
95.2
96.5
97.2
97.5
97.9
97.4
96.9
97.4
97.3
97.4
97.1
93.5
90.7
91.7
93.8
91.3
85.1
78.2
73.6
71.5
72.3
71.7
72.2
80.8
89
92.7
93.7
94.9
95.2
93.9
94.4
93.8
91.8
90.8
89.8
88.3
90.6
91.1
90.4
91.4
90
85.8
81.1
77
74.8
73.4
75.4
84.1
88.9
89.7
92
93.2
94
93.9
94.2