100
100
100
100
100
100
100
100
100
100
100
100
99.3
93.4
91.7
93.4
94.3
98.4
100
100
100
100
100
100
100
100
100
100
100
100
100
100
100
100
100
81.8
70.7
71
78.3
54.4
62
51.5
50.5
64.3
72.8
84.1
91.8
95.1
93.9
92.5
96.1
96.7
95
93.5
90.2
92.9
91.5
76.5
51.5
56.1
48.5
42.6
38.9
43.5
47.3
62.1
63.4
65
73.3
74.7
73.8
75.8
73.7
73.7
74.9
68.2
68
70.4
68
66.3
67.1
60.6
55.5
55.1
56.6
57.7
75.8
80
81.6
83.6
83.9
84.5
83.9
83.8
84.5
86.8
89
89.1
89.9
91.9
93.6
94.8
94.7
92.6
92.3
91.7
88.9
74.2
58.9
53.2
52
54.2
61.4
68.2
72
71.9
75.3
77.5
77.8
85
83.9
84.1
85.1
85.1
85.8
89
89.7
91
91.9
92
84
69
58.8
51.9
43.5
38.4
44.3
68.1
86.4
87.6
85.5
87.8
87.5
73.1
61.9
75.2
84.9
91.5
94.5
88.2
87.2
88.3
94.6
97
79.8
71
67.5
64.1
63.9
68.4
77
85.6
88.3
76.5
63
78
81.7
87.6
86.3
75.3
74.9
90.8
95.2
96.7
97.9
98.8
99.6
100
100
99.9
98.7
97.7
98.8
99.3
99.8
100
100
100
100
100
100
100
100
100
100
100
100
100
100
100
100
100
96.7
94
97.6
100
100
95.6
92
94.2
97
87.1
88
87.5
87.2
87.8
84.9
79.8
79.3
83.7
93.4
97.3
97.8
98
95.7
72.2
62.9
58.7
52.5
50.1
51
51.7
56.9
61.5
60.4
61.8
72.1
74.3
71.2
79.7
87.4
93.2
97
98.8
100
100
100
100
100
100
100
84.9
67.4
75.6
78.9
75.5
81
89.3
95.5
96.4
97.6
98.5
99.9
100
100
100
100
100
100
100
100
100
100
100
99.9
93.1
87
80.9
82.1
88.7
91
91
92
88.3
94.1
95.6
95.6
96.5
96.3
97.6
98
97.5
97.7
97.5
98.4
99.8
100
100
99.8
91.7
88.6
88.9
90.5
91.9
91.6
93.4
94.2
95.1
97.8
96.3
97.5
98.3
99.5
100
100
100
100
100
100
100
100
100
100
97.8
92.9
90.7
91
93.3
94.3
95
96.5
96.7
97.7
98.4
98.6
99
99.8
100
100
100
100
100
100
100
100
100
99.6
79.9
67.6
61.5
58.4
61.4
73.2
87.5
96
98.2
100
100
100
100
100
100
100
100
99.7
95.2
94.6
88.3
69.4
73.2
67
65.1
63.8
65.2
61.8
63.8
67.9
70.5
78.3
75.7
74.9
70.4
74.7
79.2
84.8
86.4
85.6
85.8
85.8
86.9
82
78.2
80.2
85.4
84.2
77.5
74.2
72.9
74.5
77
76.3
80.3
82.9
83.8
85.1
86.7
88.5
91.5
96.1
97.9
98.7
99.7
100
100
100
100
100
100
95.7
75.1
66.4
64.3
67.7
77.6
86.1
96
98.6
99.3
100
100
100
100
100
100
100
100
100
100
100
100
100
100
100
100
94.5
77.3
66.2
70.8
77.4
90.9
97.3
99.3
100
100
100
100
100
100
100
100
100
100
100
100
100
100
100
100
99.8
96.3
85.1
80.9
87.5
92.9
95
95
95.3
97.6
97.6
96.2
95.8
95.6
96.1
97.1
97
97.4
97.6
97.7
97.8
97.7
95.9
92
88
87
86.3
87.1
88.3
90.1
91.8
93.1
93.9
94.3
94.9
94.5
93
92.7
92.2
92.7
92.8
93.4
94.5
97
95.7
91.5
84.8
74.1
67.8
62.4
57.8
69.2
77.5
81.6
84.9
86.1
87
88.2
88
88.5
88.6
89.5
90
91.4
92.8
92.2
93.2
94.3
93.5
91.7
87.2
80.1
69.5
58
58.6
57.1
62.4
75.2
82.8
87.8
89.2
91
92.1
92.1
92.6
92.2
92
92.3
90.8
90.5
90.8
92.5
93
92.2
89.1
87.4
86.7
88.8
91.3
93.5
91
84.5
82.6
84.2
84
79.2
77.9
67.7
63.7
61.9
63.9
64.1
61.1
62.6
65
71.7
65.7
61.2
59.8
57.4
56.8
58.6
59.5
61
63.1
65.1
67.3
68.8
68.1
69.9
72.4
73.5
75.2
74.8
76.7
78.3
79.4
82.5
82.8
82.9
82.4
80.9
78.7
75.6
74.8
75.7
73.8
72.4
75.2
76.8
81
81.3
82.7
87.3
90.6
90
93.7
94.6
95.4
95.6
96
96.9
97.3
97.7
98.2
98.8
92.8
75
65
61.3
59.2
58.2
62
67
71
74.2
81.2
83.7
87
91.1
91.7
92
93.3
91.9
91.1
88.4
85.1
84.7
82.7
81.8
70.8
69.7
70.3
70.8
66
67.2
73.1
75.6
71.1
73.1
76.9
85.8
89.7
85.6
89.9
93.5
94.5
95.2
95.6
95.8
96.2
96.3
95.6
93.9
84.6
72.6
61.8
58.8
57.8
59.3
63.8
67.2
71.1
70.8
84.3
94.9
97.4
98.5
99.3
100
100
100
100
100
99.4
98.5
98.5
96.5
94.9
91.2
88.3
84.3
82.3
82.3
81.5
88.3
95.2
98
99.3
100
100
100
100
100
100
89.5
91.5
95.1
96.4
98.3
98.5
96.2
88.7
81.7
76.7
68
56.6
55.7
58.7
77.1
84.4
78.2
79.6
89
92.6
94.8
95.8
95.1
95
95.2
94.3
93.6
92.1
92.3
92.1
80.7
55.6
43.3
38.5
33.6
32.6
36.2
43.8
50.8
53.2
55.3
60.6
63.7
76
78.4
79.4
79.3
78.2
78.3
78.7
77.4
78.6
78.2
73.8
58.4
49
38.5
25.3
22.4
29.2
33.6
29.7
45.8
43.9
55.2
63.5
70.4
75.3
74.2
67.5
68.4
71.5
77.1
74.7
82
84.7
86.2
85.7
64.3
55
42.7
39.4
36.3
38
38.5
42.8
52.3
63.3
71.3
79.4
83.9
77.3
85.7
88.7
86.4
73.8
73.5
71.3
76.5
77.6
78.2
78.7
77.8
74
64.1
59.5
58.2
59.3
60.6
61.4
68.6
73.2
73.5
73
70.6
69.6
80.9
83.4
84
82.8
88.5
86.9
90.5
95.4
97.5
97.9
98.3
98.4
99.5
100
99.3
98.9
99.4
100
87.6
83.9
87.8
97.1
99.6
100
100
100
100
100
100
100
100
100
100
100
100
100
100
91.5
86.7
86.3
82.7
78.5
82.1
89.5
89.3
80
90
85.4
81.4
78.2
78.9
84.5
86.2
85.7
87.3
91.4
94.3
93.1
82.3
95.2
91.6
77.3
67.9
57.9
49.5
46
48.2
76
88.3
89.6
87
91
96.5
95.7
70.1
64.3
64.6
65.1
79.7
78.3
72.3
83.8
70.4
69.1
71.1
67.2
64.9
63.1
62.4
58
65.8
85.5
90.9
92.9
95.7
97.3
97.5
97.1
97.2
96.8
96.7
97.8
98.1
98.9
99.9
100
100
100
96.9
88.5
86.2
84.3
81.5
79.2
80.3
86.8
89.4
91
90.6
91.9
92.1
91.6
90
91.1
90.5
87.4
87.3
89.2
87
84.9
71.2
60.9
61
62.5
61
59.6
57.8
63.7
71.2
78.7
77.5
80
82.2
84.2
91
94.4
94.5
95.8
96.1
98.2
98.5
98.5
99.4
100
99.5
93.2
92.5
89.3
89
85
78.4
74.4
77.6
77.7
78.3
80
83.6
86.7
89.8
93.5
94.8
94.7
95.4
97.1
98.6
99.9
100
100
100
84.8
64.2
66.4
61.6
52.4
50.5
51
57
64.1
67.8
76
87.4
94.5
97.4
99
100
100
100
100
100
100
100
100
99.5
74.5
58
51
48.8
43.3
40.2
43.6
50
65.7
73.6
73.3
72.6
79.4
91.1
94.7
95.8
95.6
78.2
69.5
68.6
73.1
86.5
93.4
72
52.5
55.9
47
40.2
42.1
48.6
49.1
54.5
63.8
68.5
74.2
70.6
76.2
81.1
87.5
91.9
95.4
97.3
98.2
98.6
98.7
99.8
99.9
99.8
97.8
77.1
68.8
56.7
53.6
54.9
58
59.5
62.3
59.8
57.8
56.8
61.5
70.4
75.9
83.8
87.3
86
75.9
79
82.3
84.2
83
75.9
58.2
52.9
53.6
55
54.6
55.6
57.6
63.5
69.1
73
76
78
78
80.2
80.1
81.2
82.6
80
78.3
78.9
82.2
87.3
89
80.3
81.6
79.9
77
71.8
64.2
65.3
82.8
92
94.3
96.3
97.9
99.3
100
100
100
100
100
100
100
100
100
100
100
100
98.8
94.6
94.7
91.6
76.1
67.3
68
73.5
81.9
86.9
90.1
89.8
97.7
97.9
98.9
87.2
82.4
83.6
78.1
68.5
78.8
85.8
84.2
81.4
80.2
75.1
66.2
61.9
58.1
59.5
82.8
95.5
99.1
100
100
100
100
100
100
100
100
99.7
99.6
100
100
100
100
100
100
97.2
92
90.4
90
90.8
83.7
71.9
64.2
79.4
81.1
91.7
94.5
93.5
94.7
96.1
95.8
93.9
91.8
91
94.2
97.5
98.7
75.1
57.2
54.9
56.3
52.5
51.8
51.4
53
55.4
57.4
62
66.3
71.2
71
77.1
73.6
68.7
67
74.1
85.5
82.3
83.8
92.4
97.2
98.8
97
97.5
95.1
89.8
88.8
88.2
84.6
85
87.3
89.7
91.5
94.7
95.3
95.3
96.3
88.7
94.5
99.1
100
100
100
100
100
99.1
85.4
75.9
69.8
66.2
66.3
60.9
67.9
72.9
79
85.1
88.5
90.9
93.6
96.7
96.7
97.7
99.9
100
100
100
100
100
100
94.8
75.5
67.9
60.7
56.3
55.3
53.3
57.3
56.4
68.3
78.6
85.1
93.2
92.5
94.5
99.3
100
100
100
100
100
100
100
100
94.5
66.5
58.5
59
54
51.5
52.6
55.5
57.5
67.8
70.7
68.8
80.2
85.5
90.2
90.8
91.9
90.9
88.2
87
87.4
87.7
87.7
94.3
97.3
97.6
89
86.7
91.2
86.8
80.4
78.2
74.3
74.1
71.8
80.7
93.3
95.9
92.9
87.3
87.4
92
93.7
90.5
63.7
71.4
80.8
76.9
57.6
40.4
36.1
25.9
24.1
24.3
23.1
26.1
30.6
29.1
24.3
27.4
37.2
40.8
42.9
48.5
52.1
58.5
64.8
68.2
74.3
73.5
76.1
79.5
76.9
68.1
64.6
61.8
65.2
72.1
70.4
71.6
76
79.1
83.5
90.2
88.6
87.1
88.9
91.3
95.1
94.6
97.3
99.7
100
100
100
100
97.9
62.9
60.5
61
53
45.5
44.5
52.3
63.1
73.7
80.2
81
85.7
82.3
85.3
94.1
97.9
98.4
98.2
99.2
100
100
100
100
80
61.8
55.4
52.5
49.9
46.6
45.9
46.9
49.9
58.9
71.3
84.7
83.2
82.8
91
93.6
94.1
96.3
98.8
100
100
100
88.1
70.3
69.6
62.8
54.8
50.5
53.9
62.4
63.3
61
60
63.1
78.3
84.3
87
89.7
91
90.4
90.3
92.5
93.8
93
94.6
96.3
96.2
97.1
96.7
96
95.3
93.5
91.1
90.2
89.4
86.1
85.5
87.1
86.4
84.3
87.1
91.8
95
94.5
97
92.6
87.7
87
87.4
84.5
88.1
87.8
78.2
73
76.6
79.8
83.2
82.5
78.2
76.4
79.9
85.8
91.6
88.8
92.8
95.3
93.7
95.4
95.6
94
94
93.6
91.2
87.6
87.3
73.2
43.8
33.2
31.8
32.4
29.9
24.8
24.7
22.7
24.2
39.2
41.6
41.7
46.4
46.8
49.6
51.3
50.5
50.4
50.3
50.9
44.7
36.1
37.3
35.2
32.4
28.9
27.2
26.1
26.9
28.6
28.2
29.6
31.9
35.3
38
38.9
40.3
40.7
41.3
42
41.5
43
40.6
41.1
42.9
46
50.1
49.8
39.1
36.6
35.7
32.9
32.6
31.4
30.2
28.9
28.9
33.2
34.6
34.2
35.4
35.1
35.6
35.2
34.5
32.3
35.8
39.5
39.5
50.2
51
49.9
42.1
25.6
22.6
23.6
28.2
32.1
32.4
37.8
43.9
46.1
60.5
75.8
89.9
94.3
96
96.8
96.7
97.5
97.9
98.1
98
98.3
98.7
98.4
96
90.4
89.8
90
92
88.7
91.1
90.8
92.7
95.8
97.6
98.7
99.2
100
99.9
99.1
97.9
97.3
97.5
97.5
96.5
96.3
95.2
84
70.8
56.7
55.1
60.7
44.1
44.3
47.3
51
59.2
63.3
68.1
73.2
76.2
80.5
88.5
94.5
95.8
96.4
98
98.8
98.7
99
98.7
95.8
73
67.9
62
57.9
52.8
50.6
52.4
55.7
61.5
69.1
74.2
82
90.5
93.2
95.9
97.7
98.8
99.8
100
100
100
100
100
99.9
78.7
65.2
56.3
55.5
52.3
48.8
47.8
47.9
50.6
58.7
71
80.8
84.1
90.5
94.3
95.8
98.3
99.2
100
100
100
100
100
100
78
58.5
51.5
50.5
47.5
44.7
44
46
50.4
56.1
68.7
80.4
87.5
90.6
92.7
93.7
93.4
92.9
95.5
97.8
98.6
98.9
99.2
85.7
57.8
47.4
39.8
33.5
29.3
27.8
28.3
28.6
29.1
33.9
38.5
38.2
41.1
42.1
57.4
64.5
64.5
67.8
69.3
69.6
71.2
72.1
66.8
51.9
47.6
41.2
30.7
29
26.1
22.8
19.6
22.1
23.2
25.6
26.4
36.2
43.8
49.3
54.2
52.8
55.7
62.4
67.6
73.3
78.2
79.7
78.4
53
38.4
38.3
36.1
35.9
37.6
33.7
31.4
34.3
37.7
47.1
52.9
54.3
57.7
60.4
59.8
60.8
62.8
62.4
63.5
65.3
66.1
64.9
64.2
62.2
61.3
55.5
51
47.8
42.9
42.3
42.2
41.3
44.9
49.7
56.2
58
63
62.6
59.8
63.8
61.2
59.9
60.4
59.7
58.8
57.9
58.7
56
50.4
49
54.6
51.5
51.3
47
44
46.3
50.3
52
56.1
63.2
66.1
66.9
66.3
68.3
69.8
73.4
76.8
78.7
79.4
79.2
65.3
63.8
61.4
60
60.2
62.1
62.1
63.8
67.5
71.4
70.8
72.3
77.5
80.8
85.8
91.6
91.3
93
92.6
93.3
90.8
89.6
91.8
92.2
91.5
92.4
89.8
86.9
84.8
79.5
83.8
82.2
82
83.8
85.9
88.4
90.9
93.5
97.2
99.6
100
100
100
100
100
100
100
100
99.8
100
100
96.6
92.5
92.7
95.8
97.3
98.8
99
98.6
99.5
100
94.4
99.1
100
100
100
100
100
100
100
100
100
100
100
99.2
92.7
85.1
81.3
79.9
74.5
69.8
63.9
66.3
74.4
86.8
91.5
96.3
100
100
100
100
100
100
100
100
100
100
100
84.9
67
60.6
53.1
47.1
46.5
46.7
45.1
48
55.8
69.7
78.2
87.9
91.1
88.3
74
69.6
66.4
69.5
68.7
75.8
83.6
83.5
72.3
65.2
59.5
55.5
51.2
46.5
45.4
44.8
43.4
45.5
53.6
62
66.5
65.8
65.8
62.8
55.7
53
54.6
64
80.6
90.3
91.8
92.7
92.5
91.4
87.9
77.6
74.9
81.3
81.8
74.4
75.5
75
82.7
83.3
84.8
94.9
95.7
99.2
100
84.6
92.8
99.6
100
100
100
100
87.4
59
55.2
56.1
55.6
45.1
36.1
25.2
28.1
28.2
33.8
41.7
49
61
70.2
73.9
73.4
71.5
65.8
73.1
78.2
80.8
79.9
82
55.5
44
38.3
35.9
33.5
32.9
27.5
23.6
23.4
23.9
30
36.2
43.8
51.2
58.7
63.8
64.8
69.2
72.7
76.1
76.6
72.2
75.5
73.2
57.4
48
47.1
51.2
53.9
52.4
48
45
47.8
52
56.8
58.5
60.6
56.7
55.2
54.5
54.7
57.6
58
67.6
70.8
77.1
76.4
75.2
64.7
60.3
59
61.5
65.1
60.9
59.1
60.1
59.9
62.4
79
81.5
78.9
78.4
75.6
80.1
89.5
96.4
88.4
79.8
92.7
98.5
99.9
95
72.4
62.8
61.5
57
58.8
51.2
45.9
41.6
34.8
28.7
33.8
47.5
54.4
62.5
69.3
72.4
77.5
81.3
47.6
51.5
54.6
56.4
55.5
52.5
49.9
49
52.5
68.9
84.7
84.4
85.2
71.3
64.6
69.8
83.2
93.2
98.7
100
100
100
100
100
100
100
100
100
100
100
93.8
61.5
47
31.8
38.5
34.6
32.7
28.9
23.4
21.1
27.4
36.3
38.3
51.3
66.2
73.2
72.7
80
86.2
86.8
88.3
86.2
80.3
71.9
60.5
46
41.1
43.3
46.9
56.2
66.1
74.5
82.3
86.1
87.3
93.1
90
62.3
63
57.3
53.5
53.5
53.6
54
53.5
73.7
79.4
79.3
72.3
55.5
51.8
52.2
49.4
44.1
42.4
42.8
44.1
44.7
47
49.6
49.6
52.5
66.8
73.1
75.7
78.1
80.7
86.8
91
89.8
93.3
94.5
89.3
74.8
64.3
50
42.8
34.2
28.6
25
23.1
22.7
24.6
36.9
28.9
26.1
41.7
50.9
56.9
61.8
64.5
67.5
72.9
74.1
73.7
63.5
33.5
25.4
24.2
25.4
24.7
24.4
24.5
23.9
23.4
23.9
28.9
41.4
50.4
49.8
44.5
52.1
54.8
50
44.1
44.5
51.3
52.4
64
64.8
44.9
40.8
35.3
31.7
30.9
32.4
34
33.3
33.3
36.4
38.2
42.1
43.4
39.2
40.3
45.2
45
48
66
74.3
79
82.6
83.1
76.4
51.4
45.3
42.7
40.8
38.3
35.1
32.4
30.6
29.9
29.9
32.5
44.8
55.3
60.6
69.3
71.8
75.6
80.1
81.7
85
85.9
87.9
87.7
76.6
47.4
37.3
36
33.6
32.3
28.8
27.1
24.9
27.4
29.3
33.6
43.1
50.1
56
62.5
65.2
69.7
72
78.5
78.8
80.4
82.1
83.9
70
48.4
41.5
40
35.3
31.2
29.4
25.8
27.1
27.7
27.4
27.8
32.4
36.3
40.9
50.4
57.8
54.9
56.1
59.5
58.8
55.5
56.5
58
74.1
84.3
86.8
77.1
71.2
68.3
58.8
52
46.5
46.8
38.7
38.3
43.4
46.9
48.5
53.4
51.9
46.6
48.3
52.9
69.3
79.4
84.1
84.2
70.7
46.2
41
38.3
35.8
34.8
35.5
30.9
28
28.5
35.4
35
42.3
54.4
52.1
48.6
53.4
49.5
55.4
64.9
70.3
75.5
80.8
79.4
67
52.9
44.6
40.5
35.2
33.4
35
33.5
35.5
36.9
35.8
57.8
76.3
82.8
94.2
98.2
99.8
100
100
100
100
100
100
100
99.8
65.2
49.4
44.7
42.2
36.8
34.4
31.6
28.4
25.2
25.1
30.8
37.2
43.3
52.4
55.6
56.8
50.4
59
69.9
83.4
85.7
86.7
84.7
70.2
54.9
48.8
46.2
44.5
43.9
40.3
38.3
36.8
34.3
35.9
40.2
45.4
57.1
65.5
69
66.6
67.8
75.2
82
88.8
94
96.3
97.3
73.8
54.3
44.3
41
48.2
48
45.6
44.1
41.4
35.4
39.1
45.7
77
52.8
59.6
64.5
74.8
85.3
80.7
89.5
87.9
91.7
90.6
82.9
64.4
60.4
68.2
64.8
47.6
44.7
44.8
53.4
75.5
90.7
94.6
94.2
97.7
99.3
96.2
97.9
99.4
99.6
100
100
100
100
100
100
100
96.9
82.7
81.7
73.3
58.5
58.4
54.9
56
50.2
50.1
56
68.6
86.8
87.5
96.4
99.6
100
100
100
100
100
100
100
99.6
61.9
61
60.9
51.3
48
45.1
42.5
40.2
41.2
41
40.8
55.1
66.7
77.9
85
85.5
87.3
88.5
91.5
93.8
98.4
100
100
81.9
51.8
41.9
44
40.7
35.5
33.4
34
29.9
24.1
26.7
31.3
44.2
52.2
60.7
64.2
64.9
64.8
66.1
79.8
84.9
89.8
94.2
97.5
74.6
44.2
35.7
37.4
36.8
35.7
34.2
30.9
24.4
23.7
25.3
29.7
40.1
52.8
60
63.5
58.3
62.7
69.5
79.4
83.6
87.4
88.6
88.4
75.7
64.8
59.1
56.5
54.9
49.1
44.8
47.5
45.5
44
44.1
48.5
55.5
59
61.5
63.3
68
61.9
60.3
56.5
54.7
66.1
77.6
80.2
84.7
77
68
61.8
58.5
56
53.9
54.6
63.9
65.5
69
68.5
75
90.3
93.4
96.4
97.7
99.3
99.9
99.3
99.8
100
100
100
97.8
87.9
76
70.6
68.1
67.4
63.6
65.7
72.2
69
65.8
68.6
75.5
90.8
98
100
100
100
100
100
100
100
100
100
99.9
71.7
56.3
49.5
44.2
40
37.8
36.9
37.1
38.9
41.6
45.7
54.3
61.5
69.4
81.3
86.2
79.3
78.3
85.6
85.3
90.5
97.8
99.5
77.9
55.6
48.1
42.2
41.1
40.9
39
38.8
37.1
35.7
39.4
44
71
79
85.2
87.5
85.5
77.7
59.1
59.4
80.4
95.5
98.5
100
100
94
82.1
69.7
60.8
47
43
40.1
41.3
43.5
45.9
49.9
53.7
56.6
56.7
64.2
72.4
83.9
86.8
89.9
91.1
90.5
91.3
95.2
79.3
70.6
54.3
41.9
37.8
37.5
37.1
38.2
40.2
38
40.8
45
56.7
71.2
79.4
82.2
87.8
91
89.5
90
95.6
97.5
97.1
94.5
79.3
55.3
44
38.8
37.2
36.3
33.6
33.1
33.5
32.6
33.4
35.2
48.2
59.8
64.6
69.6
52.1
48.1
67.1
79.6
84.6
86.1
87.5
84.5
65.6
47.8
44.8
42.1
41.3
38.9
38.7
35
34
36.3
38.7
39
44.9
52.9
64.1
64.6
67.8
64.1
55.3
59.3
60
66.3
62.2
60.7
60
55.1
50.9
51.8
47.6
44.5
41.6
39.7
39.8
40.4
41.5
45.9
53.9
49.6
47
54
55.7
46.5
46.6
48.5
52.4
55.8
59.1
66.6
56.8
59.4
57.4
56.3
52.7
48.8
58.2
63.8
64.5
65.2
66.2
70.7
84.2
92.4
90.5
88.7
90.3
89.3
94.6
90
85.2
86.5
88.1
89.1
92.9
79.7
79.2
76.8
66.4
60.9
50.7
48.9
42.2
44.7
44.2
51.4
53
72.9
79.2
84.6
66.7
81
72.7
68.2
78.1
68.8
61.9
54.2
55.8
64.2
83.3
87.7
91.8
86.4
82
71.8
69
70
60.1
58
65.8
84.2
95.4
99.9
100
100
100
100
100
99.6
100
84.8
76.3
75.2
78.9
71.7
73.6
60.7
47.7
47.5
67.7
97.1
100
100
100
100
100
100
100
100
100
100
100
100
100
100
100
79.1
63
75.9
64.4
53.4
50.4
50.4
50.8
51.6
67.5
62.1
65.1
84.2
89.4
86.2
87.5
93.3
98.9
100
99.4
98
94.7
91.5
84
75.6
67.8
60.7
54.7
49.8
51.7
54.4
58.1
53.6
49.4
50.5
56.9
86.5
94.2
93.8
95.6
97.2
99.6
100
100
100
100
100
88.3
64.6
55.5
59.4
59.8
63
49.2
47.8
51.4
53.2
50.1
53.9
58
68.3
66.3
62
63.1
71
64.2
62.6
60.7
62.3
61.1
80.3
93.4
83.1
69.2
60.9
53.1
53
53.3
52.1
59.5
67.8
78.3
91.8
96.1
95.1
99.6
100
100
100
100
94.7
92
94.6
94.3
93.8
99
95.4
99.1
96.8
95.7
92.8
87
78.8
76
75.8
76.3
79.5
88.5
73.4
73.6
73
75.2
73.7
70.7
70.1
69.1
75.2
75.5
75
74.2
88.3
84.8
79.5
85.4
89.5
86.8
82.8
68.3
70.2
71.6
75.5
82.5
94.3
97.3
94.6
91.4
88.2
96
93.8
78.3
75.3
89
80.4
82.6
73.8
70.8
68.6
70.7
62.2
68.1
79.9
83.6
89.6
61.9
64.3
83.8
89.8
99.1
95.9
99.5
100
100
100
100
100
100
100
99.5
92.7
79.3
67.3
80.4
84.8
57.6
49.2
49.8
48.1
54.5
57.3
64.7
73.2
86.4
91.7
95.6
89.6
67.3
77.1
84.3
92.7
98
81.6
64.5
57
54.9
46.5
43.1
61.6
66.9
82
59.5
47.9
48.6
47.8
62.3
69.1
80.9
80.4
85
86.2
56.9
61.4
69.7
63.8
81.1
82.3
76.8
74.7
69.2
66.5
65.2
64.2
65.8
63.7
63.5
61.9
65.6
68.3
77.6
89.2
78.2
64.2
79.4
91.6
92.1
97.7
100
100
100
100
92.3
74.7
65.4
58.3
48.6
43.2
39.8
35.7
33.5
36.5
37.9
36.8
37.6
37.1
53.7
44.6
36.5
47.4
49.8
50.4
64.3
67.1
71.3
71.7
58.2
32.5
32.6
30.5
26.9
24.7
25.8
24.8
23.8
23.8
23.7
23.7
33.3
35
29.3
33.6
40.7
48.1
54.4
53.1
59.8
67.2
71.6
68.4
41.3
33.7
27
24.9
29.5
29.6
24
22.2
15.2
14.5
13.8
20.9
22.1
28.4
41.7
45.6
46.2
50.3
51.7
49.3
48.9
37.8
43.8
43.4
26.2
24.4
23.6
23.3
23.3
30.3
41.5
35.5
35.6
36.9
36
38.5
43.1
50.3
56.5
59.1
66.4
65.4
58.7
39.6
54.5
61.4
65.2
66.7
48.9
32.4
30.3
28.3
27.5
27.3
26.4
28.3
28.7
30.8
32.5
35.2
38.7
50.3
62.3
65.7
56.9
63.8
77.5
84.8
87.8
84.5
89.2
79.2
49.4
40
34.7
29.8
28.4
28.9
25.5
23.8
23.8
23.7
23.7
23.7
30.3
39.4
38.8
37.8
37.7
48.9
61.1
66.5
70.9
71.8
73.7
60.7
42
38.1
34.5
30.7
26.3
23.8
24.2
24.3
23.9
24.4
24
24.5
34.4
45.1
48.6
48.9
40.2
38.2
39.1
42.2
53.6
65.7
70.6
69.5
46.2
39.2
33
31
31.7
29.2
26.3
25.3
33.4
32
24.3
28.8
39.2
47.2
52.7
56.8
59.6
57
60.6
67.3
68.1
76.5
82.2
70.3
45.5
39.2
36.2
34.5
32.8
32.4
30.3
27.7
27
25.9
25.3
25.6
29.4
36
37.9
34.8
34
38.1
40.5
47
42
45.5
64.2
61.9
47.3
41.2
40.4
37.4
36.1
35.3
34.5
33.2
30.8
31.8
31.7
29.8
33.1
40.7
46.8
51.9
50.1
51.7
42.7
45.7
58
66.4
70.4
65.4
49.5
47.7
38.1
28.3
25.1
25
25.3
25
24.7
24.4
24.5
30.1
37.9
44.5
50.4
50.3
57.3
61.8
66.2
72.8
75.9
74.7
73.7
65.6
42.5
42.8
44.3
41.9
40.5
53.3
88.3
78.3
53.9
47.8
54.4
58.6
67
80.5
89.3
95.5
95.6
95.5
99.7
100
100
100
100
93.6
61.6
54
55.9
51.4
47.4
46.4
46
43.4
45.2
47.7
47.5
48.3
52
62.1
71.8
76
85.4
90
87.4
79.6
88.8
92.8
96.6
95.6
79.5
72.5
58.8
54.6
51.8
59.5
71.3
71.5
50.5
46.8
56.4
57.8
58.1
63.6
74.1
78.6
74.7
63.5
79.8
91.2
95.2
97.2
95.6
91.6
80.4
76.3
68.4
61.9
60.8
58.3
58.9
54.4
50
49.2
47.6
48
54.8
58.6
61.9
71.9
74.6
76.5
75.1
75.3
82
92.7
90.5
80.8
65.5
52
29.1
23.1
15.6
13.7
12.8
12.8
12.6
13.1
12.3
12.5
14.5
30.5
45.5
46.6
48
51.8
64.6
73.8
80.5
80.1
78.5
68.9
43.5
33.8
30.3
28.2
24.6
23.7
23.7
23.9
24.2
23.8
23.8
25.2
28.7
34.7
36
43.8
48.8
49
45.4
41.1
45.8
46.1
41.1
41.3
45.4
43.5
31.6
27.1
26.3
25.1
24.8
24.6
24.6
24
26
29.5
31.3
30.9
46.3
45.2
50.5
47.3
45.4
58.8
70.7
77.8
71.8
63.9
53.6
53.2
49.3
42.3
45.4
48
44.8
45.7
47.2
47.6
51.2
46
45.1
48.9
47.6
49.3
51.6
55.7
65
75.8
74
64.9
57.8
53.4
41.8
37
39.5
35.6
33.7
31.4
29.4
25.7
24.4
24.2
24.6
26.2
37.9
41.6
42.6
45.3
47.7
48.5
51.4
51.4
46.7
47.5
59.4
61.6
49
45.2
39.5
38.3
35.9
36.2
33.3
31.8
31
31.6
33.9
38
43
51.1
51.5
52.9
55.1
55.4
54.7
53
69.3
79.4
83.1
76.6
65.1
56.8
47.4
44.6
41.4
39.4
37.6
36
33.9
32.7
31.9
32.5
37.8
51.3
54
52.5
51.6
54.2
51.5
51.2
51.7
53.4
61.3
58.5
57.9
54
50.4
50.8
47.9
45
43.8
41
43
44.5
49.9
52.1
57.7
63.9
67.3
71.7
75
82.1
77.8
79.8
82.6
90
92.7
83.1
69.6
60
56.6
52.9
53.5
51.1
46.1
45.4
41.5
39.9
38.3
41.6
49.9
48.3
49.3
54.9
55.7
53.5
58.2
73.4
82.2
88
93.1
86.5
62.9
59.8
54.9
51.7
47.4
40.1
35.7
39.1
38.2
35.8
41.4
41.3
46.6
51.3
54.6
57.3
55.3
50.5
47.2
44.2
65.3
77.6
83.3
77
66.7
61.1
55.5
46.9
42.4
33.4
30.7
25
24.4
28.1
29.9
34.4
37.3
42.9
48.2
49.3
46.1
50.9
63.9
73
85.1
87.3
84.8
75.8
56.6
47.4
44.4
41.2
38.2
36.6
31.2
26.9
28.5
30.2
30.8
34.5
38.4
48.4
56.4
55.4
53.5
53.1
46.5
48.2
56.6
63.2
63.2
65.8
53
47.2
43.4
40.1
38.7
39.8
38.9
36.1
38
43.3
46.5
45.9
50.4
57.4
63
63.6
61.9
63.1
70.4
77.6
75.7
72.5
83.4
79.5
67.9
55.4
51.1
42.9
38.2
36.4
34.9
34.6
36.7
39.3
40.6
44.7
46.7
49
52.1
59.5
57.6
54.2
56.8
59.7
61.6
64.1
65.1
62.5
61.9
54.5
50.4
44.8
44.1
40.9
40.3
37
35.6
37.4
34.6
39.2
45.4
47.2
50.2
53.7
49.2
53.1
52.8
58.6
57.7
69.8
83.5
79.7
75.7
71.4
74.3
76.2
74.3
70.6
66.5
57.3
53.7
52.6
62.4
63.4
63.3
62
60.7
62
61.2
79.8
92.6
89.7
91.1
98.3
96.2
88.4
96.3
92.8
87.3
87.3
80
67.7
80.5
83.7
78.8
74.8
67.1
66.7
67
70
71.5
72.1
86.9
82.2
92.3
91.5
92.4
97
99.2
100
97
90.5
92.6
98.4
92.8
93
69.9
56.9
47.9
49.6
46.3
54.4
58.5
65
70
85.1
81.5
78
91.8
94
99.5
100
100
96.5
70
59.8
59.2
56.2
53.8
52.2
47.6
44.1
42.2
43.3
42
44.4
48.9
51.8
58.6
64.9
65.3
66.8
70
74.2
79
92.7
98.8
92.3
71.1
63.8
70
68.9
65.5
62.6
63.8
53.2
62.8
66.8
95.6
98.8
98.3
99
100
100
98.8
100
100
99.8
99.8
98.4
100
100
99.6
100
97.8
96
93.7
96.1
95.8
94.5
93.2
92.8
91
90.2
94.4
96.2
96.4
98.6
100
100
99.5
98.2
99.6
100
99.7
94.3
84.7
75.7
50.5
44
48.6
42.7
39.4
38.1
37.5
36.6
38.3
47.1
48.7
53.1
54.7
59.8
61.4
58.3
65.5
76.6
87.1
87.9
90.9
76.5
62.8
48
43.9
37.6
32.8
30.1
28.7
29.9
28.7
29.1
32.4
37.1
48.9
58.2
63
44.6
46
38
41.3
50.2
42.9
36.8
34.5
41.1
29.4
27.6
28.5
30.6
30.1
29.8
30.2
31.9
32.3
33.3
33.8
36.7
41.8
54.9
68.3
72
73.8
79.1
81.7
82.6
85.6
87.7
84
82.2
70.2
51.5
50.6
47.9
42.6
38.8
35.9
37.1
37.5
38.2
39
41.3
46.9
60.8
59.8
53.1
54.7
47.5
45.2
44.1
45
44.5
44.1
44.9
44.9
45.4
44.7
41.3
41.5
40.6
40.9
40.3
40
40.7
40.1
42.1
44.7
55
63.8
79.1
81
68.5
82.8
87.2
92.3
95
97.2
84
59.9
49.9
45
42.7
43.7
41.9
41
39.2
40.4
37.6
40.1
40.4
46.1
53.1
54.3
53.7
52.1
53.3
51.5
52.1
47.1
45
46.7
49.2
51.4
41.4
41.3
43.8
42.2
42
38.9
39.8
39.5
38.8
39.5
40.9
46
51.9
53.4
57.3
60.4
52.3
51.5
51.7
54.9
60.5
79.7
78.2
68
56.6
42.4
40.9
39.7
41.3
41.4
38.6
38.3
38.9
39.6
40.9
44.2
46.6
47.9
46
47.9
77.9
96.8
96.7
98
99.7
100
93.6
69.1
57.1
52.2
47.6
43.9
43
40.1
38.1
37.3
36
36.8
40.3
50.6
59
62.8
73.7
73.1
95.1
93
91.5
92.1
93.5
93
88.5
69.6
56.4
51.2
44.1
41.9
41.9
38.2
39.1
45.8
44.7
54.9
57.6
62.6
64.8
68.2
70.6
71.2
72.3
70.3
71.5
88
88.8
90.3
79.3
56.9
50.3
45.2
42.4
41.6
41.2
40.8
37.8
35.2
34.1
40.4
47.2
52.6
57.1
62.6
68.8
74.6
79.6
83.4
82.2
81.8
88.2
86.5
79.2
62.5
54
50.7
43.8
41.4
40.3
41
40.9
39.8
38.9
42.4
46.9
57.5
63.3
65.2
67.6
67.3
54.7
55.4
68.5
72.5
76.3
76.9
71.2
64.9
55.2
49.4
47.6
45.3
43.3
40.5
38.9
39.2
39
40.7
46.7
51
55.1
57.5
55.3
52.3
44.7
52.7
60.3
65.4
79.1
82.7
73.5
53.6
43.5
40.8
38.6
37.2
36.9
36.3
35.4
35.2
31.8
30.9
31.8
40.7
58.8
72.2
77.3
60.4
56.3
54.7
66.6
81.5
92.2
96.6
87.3
72.4
58.9
48.1
45.7
44.8
45.1
44.9
41.7
41.4
45.3
49.6
53.2
55.6
55.6
55.9
54.9
49.2
53.5
57.6
56.8
61.3
69.3
73.8
93.6
100
94
69.7
50.4
48.5
50.3
48.3
48.5
47.6
49.4
51.6
47.7
54.5
62.8
64.2
58
54
50.6
48.5
67.3
81.6
84.2
86
79
66.2
54.4
37.8
37.4
37
37.4
37
34.6
34
35.2
36.8
40
45.4
53.3
53.7
53.3
54.4
51.3
48.1
46.8
46.2
44.5
45.9
50.1
52.4
51.4
46.4
44.8
42.2
39.3
36.8
36.6
35.5
35.8
37.9
41.1
45.6
60.1
69.7
75.8
76.7
68.5
61.6
73.1
80.6
85
86.8
78.9
57.4
48.8
45.2
42.8
42.3
42.3
42.4
41.8
42.4
42.8
43.5
46
51.8
63.6
72.6
76.3
81.6
83.7
72
67
80.8
85.8
88.1
81
62.9
51.3
47.8
49.6
48
45.8
47
46.2
46.7
47.3
49
52.6
54.9
59.9
68.3
75.3
77
71
63
69.5
72.1
81.9
84.6
80.1
66.5
56.8
55.5
51
47.7
51.6
53.9
51.8
46.7
41.8
37.2
37.4
41.8
44.4
45.2
52.9
51.8
57.6
69.1
65.1
58.1
61.6
65.4
69
65.9
59.9
48.8
42.6
42.2
39.5
37.7
37.2
37.2
39.1
40.8
44.4
48.9
61
69.4
74.2
79
80.5
83.9
84.9
86.2
87.9
88.8
82.8
66.6
59.2
58.4
53.2
49.5
49.2
46.7
49.6
47
43.2
45.4
50.2
57.8
63.4
64.3
67.4
68.5
71
80
89.3
91.3
92.5
87.9
79.9
70.1
67.8
63.3
60
54.8
51.5
51.2
50.6
48.8
48.2
47.5
52.1
61.1
70
76.3
79.8
84.7
87.7
92
93.6
94.9
95.6
98
89.7
67.8
55.7
50.4
52.1
45.4
43.9
40.2
33.5
27.7
26.1
33.3
36.5
45.5
57
61.1
64.4
66.2
80.6
85.8
87.4
90.7
91.7
90.1
82.7
60.5
48.5
45.3
42
41.1
38.5
36.5
35.1
36.4
36.6
37.9
40.3
46.8
60.4
67.5
72.6
77.5
79
80.4
83.5
85.3
86.3
86.7
77.1
59.4
50
46.1
40.8
42.7
43.2
42.1
40.2
36.5
40.1
43.6
49
48.4
52.2
60.1
60.3
57.4
61.2
44.6
34.3
48.8
51.5
62.1
62.8
45.3
38
34.6
29.7
29.8
36.9
36.9
38.5
37.5
36.2
38.8
37
39.6
43.5
53.5
47.4
49.3
60.7
67.3
73.6
74.2
75.3
78.4
71.5
47.1
37.4
33.4
36.8
37.1
36.9
35.7
35
34
34.4
35.9
40.1
43.9
55.5
63.6
67
68.8
75.3
77.9
81.8
83
80.9
72.3
76.7
56
48.4
46
43.4
43.5
41.6
40.6
42.6
41.5
39.1
41.1
42.1
48.1
60.2
68.7
72.5
73.2
61.8
63.8
76.6
83.4
80.8
82.9
79.5
58.9
49.4
46.3
45.4
44.8
42.9
40.4
38
40.1
38.1
37.6
36.4
42.8
52.7
62
66.6
69.7
59
71
92.5
92.3
93.8
95.7
90.4
67.5
57.6
54.8
53.1
49.2
48.8
45.9
41.8
32.1
29.1
31.9
35.8
49.3
56.2
59.5
63.7
67.7
68.3
64.7
70
77.5
81.5
83.3
79.5
57.8
50.8
47.2
47
45.7
42
44.5
62.7
68.2
52.1
48.2
61.3
78.9
87.7
93.9
97.6
100
100
100
100
100
100
100
100
83
58.2
54.6
46.8
38.8
33.5
27.6
24.4
29.2
26.2
24.3
24.2
24.1
23.8
33.8
54.3
63
65.5
47
51.9
64.4
72.2
78.5
73.9
45.9
33.6
26.8
33.1
28.1
25.4
24.2
24.2
24.2
24.2
24.2
24.2
25
35.9
47.5
28.4
34.4
49.7
50.8
53.4
52.1
48.9
43.6
51.9
57.9
49.9
38.9
32.1
30.8
31.8
30.4
28.6
27.8
31.4
29.4
31.9
36
47.8
55
60.1
63.4
61.4
60.6
53.4
63.8
65.5
67.2
81.8
62.8
50.1
45.4
41.1
38.6
44.6
55.6
64.7
45.7
43.8
41.3
41.5
47.3
55.9
69.4
73.9
76.6
79.3
78.9
87
90.5
92.7
94.5
88.5
59.5
45.7
39.1
39
39.8
38.6
35.7
32.8
33.6
33
33.5
36.6
42.2
48.9
52.7
56.1
58.2
60.9
60.4
62.1
66.7
73.1
80.2
78.7
64.6
63.9
62.5
62.4
70.1
91.9
86.4
74.8
68
73.2
73.9
51.5
63.2
81.2
88
87.2
76.8
82.8
84.1
92.8
98.7
100
100
100
69.3
57.7
54.8
50.1
44.8
43.5
44.7
45.3
52.4
43.7
43.6
55.9
59.1
62.9
69.2
74.8
80.4
82
84.4
91.1
96.1
98.5
99.7
97.7
65.2
51.8
43.8
41.4
40
36.1
36.1
34.9
35.3
33.3
33.8
34.7
44.7
62.8
74.2
81
86.1
87
89.1
91.6
93.9
92.6
94.9
91.1
61
47.5
40.3
39.4
38.9
38.6
37.9
35.8
35.6
34
32.5
34.3
46.8
62.3
71
76
78.7
81.7
81.4
83.8
88.8
90.3
91.1
87.8
61.1
57.7
55.7
50.1
40.8
37.9
37.5
34
33
32.8
35
42
50.3
55.9
54.3
64.4
64.5
71.8
68.1
85.4
91.4
93.5
93.3
88.1
84.2
70
59.9
53.4
47.8
48.7
46.7
46.6
39.8
38
40.7
45.6
49.3
56.4
59.3
52.5
58.3
60
65.8
58.9
59.3
64.9
66.8
70.5
57.8
55.5
47.3
42.6
39.7
35.6
40.4
37.4
36.1
33.1
33.7
36
42.6
55.3
58.8
49.2
50.3
49.3
46.8
48.9
52
56.7
60.2
60.7
74.5
88
97.3
98.1
90.7
92.1
93.1
96
99.7
100
100
100
100
100
100
100
100
100
100
100
96.5
100
100
99.1
69.4
55.5
53
52.8
47.5
48
42.5
41.7
43.6
35.1
31.1
36.6
58.2
69.2
77.8
57.7
56.4
57.4
59.6
81.2
90.5
91.8
94.8
97
65
47.9
42.7
43.5
40.7
40.5
38.3
38.5
37.3
36
36.1
37.3
45.9
64.6
77.3
80.5
86.9
91.9
94.1
92.5
96.5
96.8
97.5
97.2
66.9
50
44.8
44.7
45.7
46.3
43
41.5
40.1
40.5
40.3
42
55.7
72.3
80.7
82.9
86.5
72.4
74.3
88
95.9
98.4
99
99.1
73
59.5
54.8
51
52.1
50.9
47.7
46.8
45.7
44.7
42.4
44.6
55.9
73.6
84
88.6
90.5
91.8
91.8
91.7
88.7
91.1
93.7
92.2
79.8
71.2
62.6
55
51.5
47.7
44.6
45.2
45.3
43.2
43.6
46.7
59.9
59
59.8
71.3
81.5
73.8
66.1
71.8
81.3
91.1
94.7
93.9
76.2
67.5
60.2
52.9
50.6
50.9
48.4
48
48.7
44.1
44.4
46.2
61.6
65.4
69.4
74.2
71.7
56.7
56.9
57.4
57.5
66.6
82
94.5
100
85.7
82.6
78.5
48.1
47.6
47.4
48.1
49.5
51.2
51
65.9
77.5
69.9
80.5
79.5
93
99.9
100
100
100
100
100
100
100
100
100
99.9
97.3
90.8
82.8
94.6
99.8
96.8
74.4
72.8
89.6
99.7
95.6
95.5
100
100
100
100
100
100
100
100
94.5
64.6
66.4
70.8
74.8
87.9
91.4
86.9
78.5
86.8
93.6
93.7
91.8
86.7
91.2
83.1
82.2
86.4
85.2
86
87.5
85.6
96.2
100
80
64.2
59.6
51
49.8
47.7
47.7
45.5
44.4
42.1
39.9
45.3
53.8
55.3
47.4
47.7
47.9
78.4
94.2
99.4
100
100
100
100
84.4
60.5
57.7
47.5
48.2
49.2
48.9
46.3
44
39.8
45.2
47.5
62.9
70
82.4
84.2
82.2
94
99.7
100
100
100
100
100
81.3
58.4
53.7
48
45.2
46
43.9
41.9
41.2
41.4
44.2
49.7
55.9
70.4
81.2
89.2
93.9
95.4
97.5
95.1
84.2
81.8
89
91.1
84
76.7
60.4
57
52.1
47.2
47.4
47.1
45.5
45.4
46.1
50.6
59
61.5
61.8
66.7
70.5
78.2
77.9
78.9
92.8
98.9
99.8
100
80.2
62.4
53.6
51.7
53.4
51.5
50.4
46.8
46.7
49.1
51.5
56.1
67.1
78.3
88.1
89.3
81.9
87.3
95.9
100
100
100
100
99.8
93.6
88.3
74
65.3
61.3
67
67.9
56.6
60.4
85.9
83.8
83.8
93.5
98.4
100
100
100
100
100
100
100
100
100
100
99.3
73.4
61.7
57.1
52.3
47.3
44.4
41.9
42.7
43.7
46
52.1
75.5
88.3
93.6
95.5
98.1
99.8
100
100
100
100
100
100
89.1
63.1
58.9
55.3
55.4
53.8
50.5
50.2
48.1
44.4
45
52.2
73
87.9
90.5
97
100
100
100
100
100
100
100
100
89
66.1
58.2
50
47.3
47.1
44.7
43.7
40.5
40.1
40.5
45.7
65.8
72.7
78.4
80.1
76.6
75.5
75.2
79.7
76.1
74.6
74.8
70.9
65.2
59.8
56.8
54.6
55.7
54.6
53.7
53.1
51.5
53.4
56.4
62.1
67.3
69.8
75.3
75.8
71.8
74
78.5
85.3
97.8
100
100
100
88.1
78.5
70
61.3
58.5
55.5
51.3
49.8
47.8
45.8
47.2
50.9
64.3
68.5
74.1
86.3
92
94.7
97.3
98
100
100
100
99.7
87.3
64.8
63.1
60.1
55.3
53.5
48.3
44.9
43.4
43.1
42.5
50.3
70.6
81.5
86.5
87.7
88.1
85.1
77.2
88.6
96.7
90.9
87.6
91.2
80.5
70.5
66.4
61.7
54.3
59.9
58.5
55.2
52.2
54.4
55.6
57.5
63.7
67.9
69.9
70.8
71.7
70.6
72.8
73.1
76.3
83.8
89.2
95.3
89.4
66.1
57.9
55.7
53.9
48.2
40.3
36.4
26.1
35
32.9
30.9
45
64.6
68.4
63
57.5
61.9
63.9
58.9
56.8
56.2
56.5
58.2
63.5
50.9
42.1
39.3
41.2
40
35.6
29.9
25.6
28.9
26.2
34.9
40.5
41.6
41
42.7
42.9
42.9
43.9
39.7
43.2
56.8
69.9
74.4
63.5
42.3
34.5
34.8
36.6
35
38.1
35.3
37.9
32.5
39.1
43.3
52.7
52.4
52.8
54.4
52.5
66.2
78.9
70.3
78.8
88.2
87.5
91.2
76.9
48.8
44.1
42
36.3
31.4
30.4
26.2
24.1
23.6
22.2
26.9
24.1
24.6
39.6
47
53.5
56.7
59.9
60.2
62.6
64.9
64.8
65.9
55.5
33.1
24.1
24
23.7
23.6
23.4
22.8
23.1
23.1
23.4
26.7
44.4
52.2
54.6
47.4
43.9
45.6
46.1
46.1
41.4
38.6
43
56.2
54.6
40.8
35.6
31.2
32.9
32
31.6
28.6
27.2
30.9
35.5
43.3
48
57.5
62
51.9
58.4
62.6
64.3
78.9
91.1
91.3
94
94.3
79.6
57.4
51.6
47.7
49.7
47.1
42.1
40.6
39.5
37.7
42.2
49.6
51.9
51.2
60.1
65.9
65.6
62.9
61.2
57.6
60.2
67.6
67.8
75.3
75.9
59.7
58.6
53.7
50.5
47.7
44.8
42.8
40.7
41.1
42.7
48.4
61.4
74.6
82.8
80.7
69.9
60.8
68
71.3
71.1
65
62.8
59.5
61.8
66.9
63.6
60.3
49.3
42.2
39
38.8
40.6
42
45.5
52.7
56.7
58
57.8
59.1
58.2
56.4
54.2
53.1
51
54.5
64.5
67
65
62.7
57
53.3
49.3
45
43.2
44
46.2
47.5
51.4
54.5
54.6
53.4
54.4
55.1
57.8
63.9
77.2
77.7
77.2
79
80.8
81.3
80.2
79.3
82.5
76.4
74
74.5
77.1
75.4
74
75.9
77.9
81.5
84.5
94.8
99.3
100
100
100
100
99.5
99.9
87.7
89.2
64.2
66.8
85.2
94.8
97.3
97.7
75.1
72.8
57.7
58.3
60.1
62.2
66.5
71.2
79.6
80
90.6
96.6
96.8
100
100
100
100
100
100
100
73.7
59.6
49.5
48.6
47.6
45.7
41
44
47.6
70.3
85.8
76.7
80
89.7
94.6
95.4
74.9
66.8
81.8
83.4
85.4
91.4
94.5
88.4
61.8
53.1
49
43.7
41.8
38.6
36.7
34.8
32.2
33.8
45.1
66.2
70.2
77.2
86.8
91.6
93.9
94
96
97
98.5
99.7
100
90.9
56.5
48.1
44.7
42.9
36.5
35
32.1
29.9
28.8
34.3
46.7
63.5
73
75.3
82.1
86.3
87
89.7
93.5
97.3
98.8
98.7
98.9
88.3
59.2
48.6
48.9
45.5
40.3
38.4
40.7
38.1
39.4
39.6
55
69.7
66.1
77.9
86.1
84.8
74
56.3
59.3
70.8
77.3
81.2
79.8
85.7
71.8
61.7
60.5
55.2
44.4
58.9
60.2
49.2
40.5
46.7
53.1
58.3
81.6
89.3
87.3
87
87.6
90
87.6
86.6
90.3
91
94.5
86.3
56.9
49.7
47
41.3
40.4
38.3
39.8
39.7
40.2
45.3
51.4
65
71
76.8
83.6
90.9
92.7
95.4
97.7
99
100
100
100
97.2
77.6
58.2
51.4
48.2
44
40.4
38
35.8
33.9
38.1
50.5
57.7
68.8
79
57.8
57.9
56.1
61.3
74.8
83.8
87.6
91.8
95.8
86
70.3
64.2
56.1
51.7
46.8
48.8
44.1
45.1
46
52.8
61.1
62.6
60.5
60.7
59
60.7
60.1
68.5
98.5
94
96
99.5
99.9
100
100
95.7
86.8
80.3
74.7
71.8
65.7
65.5
68.8
72.7
77.2
74.1
72.9
73.3
75.5
70.5
70.6
74.4
75.1
85.4
89.7
93.6
94
83.9
77.1
75.4
82.9
93.3
93.4
91.6
82.3
78.2
78.6
83.3
95.8
99.8
100
99.7
99.8
100
100
100
100
100
100
100
100
99.4
81.8
70.4
63.6
58.6
63.5
57.8
61.5
59.2
57.9
65.3
68.8
79
85.6
88.4
64.5
60.1
58.2
56.9
56.4
59.5
74.6
85.5
95.4
95.3
72.1
60.5
56.1
51.1
47
43.9
42.3
44.9
47.2
47.8
58.6
60.9
62.2
71.7
83.8
81.3
69.7
72.7
89.1
94.6
99.4
100
100
100
73.3
57.5
51.9
48.3
45.7
44
42
42.9
42
52.8
71.8
85.1
89.8
96.3
99.8
100
100
100
100
100
100
100
100
100
80.9
51.3
47.2
42.3
39.7
35.4
32.1
32.1
32.7
36.7
60.2
75.2
84.3
88.7
91.7
95.2
97
99.3
99.4
98.9
100
100
100
99.8
69
57.4
50.7
45.8
42.7
41
38.6
36.6
37.2
41.1
51.9
55.2
67
59.4
51.8
61.5
78.2
86.6
95.8
99.4
99.8
100
100
94.7
70.5
56.7
49.4
NA
42.3
39.3
41
43.5
46.4
46.8
50.3
79.9
87.3
88.9
88.8
83.4
76.4
85.2
95.3
94.6
92.6
100
100
100
96.1
87.3
81.2
71.4
67.2
66.8
64
59.8
47.5
50
65.5
77.2
92.8
96.3
97.6
100
100
100
100
100
100
100
100
100
98.1
62
49.5
43.5
36.1
38.7
39.8
36.7
35.9
38
47.9
65.5
69.3
57.8
52.6
66.3
64.4
57.7
52
49.9
87.3
90.1
99.7
100
100
100
98.5
92.9
95
96.8
76.3
66.9
71.8
65.9
81.3
96.4
100
93.1
88.1
88.2
91.3
97.2
97.6
97.8
100
100
100
100
99.3
68.8
56.4
52.7
47.1
43.1
42.5
42.7
54.7
59.3
78.9
91.6
93.3
97.6
99.7
100
100
100
100
100
100
100
100
100
100
83
59.3
54.7
47.2
44.3
41.5
37.5
36.6
38
49.7
75.8
92.6
97.5
100
100
100
100
100
100
100
100
100
100
100
82.6
67.5
53.6
44.3
42.6
41.2
44.4
49.8
58.3
66.8
75.1
81.7
87
90.4
93.8
95.2
94.6
94.8
95.4
97
100
100
100
100
98.2
96.7
90.5
92.5
78.3
62.5
59.6
61.5
68
73.8
74.7
82.4
78.3
91.6
99.7
100
100
100
100
100
100
100
100
99
82.5
72
66.7
62.7
62.5
61
58.4
56.3
58.5
69.3
81.6
96.2
100
100
100
100
100
100
100
100
100
100
91.9
81.1
87.2
80.8
79.1
70.6
64.4
58.1
57.8
57.3
58.1
66.4
74.4
69.2
68.2
69
73.8
78.5
84.9
83.2
80.2
76.7
87.2
71.4
70.5
69.3
67.3
67.2
66.3
67.4
84.5
88
89.5
90.1
92.1
81.9
75.5
74.3
72.2
69.3
78.5
89.1
93.8
85.4
84.9
84.7
86.3
88
86.7
78.6
72.2
81.8
69.3
64
63.6
59.4
79.5
94.9
94.7
92.9
84.9
94.1
100
100
100
100
93.2
98.3
100
100
100
100
100
100
79.4
66.8
63.6
61
57.9
56.4
52.5
49.6
55.1
73.4
91.2
99.7
100
100
100
100
100
100
100
100
100
98.1
83.7
75.9
74.8
74.2
70.6
62.9
62.9
63.3
64.6
66.5
69.2
75.1
82.3
85.2
74.7
86.5
92.2
88.3
77.4
81.6
77.9
73.2
75.3
76.8
72.8
72.5
70.8
64.9
54.9
52.4
55.1
56.5
54.3
51.6
50.6
50.3
50
50.2
50.4
49.5
49.1
49.1
45.1
47.8
51.8
60
69.4
76
78.2
70.2
50.8
47
47.6
45.8
47.3
47
46.4
48
55.2
68.8
82.6
87.2
92.4
97.2
99.8
100
100
100
100
100
100
100
100
94.2
66.5
57.4
52.2
44.9
41.6
38
37.2
38.5
42.8
42.3
48.3
44.5
43.4
55.6
63.5
78.8
93.3
97.8
97.9
99.2
100
98.8
97.7
85.3
57.2
55.6
47.6
32.1
25.1
23.9
23.4
27.3
33.1
39
55
66
76
79.4
87.7
90
90.5
91.7
98.4
100
100
100
100
88.4
55
48.3
44
40
40
39.5
36.5
36
38.6
58.7
69.4
79.7
88.7
93.3
95.1
100
100
100
100
100
100
100
100
99.8
83.4
70.9
63.5
53.5
55.9
60.5
60.7
62.8
66.1
69.4
79.3
86
90.8
93
91
91.8
91.8
95.2
99.8
100
100
100
100
100
73.4
58.9
49.6
47.4
46.5
44.9
44
45.5
49.6
64
76.8
90.5
98.6
100
100
100
100
100
100
100
100
100
100
100
99.7
68.2
55.9
52.5
49.5
45.2
41.6
44.3
51.6
69.6
86.5
94.6
99.9
95.3
66.1
65
65.4
61.4
68.1
67.4
64.9
61.9
62.1
60.5
60.2
55.7
52.3
58.6
58.5
53.5
52.9
52.4
55.5
63.4
61.7
60.7
70.5
93.4
100
100
100
100
100
100
100
100
100
100
100
100
100
99.7
95.5
92.3
99.8
100
100
100
100
100
100
100
100
100
100
100
100
100
100
100
100
100
100
91.9
67.4
57.5
51.1
45.9
48.5
50.8
59.2
77.1
81
78.8
86.8
99.1
100
100
100
100
100
100
100
100
100
100
90.9
59
53.6
48.5
42.8
41.7
42.5
48.3
55.2
67.4
88.2
93
99.7
100
100
100
100
100
100
100
100
100
100
100
84.2
62.7
53.8
52.8
50.9
47.8
45.3
43.4
51.3
81.9
76.3
77.7
60.5
69.3
61
67.8
72.3
81.5
84.6
89.5
89.4
95.3
96.7
87.3
45.2
41.7
34.9
24.1
23.2
20.5
20.3
21.6
27.1
44.3
55
71.8
88.8
98.9
100
100
100
100
100
100
100
100
100
100
88.2
60.4
54.1
47.4
43.5
43.7
45.3
50
55.1
66.2
71.6
68.3
69.8
85.1
95.9
95.5
96.7
96.5
96.7
96.5
96.7
98.2
98.4
96.7
90.3
81.3
74.1
74.4
76.2
74.7
73
77
79.8
85.9
91.2
91.2
98.9
99.3
95.9
99.5
100
100
100
100
100
100
100
99.6
93.8
83.2
80.3
80
77.7
89.3
96.2
93.8
92.9
95.8
94.5
95.3
93.2
95
96.4
95.4
95.7
94.3
94.9
94.6
93.8
90
87.9
76.2
62.6
54.3
57.8
60.6
63.4
69.4
98.5
99.6
92.2
68.5
72.7
87.7
92.5
93.1
94.2
90
91.7
89.8
90.3
98.6
100
100
100
100
93.6
90.7
87.3
81.9
78.9
77.5
76.3
81.9
87
95.1
99.2
100
100
100
100
100
100
100
100
100
100
100
100
100
77.8
61.8
57
50.2
46.8
44.5
44
44.9
52.1
64.8
68.9
74.3
80.2
96.1
99.5
100
100
100
100
100
100
100
100
100
90.6
65.6
56.6
55.9
52.1
49.6
48.3
43.1
50
77.6
90
98.3
100
100
100
100
100
100
100
100
100
100
100
100
100
66.6
56.9
51.2
50
45.9
45.2
45.8
55.3
84.6
98.5
100
100
100
100
100
100
100
100
100
100
100
100
100
100
96.6
71.7
63.4
54.3
52.6
51
57.5
63.1
63.2
66.7
66
57
50.3
50.3
48.5
49.6
56.3
71.3
84.2
82
86.6
90.5
87.7
76.2
69
68.5
76.6
77.7
73
80.1
86.4
91.5
93.5
93
93
94.7
95.9
96.3
92.7
90
87.5
84.4
89.3
92.3
94
95.3
96.3
96.8
94.2
88.8
85.3
84.6
85.2
81.8
85
83.7
67.9
65.5
84.8
88.1
87
58.6
77.3
99
95.3
99.7
97.7
89.2
99.5
92.5
99
100
100
100
98.2
98.7
93.3
98.5
99.9
100
100
100
100
100
100
100
100
100
100
100
100
100
100
100
100
100
99.7
73.9
62.2
59
57.8
50.7
56.7
68.9
96.5
100
100
100
100
98.8
99.8
100
100
100
100
100
100
100
100
100
89.5
69
73.3
74.4
75.6
71.8
73.5
83.5
92.5
100
100
100
100
100
100
100
100
100
100
100
100
100
100
100
99.9
98.3
94.8
87.7
75.5
69.7
71.7
82.7
98.7
100
95.7
95.4
95.9
96
97.4
99.7
99.9
97.4
100
100
100
100
100
100
98.8
90
85.1
74
76.2
83.8
88
91.1
95.1
98.1
100
100
100
100
99.4
99.8
100
99.5
100
99.8
99.8
97.6
85.2
81.4
78.3
75.7
73.5
74
77
74.6
75.9
82.3
81.7
82.3
93.3
92.5
90.2
86.7
84
78.3
80
79.6
77.3
75
69.8
74.5
72.4
69.5
84.9
85.4
73.3
66.3
53.1
35.7
40
46.2
48.1
48
46
47.8
48.1
47.4
46.3
65.6
81.8
82.7
73.5
64.5
63.9
65.5
72.9
73.8
88.2
94.8
92
88
74.5
73.3
81.6
84.5
89.8
96.8
100
100
100
100
89.7
99
99.7
100
100
100
100
100
100
96.5
87.6
72
77.5
79
79.1
82.2
69.2
92
97.8
100
100
100
94.6
99
100
100
100
100
100
100
100
100
100
100
100
93
74
76.8
73.4
66.8
67.7
83.5
99.4
100
100
100
100
100
100
100
100
100
100
100
100
100
100
90.8
58.4
49.5
49.8
48.6
50.1
47.5
48
66.3
92.9
98.5
95.1
94.2
92.3
96.5
99
100
100
100
98.1
96.9
97.5
98
98.3
92.3
79
77.8
73.6
74.3
74.2
75.8
76.3
79.7
86.1
91.6
94.8
96.7
99
99
100
100
100
100
100
100
100
100
100
99.5
94.6
88.2
84.5
85.5
78.8
81.1
81.7
85.9
91.8
95.2
98.7
96.5
97
99.9
100
100
100
100
100
100
83.2
82.8
81.5
85.5
91.5
92.2
95.3
87.3
79.7
84.7
84.7
86.3
84.7
80.1
82.6
94
95.4
92.4
86.8
85.1
83.9
84.5
90.3
99.2
98.7
96.7
91.2
87.9
82.5
89.5
93
81.6
86.4
81.8
68.5
63.2
64.2
58.6
64.6
75.8
91.9
95.7
85.5
87.6
96.8
100
100
100
100
100
100
100
88.8
74.3
69
63.5
60.3
58.7
60.4
73.4
85.6
86.1
86.6
94.4
85.2
85.1
88.9
94.4
97.3
99.5
100
100
100
100
100
99.5
86.8
80.4
83.9
84.3
96.2
91.7
99.7
100
100
94.9
91.4
92.5
89.3
95.4
88
96.4
100
100
100
100
100
100
100
100
97.9
93.4
85.9
79.4
81.2
71.9
73.3
79.8
98.3
100
100
100
100
100
100
100
100
100
100
100
100
100
100
100
96.9
83.2
81.9
72.7
74.5
64.5
64
65.2
65.3
68.5
68.3
68.9
76.3
75.7
74.8
71.3
71.5
67
67.5
63.7
65.3
70.2
68.9
74.1
78.4
81.5
80.7
72.2
76.7
80.4
75.6
78.5
76.6
85.1
99
100
100
100
100
100
100
100
100
100
100
100
100
100
99.5
97
93.7
89.8
82.9
85.3
87.5
93.2
100
100
100
100
100
100
100
100
100
100
100
100
100
100
100
100
100
92
79.9
81.1
81.1
87.6
83.7
96.5
100
100
100
100
100
100
100
100
100
100
100
100
100
100
100
100
100
100
96.2
80.5
68
66.6
62.7
81.4
100
100
100
100
98.8
98.7
100
100
100
100
100
100
100
100
100
99.6
78.5
58.5
54.1
57.4
55.1
55.4
60.2
83.2
97.6
97.7
76.7
64.3
89
93.9
78.3
68.8
59.5
56.8
80
91.8
92.9
97.4
100
98.2
98.5
99.9
99.5
100
99
98.6
95.2
70.2
72.2
89.6
100
98.2
99.8
100
100
100
100
100
100
100
100
100
100
100
79.8
51.4
40.3
33.5
37.4
39.3
42
55.1
66.4
54.8
54.8
49
52.5
47.7
60.6
83
98.7
100
100
100
100
100
100
98.7
93.8
94.8
98.9
98
96.6
97.4
99.7
100
100
97.9
97.9
99
96.3
96.2
99.3
100
100
98.3
91.3
98
100
96.1
99.3
99.8
99.5
81.9
72.3
69.3
64.2
60.6
67.2
80
82.1
94.4
100
100
100
100
99.9
99.7
98.2
96.4
91.7
75.3
63.3
65.7
66.6
56.1
51.4
49.7
47.5
47.6
46
49
47.1
45.2
41.2
42.8
50.5
81.5
83.1
91
93.9
95.4
98.7
99.3
99.4
98.5
97.7
99.9
100
100
100
100
99.9
97.5
93.3
93.8
98.7
100
100
100
100
100
99.1
94.5
100
100
100
100
100
100
100
100
100
100
100
100
100
100
100
100
100
100
100
99.8
99.7
100
100
100
100
100
100
100
100
100
100
100
100
100
100
100
100
100
94.9
85.8
82.3
96.1
100
100
100
100
97.8
98
99.5
100
100
100
100
100
100
100
100
100
96.1
92
86.7
71
73.9
73.3
74.6
89.7
94
96.4
89.5
95.9
95.3
99.6
100
100
100
100
100
100
100
100
100
100
100
100
85.3
69.3
72.3
71.3
74
81.4
85
84.4
97
100
100
100
100
100
100
100
100
100
100
100
100
100
100
100
100
100
100
100
100
100
100
100
100
100
100
100
100
100
100
100
100
100
100
100
100
100
100
100
100
100
100
100
100
100
100
100
100
100
100
100
100
100
100
100
100
100
100
100
100
100
100
100
100
100
100
100
100
100
100
100
100
100
100
100
100
100
100
100
100
100
100
100
99
100
100
100
99.9
66
17.3
13.5
13.3
13.2
13.4
37.1
49.9
60.9
65.4
65.2
67.6
31.8
27.9
25.6
50.5
64
57.3
36.2
39.9
39.3
29.9
38
28.5
31.1
31.6
29.1
32.5
25.6
31.9
22.4
24.4
40.4
34.6
35.3
37.6
43
57.5
64.6
65.7
80.3
85.1
87.8
91.2
76.8
55.5
44.5
40.8
31.6
28.5
30.2
34.6
53
77.7
88.3
79.3
73.7
49.7
40
38.5
41.3
78
89.5
92.4
95.6
90.2
80.7
75.1
65.1
58.7
55.3
53.5
53.7
55.8
58.6
60.4
73.7
87.7
90
87.3
89.6
93.1
96.5
99.6
98.1
98.9
95.3
97.3
99.9
99.7
97.7
94
86.7
62.6
40.2
30.6
27.5
27.4
24.8
22.4
23.2
25
28.2
41.5
55
61.2
65.4
79.4
92
93.7
81
82
86.3
83.9
82.4
82.1
73.2
57.2
48.4
30.7
23.4
37.5
44.9
49.4
62.6
72
79.3
86.5
85
89
97.2
98.6
99.5
100
99.8
99
97.8
98.3
98.8
100
100
100
97.8
90.2
80.8
82.8
78.9
61.7
69.9
67.7
68.5
71.8
69.1
66.3
74
93.2
98
97
97.2
96.1
95
94.9
94.5
94.9
95.6
96.9
93.2
72.2
64.7
58
53.5
55.5
71.1
87.2
76.9
77.4
88.8
96.4
97.7
98.8
98.5
96.4
95.3
96.6
97.7
92.3
78.8
71.7
71.5
72.6
72.4
74
65
77.8
85.2
87.7
85.5
93.3
96.3
91.3
85.4
78.5
77.5
75.7
77.7
77.6
79.9
77.9
81.4
81.4
82.3
84.6
87
64.4
59.8
53.8
54.3
52.6
49.3
49.7
68
84.9
92.7
95
93.5
96
99.2
97.7
98.4
98.1
98.1
97.8
88.7
81.3
74.3
77.3
79.1
74.4
68.6
62.4
64.5
70.5
75.8
78.2
83.2
87.3
86.4
89.6
91.2
89.8
87.4
89.3
91.4
95.6
99.9
100
100
100
100
100
100
100
99.9
92.5
84.5
82.9
82.4
84
85
85.7
88.4
89.1
91.2
90.4
90.4
92.3
93.6
93.7
93.5
93.4
95.9
98.8
100
100
100
100
100
100
100
100
100
100
100
100
100
100
100
100
100
100
100
100
100
100
100
100
100
100
100
100
100
100
100
100
100
100
100
100
100
100
100
100
100
100
100
100
100
100
100
100
100
100
99.1
100
100
100
100
100
100
100
100
100
100
100
100
100
100
100
100
100
100
100
100
99.8
99
100
100
100
100
100
100
100
100
100
100
100
100
100
100
100
100
100
100
100
100
100
100
100
100
100
100
100
100
100
100
100
100
100
100
100
100
100
100
100
100
100
100
100
94.3
84.9
81.8
83
86.8
87.5
86.5
87.9
93
91.5
90.1
92.7
99.7
100
100
100
100
100
100
100
100
100
100
100
100
100
100
100
100
100
100
100
78.8
59.6
49.7
48.2
52
56.2
64.5
66.7
75.1
74.9
90.1
97
100
100
100
100
100
100
100
100
100
100
100
100
100
100
94.6
75.8
70
78.7
90.1
96.2
100
100
100
100
100
100
100
100
100
100
100
100
100
100
100
100
100
86.5
62.9
63.2
63
68.6
92.3
98.8
100
100
100
100
100
100
100
100
100
99.6
99.5
98.8
99.5
100
99.9
94.2
82.8
74
70.5
71.9
71.9
75.4
87.7
99.1
100
100
100
100
100
100