89.2
84.5
81
82
84.2
90.2
94.8
97.8
100
100
100
87.7
70.7
64.8
61.8
58.3
67.3
78
89.2
98
99.7
100
100
100
100
100
100
100
100
100
100
100
100
100
100
100
75
71
67.5
71.2
77
78.7
91.8
97.7
100
99.2
100
100
100
100
100
100
100
100
100
100
100
100
100
100
72.5
60.8
57.3
55.7
58.3
69.2
87.3
94.8
98.8
100
88.8
77.3
89.8
97.3
88.5
74.5
69.7
79.5
93.2
99.8
100
100
93.8
73.5
69.2
65.2
64.2
65
64.2
74
56.8
30
47.5
57.2
39.5
43.2
47
44.8
41
60.2
67.3
71.2
75
76.3
83.8
84.2
71.5
44.8
42.5
41.5
40.2
42.3
42.2
52.7
60
65.3
72.2
60
31.3
37
39.8
36
47
64.2
66.2
57
63.2
72
82.2
58.5
47.8
48.7
52.7
48.7
49
51.5
59.3
67.7
73
77.5
84.3
93.3
99.7
100
100
100
100
100
100
100
100
100
100
100
100
100
91.2
71.7
67.3
72.3
73.7
74.8
84
95.5
99.8
100
96.2
96.2
95.5
97.5
97.5
98.5
99.2
100
100
100
100
100
100
90.8
68.8
66.3
62.7
63.2
67.2
73.5
88.8
97.3
100
100
100
100
100
98.3
99.7
100
100
100
100
100
100
100
100
100
100
85.3
74.5
71.7
72.7
80.2
89.2
96.3
99.8
98.8
99.7
100
100
100
100
100
100
92.2
85.5
91.7
75
96.3
100
99
84.2
78.8
78.3
81.7
83.2
86.8
95.5
100
100
100
100
100
100
100
100
100
100
100
100
100
100
100
100
100
99.5
92.8
93
93.5
89.2
96.5
100
99.3
92.8
86.7
51.7
28.7
53
64.3
64.3
38.3
45.3
46.2
57
61.3
68.8
75.2
57.5
43.7
36.8
39.3
30.5
32.2
33.7
46.3
58.7
64.2
69
79.5
87.8
89.7
86
88.7
93.8
95.7
98.7
100
100
100
100
100
100
77.5
56.8
52.8
53.7
58
63.5
68.3
74.7
76.3
81
80.8
80
81.2
83.2
84.3
88
93.3
99.3
100
100
100
100
100
100
100
100
99.3
94.8
97
98.2
95
96.8
100
100
100
100
100
100
100
100
100
100
100
100
100
100
100
100
100
98.5
76.7
70.7
78
85.3
88.2
92.3
94.7
97.7
90.3
94
99.2
100
100
100
100
100
100
100
100
100
100
84.5
74.8
74.3
75.3
74.7
74.5
74.7
84.3
84
79.8
77.3
88.5
86.5
88.2
89.3
89.7
87.5
88.5
90.2
95.2
94.8
91.3
90.3
87.7
83.8
77.5
73.5
69.8
67.8
65.7
67.7
70.3
70.3
65.8
74.5
85.8
81.7
69.7
80.7
85.2
92.8
95.7
100
100
100
100
100
100
91.8
81
76.2
67
63
64.5
67.5
74.2
83.5
92.2
97
100
100
93.8
90.3
98.5
100
100
100
100
100
100
100
100
100
100
92
79.3
76.3
74.7
76.5
80.8
95.5
99.8
100
100
100
100
100
100
100
90.7
78.3
86.5
95.5
99.5
100
100
95
71.5
67.2
72.5
76.7
81.2
87.2
88.3
87.2
88.8
92.5
97.3
100
100
100
100
100
100
100
100
99.8
100
98.3
87.7
87.3
81.8
84.2
83
79.3
77.8
80
72.2
76.3
97.8
94
95.7
100
93.7
86.5
73.8
73.5
78
87.3
99.3
100
100
100
100
100
100
100
100
100
100
100
100
100
100
100
100
100
100
100
100
100
100
100
100
100
100
100
100
100
100
100
98
86.8
84.7
81.7
83.2
97
100
100
100
100
100
100
100
100
100
100
100
100
100
100
100
100
100
67.5
56.8
61.2
60
64
67.7
84.7
95.5
94.8
96
98.2
99.8
100
94
92.8
93.2
97.5
97.8
99.3
100
100
95.3
91.7
68.8
49
36.2
33.3
34.3
36.3
40.8
50.8
63
66.5
59.7
63
64
61.3
58.5
45.8
39.5
46.7
46.7
58.5
71.3
77.5
78.8
62
42.8
37.2
32.7
34
38.7
40.3
45.3
53
54.7
54
60.3
64.5
63
64.8
70.7
80.3
84
89.5
88.3
91.2
93.3
90.7
90.7
84.3
58.8
56.2
56.8
61.8
60.2
61.8
72.7
84.7
90.5
96.2
99.5
95.7
89.7
91.3
97.3
96.5
96
97.8
98.7
97.3
94.8
90.3
94
82.8
61.2
49.8
39.5
36.8
34.7
32.5
32.5
45.2
57.8
69.7
75.5
81.2
84.7
87.2
89.3
87.2
83.8
83
84.7
79.3
78.5
74.8
75.3
72.3
73.7
69.7
67.5
64.2
67.2
63.5
61.8
64.3
66.3
66.2
72.7
73.5
73.5
73
76
91.3
98.2
100
100
100
100
100
100
100
100
100
90.8
85.3
74.2
70.8
82.2
92.8
92.2
93.2
68.2
66.3
84.7
93.7
93.3
97
97.3
98
99.8
96.2
95
92.8
93.7
72.8
47.7
44.3
45.2
45.7
45.8
42.7
48
60.5
73.8
85.7
90.7
92.3
95.5
95
95.5
93.7
95.2
96
96.5
96.2
99.7
100
100
95
71.5
59.3
55.8
56.2
55.3
53.3
60.2
65.5
70.5
81.8
88
93.2
92.7
94.8
87.5
85.5
89.7
95.7
99.8
100
100
100
100
83
53.7
52
50.2
47
47.3
52.8
56.8
56.7
70.8
82
82.2
70.8
65.3
63.5
62.2
61.5
64.8
64.5
78.7
54.8
49
51.2
53.2
49.8
48
46.7
45.2
47.5
51.7
54.7
58.2
60
60.8
62
67.8
74.2
77.7
75
71.7
70.8
72.7
73.7
77.2
77.3
75.3
69
74.3
73.8
67.7
63.2
58.3
56
54.5
54.7
56.2
64.8
70.5
72.5
61.2
63.3
68.8
73.7
77.2
77.3
72.5
68.7
68.8
73.5
82.7
93.7
91.5
88.3
94.8
97.2
99.2
100
100
100
100
100
100
100
100
100
100
100
100
100
100
100
100
100
100
100
100
100
100
100
100
100
100
100
100
100
100
100
100
100
100
100
100
100
100
100
100
100
100
100
100
100
93.8
76
69.2
65.5
68
69.5
72.8
83.3
90.2
85.5
97.3
100
100
100
100
100
100
100
100
100
100
100
100
99.3
80
75
70.7
66.3
67.5
76.5
83.5
94.8
99.8
100
100
100
100
94.2
90.7
96.5
99.8
100
100
100
100
100
92.3
58.8
45.2
43.8
40.8
42.8
57.5
46.3
58.7
65.5
64
72.2
81.3
81
87.2
90
92
94.7
99.5
100
100
100
100
100
100
89.5
62.3
57
53.7
53.2
52.2
48
55.2
67.8
85
90.5
80.7
78.8
88.7
93.7
96
99.2
100
100
100
100
100
100
100
98.3
72.3
63.3
60.2
58.3
57.7
55.3
62.3
73.7
88.8
97
99.3
100
100
100
100
100
100
100
100
100
100
89
91.3
84
75.7
74.5
72.8
70.5
70.2
68.5
71
82
91.3
98.5
95.3
95.3
96.8
96.5
96
96.7
90.8
96
98.7
98.3
99.7
100
100
100
100
99.3
92
84.8
77.2
83.2
89.3
92.3
93.8
95.8
99.5
100
100
100
100
100
100
100
100
100
100
100
100
100
100
100
100
100
100
100
100
100
98
100
100
100
99.7
86.7
83.7
80
81.5
83.7
78
72.8
70.8
72.3
75.3
74.8
89.3
91.8
94.5
100
98.5
94.8
89.2
75.2
74.7
77
67.8
72.8
73.3
71
70.3
68.8
78.3
91.5
96
79.5
79
91.7
94.5
89.2
82.3
67.2
64.5
57.5
54.7
56
65.3
75.2
85
92.5
95.5
99
100
100
100
100
100
99.5
94.2
94.8
95.8
99.5
93.3
66
60
58.8
56.2
55
55.5
55.2
58.2
67.7
76.8
89.5
97.3
97.5
67.8
62.8
81.2
93.8
96
98.5
99.8
100
100
100
100
71.5
60.2
57.5
58.2
56.5
56.7
56.7
60
69.2
74.8
77.5
81.8
87.2
95.5
100
100
100
100
100
100
100
100
100
100
100
72.2
61.8
58.3
57.8
58.3
59
60.8
70
84.5
91
97
99.8
100
100
100
100
100
100
100
100
100
100
100
100
97.7
71.5
65.3
64
60.2
54.7
49.5
57
66
68.2
77.2
81.8
85.8
90.7
90.7
91.7
90.8
93.8
96.2
97
92.5
77.6
80.7
85
91.7
86.8
74.5
70.2
68
65.5
66.2
66.7
70.3
71.8
72
74.2
84.3
84
78
83.2
87.5
90.2
89.8
97.3
100
100
100
100
97.2
89.5
81.2
79.7
79.7
86
86.7
87.5
90.5
87.7
92.8
97.7
100
100
100
100
100
100
100
100
100
100
100
94.7
64.5
64.7
61.2
58.2
59.5
65.2
69.3
74.3
79.7
83.5
88.7
99
100
100
100
100
100
100
100
100
100
97.7
99
100
100
100
99.3
97.8
91
95.7
98.7
87.5
85.2
75.2
76.8
74.8
74
76.8
88.7
92.7
95.8
98.8
99
94.3
94.7
96.8
87.2
71.8
68.8
67.5
68.5
67.3
67.3
69.7
76.3
86
88.2
86
85.8
79.5
78.8
88.2
91.8
94.7
95.7
95.2
94.2
86.8
87.3
89
81.3
66
51.8
44.5
41.7
44.7
49.3
51
55
59.5
65.7
70.8
71.8
58.2
57.3
57.5
65.7
61.8
61.2
63.3
66
72.8
76
80.2
79.7
73
70
65.7
58.8
54
50.3
52
52.7
57.8
64.2
73
79.5
85.3
91
95.3
96
96.8
97.5
97.7
96.5
96.7
99
100
93.5
66
63.7
62.5
58.8
58.5
61
55.8
51.7
56.8
65.5
78.3
90
95.2
99
100
100
100
100
100
100
100
100
100
100
100
84
61.8
55.7
47.8
46.2
48
51.3
58.7
63.2
69
70.3
69.2
67.7
69.2
78.8
82.8
85.3
85.3
86
89.2
90.6
91.5
95.7
99.3
98.7
93.3
81.7
78.8
79
76.7
77
80.8
87.5
93.5
98.5
100
100
100
100
100
100
100
100
100
100
100
100
71.5
52.3
45.3
45.3
43.2
40.5
39.8
39.2
44.2
74
95.3
100
100
98.2
88.8
93.7
95.8
98.2
99.8
99.8
98.3
100
100
100
86.3
62
56.2
52.3
51.2
50.5
52.2
56.2
64.3
73.3
79
77.3
68
54
60.7
48.7
56
75.8
81.2
82.8
87
86.8
87.3
78.2
69.3
55.7
40.5
32.7
31.3
25.2
23.3
17.2
15.4
17.8
21.2
22.5
20.3
19.8
33.2
30.3
25
21.7
20.8
29.7
47.8
49.3
52.3
38.3
28
26.3
26.2
25.4
25.5
27
26.8
28.2
32.5
42.2
47.5
51.2
62.7
66.5
50
42.7
50.5
57.2
70.3
77.5
83.8
87.8
92.2
69
44.8
43
41.3
38.5
37.5
35.8
35.8
36.2
39.7
48.3
57.2
64
68.7
73.3
74.7
74.3
79.5
77.8
80.5
82.8
83.8
85.8
86.8
65.7
50.5
46.8
44.5
44.5
43.7
44.3
42.8
43.3
46.7
54.8
61.5
68.3
78.8
80.7
86
87.5
89.5
93.5
94.3
89.5
86.7
86.8
86.2
74.5
64.7
52.5
52
44.8
43.7
44.3
44.8
47.7
50.5
58.3
64.8
65.3
72
77
83
86.7
89.8
92.3
95.2
96.8
94.8
97
99.7
84
55.5
50.7
48.5
46.5
43.8
43
40.7
40.3
45.8
60.2
70.3
76.3
82
80.2
81
85
86.3
87.7
84.8
88.5
88.8
89.7
92.5
73
53
49.3
52.2
48.2
46.3
45.7
45.3
46.3
50
53.3
54.3
52.5
51
53.8
45.5
32.7
28.3
33.7
49.7
59.5
64.2
59.3
35.7
30.3
29.8
28.8
37.3
35.3
34.2
32.3
31.8
33
36.5
41.3
39.3
40.8
50.8
62.8
70.3
75.3
74.8
77.2
79
82.3
85
87.2
86.3
61.3
43.5
34.8
35.2
34.3
35
35.5
35.7
36.7
38.7
41.2
44.8
50
47.3
43.7
42.2
39
36.8
36
36
38.8
40
42.5
46.3
49
46.2
47.2
44.3
40.7
40.3
39.3
39.7
39.8
42.3
44.3
48.7
53.5
58.5
61.7
59.5
61.8
67.7
67.7
72.8
67.8
70.2
76.5
60
50.3
47.2
47
46.8
43.3
42.8
40.7
41.3
43.8
47.2
51.8
46.5
46.3
46.7
53
57.5
59.8
61.8
63.7
62.7
61
63.8
70.3
73.8
71.8
71.8
73.7
75.8
82.8
81.7
82.2
88.2
88.5
92.8
98.3
100
100
99.8
98
93
87.2
82.7
73.5
81
77.5
97.7
100
100
77
66.3
63.2
62.3
62.5
52.5
53.3
60.7
67.8
70.5
73.2
82.8
88.7
95.2
99.2
100
100
100
100
100
100
100
100
100
100
78.8
71.5
67
65.3
61.3
59.3
59
61
63.5
73
84.3
94
96.7
100
100
100
100
100
100
100
100
100
100
100
75.5
66.8
63.2
54
44.5
46
45.2
47.3
47.8
51.2
54.7
55.2
57.8
60.7
62.3
62.8
78.8
90.5
97
100
98
97.7
99.3
69.5
43.7
45.2
43
37.5
37.2
38.3
40.5
43.3
43.2
52.8
60.3
55.2
55.5
53.3
56
55.7
56.3
52
42.3
49
63.2
66.7
67.2
69.7
64.5
57.2
52.8
48
44.2
45.2
42.5
45.7
50.5
57.2
64
68
78
84.5
92.3
98.7
100
96
95
99.2
92.8
92.8
93.7
92.2
86.8
73.8
65.7
68.8
70.8
68.2
61
61.3
64
74.2
82.3
90.5
96.2
99.8
100
100
100
100
100
100
100
100
100
94.7
60.3
53
51.2
51.2
50.3
49.5
48.3
50.3
56.2
64.3
73.8
81.8
84.5
88.7
88.7
90
90.3
92
90.8
93.2
93
92.3
77.2
71.5
65.3
53.7
51
48.7
48.5
49.7
48.8
56
57.8
58.8
59.3
62.3
61.5
55.5
55
60.3
66.2
71.2
69.3
66.3
62
61.8
56.8
54.8
51
51.7
56.4
72.7
79.5
83.7
81.2
92.3
98.3
100
100
100
100
100
100
100
100
100
100
100
100
100
100
100
93
81.3
79.2
81.3
73.8
76.5
82.8
80.7
84
89
89
85.8
89.8
95.7
99.8
100
100
100
99.2
100
99.5
100
100
92.3
81.8
77.3
59.3
48.8
57.5
59.2
76.5
76.3
71.2
79.3
82.7
89.5
93.2
95.5
85.5
93.5
95.2
96.3
94.4
95.8
99
99.8
88.7
48.7
34.5
40.4
42.7
39.5
38
38.3
37.8
38.7
40.3
48.5
56.8
62.5
66.2
66
70.8
73.2
54.7
64.7
83.5
88.2
91.2
91.7
77.7
45.2
36
36.8
38
36.7
36.7
38
38.8
36.7
43
53.3
60.8
69.4
77.5
77
77.3
81.5
83.2
87.2
93.5
97.7
99.8
100
98.2
69.5
62.7
60.5
59.5
57.8
49.2
41
39.7
39
32.2
31.2
35.3
34.7
35.3
37.7
52.5
57.5
60.2
53.5
52.5
66.8
80.7
85.8
78.3
54.8
54.2
56.7
57.3
53.7
50.7
48.5
47.5
48.3
48
48.2
27.8
25.5
27
29.5
31.2
44
44.8
52.8
50.3
31
26.3
26.2
26.7
24
20.2
18.5
14.5
14
13.7
13.3
12.8
13
14.5
18.2
21.4
17.7
29
36.2
35.2
36.3
25.8
35.2
35.7
45.7
57.3
61.2
49.2
35.2
25.7
26.5
27.8
30
31.3
27.8
25.5
25.8
27.5
31.3
36
38.8
42.5
46.3
51.2
51.7
46.2
38.3
30
29.8
39
34
26.8
26
26.2
31.2
31.2
29.2
28.7
28.7
30.7
32
32.8
36.7
35
34.7
37.5
37.8
24.2
22.3
23.5
37.7
44.3
50.8
52.2
52.5
51.5
48.5
45.2
44.2
45.7
50
48.8
48.5
49.8
53.3
59.7
62.7
67.3
65.8
66
71.8
73.3
77.3
88.5
90.8
91
95.7
96.8
96.3
94.3
85
72.3
63.5
57.5
54.8
59
64.7
61.7
60.8
61.5
64.8
66.2
69.3
72.3
78.3
85.2
88
89.8
91.5
94
97.8
98.7
96.7
80.7
58.8
38
35
33.7
31.5
31.8
32.6
31.5
39
46.2
40
44.5
47
52.2
55.7
48.3
46.2
51.3
55
54.5
54.2
57
54.6
45.8
33
23.8
23.5
25
22.2
21
20.5
21
21.7
24.2
28.3
31.2
31.7
30.3
35.2
41
53.8
60.2
63.2
67.2
71
72.2
73.2
57.5
30.8
28.5
29.3
27.8
25.5
26.5
25.5
23.7
22.7
22.7
28
29.8
29.2
30.7
32.7
33.2
33.5
36.7
50.8
60.3
66.3
69
72.5
59.8
38.2
33
28
27.5
27.5
27.3
NA
29.5
28.3
29.3
35.8
42.3
45.3
57.5
66.3
68.7
65.8
73.5
79.8
86.3
90.8
95.5
99.7
87
53.7
42.7
42.2
41.7
38.7
37
34.8
33.3
31.8
33.8
40.8
53.3
57
56.2
53.2
46.2
51.2
52.7
72.3
82.7
89.5
91.5
91.5
77.2
69.7
67.2
61.3
57.5
46.2
39.2
40.7
42
45
48.8
53
56.8
63.2
69.8
76.2
84.5
90.2
97
97
95
97.5
100
100
96.2
75
67.2
59.7
53.3
49.7
50
47.2
44.5
44
45
52.5
61.3
71.5
77.5
85.5
92.5
96.3
96.8
99.8
100
100
100
100
96.5
63.3
55.2
52.3
50
46
43
41.8
40.2
39.5
39
41.2
44
49.8
65.8
69.3
74.8
81.2
80.5
80.2
82.5
88.3
92.7
91.3
80.7
65.2
51.3
35
31.2
31
39.3
38.3
38.5
39.8
41
NA
NA
NA
NA
NA
NA
82
80.3
81.7
84.5
86.8
89.7
84.7
69.8
50.2
41.5
41.7
42
42.2
40.7
38
35.3
34.3
35.2
43.5
52.3
63.7
70.2
78
81.2
81.8
88
90.7
96.5
99.3
100
100
81.3
59.2
55
52.2
48.8
42
43.2
41.5
38.8
40.3
46.2
52.3
56
59.8
62.7
65
70
74
73.5
74.7
79.3
72.7
76.2
75.2
86.5
92.5
91.5
92
87.2
77.8
73
71.7
68.3
60.2
66.5
76.8
83.8
88.7
91.7
96
98.2
99.7
100
100
100
100
100
100
100
90.7
72.3
68.3
61.5
60.8
58.2
57.8
56.8
65.2
67.8
83.7
77.3
72.3
69.7
68.5
68.2
66
57.3
52.5
50
52.8
51.5
48.3
44.8
41.7
40.5
39
39
38.3
38.8
39.2
38.7
39.7
42
48.2
59.2
66.3
78.3
83.5
89.7
94.3
98.7
99.7
100
100
100
100
83
54.8
51
46.7
42.3
38.5
37.2
33
28.8
29
31.8
34.7
44
56.2
67.7
74.3
80
81
82.5
87
90
88.3
92.3
91.2
62.7
45.2
35.7
33.3
36.2
35.7
35
34
33.2
31.8
33
36.3
42.2
49.8
58.8
68.7
73
78.2
79.8
81.2
81.7
85.2
92
95.5
68.8
43.7
36.3
31
27.2
29.5
30.2
29
27.8
28.5
28.7
32.2
44
54.3
56.8
64.8
68
70
75.2
79.3
80
82.5
87.2
87.3
63.2
47.2
46.8
44
41.2
38.8
37.2
33.8
33
34.8
35.5
36.8
38.5
44.2
54
57.2
57.2
50
61.2
72.2
77.8
80.2
82
83.5
67.5
63.8
57.7
57.5
59.3
51
47.7
46.3
44.7
45.5
47
52.5
55.2
57.8
60.2
59.8
57.7
57.8
60.5
61
60.2
54.2
52.5
55.8
56.5
64.8
62
61.3
60.8
58.3
56.3
57.2
55.5
57.3
59.8
65.8
76
81.8
NA
NA
NA
94.8
95.3
96
94.5
99.5
100
98.8
88.3
75.5
65.3
66.7
66.2
64.3
63.2
61.2
61.7
61.8
64.5
63.2
76.7
82.2
87.8
84.7
88.7
83.7
78
73
74
79.2
84
79.5
82.7
85
82.8
NA
NA
NA
NA
NA
NA
NA
NA
NA
NA
NA
NA
NA
NA
85.3
81.2
88.3
99.3
100
100
100
92.7
86.2
79.5
77.8
73.8
70.2
69.3
65.3
68
73.7
73.7
67.2
79.2
87.8
92.5
98.3
69.5
69.7
65
58.2
55.2
75.5
84.3
79
63.3
51.8
43
44.5
55.5
53.7
58.2
61.3
55.8
59.8
65.5
67.8
69.2
69
68.5
68.5
67
66.5
65.3
68.8
64
71.2
88.2
90.8
73.8
68.2
71.3
63.7
59.3
58.2
56.7
53.5
51.7
48
53.5
61.5
73.2
78.2
81.3
68.8
72.2
72.5
79.5
79.8
87.7
90.2
95.3
85.7
79.8
73.8
67.5
71.7
71.2
74.8
76.7
83
88
93
93
94.2
95.8
100
100
100
100
100
97.7
92.3
97
100
100
100
91.3
78.5
71.3
65.5
61.3
60.3
57
57.2
54.2
NA
NA
NA
NA
NA
NA
NA
NA
NA
NA
NA
NA
NA
NA
NA
NA
NA
NA
NA
NA
NA
NA
NA
NA
NA
NA
NA
NA
NA
NA
NA
NA
100
100
100
100
100
100
100
95.7
90.5
86.2
82.5
72.3
64.3
60.5
61.2
60
61.8
63
70.8
76.8
81
79.3
80
81.3
85.7
93
100
100
100
100
100
99
95.7
86.7
71.8
67.5
70.2
68.8
61.5
58.7
61.2
62.2
64.5
74.3
78.7
79.8
87.3
95.5
99.8
100
100
100
99.8
99.8
99.3
85.7
76.7
70
66.7
64.7
61.8
58.8
58.8
59.3
56.8
56.3
58.5
70
80.2
85
92.5
96.2
100
99.2
100
100
100
100
99
88
66.2
54
50.3
50.7
49.2
46.3
41.3
40.2
41.5
43.3
47.3
63
74
80
87.8
90.7
77.7
87.8
88.3
86.2
95.3
99.8
94.2
74.5
62.2
50
48.2
46.5
43
42.8
42.2
41.5
42.3
47
74.5
85.2
75.3
89.3
93.8
95.7
97.5
100
100
99.7
99.8
100
91.5
74
62.5
57.8
55.3
54.3
53
51
49.7
49.3
48.8
55
62
68.3
79.5
88
89.7
88.3
84
89.2
86
77
70.8
76.2
69.3
56.7
42.7
40.2
38
37
34.2
34
35
36
33.2
33.5
37
47.8
51.5
63.3
76
80.5
82.8
82.3
91.2
82.2
52.5
64.2
70.7
57.8
51.2
42.7
41.7
40.8
38.3
38
37.2
37.5
37.3
37.5
43.7
52.3
59.7
49.2
57.5
49.7
43
42.7
45.2
43.2
43.2
44.8
46.5
48.2
49.2
44.7
41.5
38.7
39.5
38.5
38.8
38
37.7
39
44.5
56.7
63.5
69
57.7
56.7
70
80
84.7
87.3
87.3
89.2
84
64.3
56.5
51.7
49
50.3
50.2
48.2
46.8
46.8
46.2
48.5
52
63.5
70.8
73
66.2
66.2
67.2
67.8
71.8
75
78
87.8
81.2
69
62.3
58.2
53.3
49
46.3
44.5
42.2
42.3
45.5
51.2
55.7
60
63.5
66.7
69.2
68.3
61.8
62.3
60.8
57.8
56.2
57.3
73
95.3
86
72.8
68.2
64
63.7
69.3
75
67
64.2
71.7
87
91.2
92.3
100
100
100
100
100
100
100
100
100
100
91.7
75.2
65.8
60.3
59.3
58.5
61
58.3
57.3
58.8
56
59.2
70.8
84.2
91.3
86.7
72.8
84.5
91.3
98
100
100
100
97
78
67.2
59.7
52.7
45.8
47
50.3
47.7
50.7
55.7
54.5
48.8
58.5
68
59.7
53.3
57.3
65
83.3
88.5
90.7
97
100
84
55.7
53.8
51.5
50.5
48.7
45.8
45.8
45.5
43.8
43.3
45
49.3
63
74.8
83.3
83.5
87.3
82.8
66
68
68.2
72
68.2
66.7
62.3
54.8
53.2
51.5
51.5
50.2
49.2
47.5
45.3
43.8
48.5
54.7
44.8
51.8
77
83.8
86.2
87.5
85.2
86.3
87.8
94
100
91.8
70
72.3
71
72.3
68.3
60.5
52.3
49.8
57.5
65.7
61.8
60.7
56.3
53.2
51.7
69.3
73.3
77
84.7
88.2
92.8
99.7
100
89.5
72.7
66
55.7
49.5
49.3
44.3
43.3
57.5
50.3
49.3
55.2
75.3
87.2
94.3
99.7
100
95.8
95.5
89.2
88.5
93.3
98.8
98.7
85.2
66
65.3
63.3
60.8
59.3
56
53.5
58.8
71.2
81
83.5
85.7
90.3
90.8
89.2
88
88.5
95.3
99
100
100
99.2
97.7
94
86.5
75.5
70.7
67.3
64.7
71.2
95.3
95.5
89.7
87.7
86.3
93.7
99.8
100
100
100
100
100
100
100
100
100
100
100
100
88.3
68.2
56.8
49.8
51.8
48.7
48.2
48.8
51.8
53
56.7
73.3
78.8
84.2
86.3
92
93.5
93.5
97.7
96.2
99.2
100
85.8
64.5
54
48.2
49.2
46.8
47.2
49.5
63.7
75.7
70.8
79.3
84.3
84.2
85.3
91.2
96.5
99.5
100
88.7
69.4
77.2
84.5
93.7
98
97.2
96.2
95
84.7
73.5
67.8
62.2
57.5
61.8
77.3
81.4
69.3
83.8
87.8
84.8
97
100
100
100
100
100
100
100
99.8
79
72.5
68
62.2
55.3
50.5
49.2
48.7
46
43.3
44
48.2
52.8
65
71.8
62.5
55.7
65
64.5
64.5
65.5
64
63.8
64.5
62
58.8
57.3
52.7
47.5
45.2
43.3
41.6
40.2
39.6
39.5
43
55.8
70
71.8
71.2
71.2
70
74.7
84.3
90.8
91
89.5
88
70.3
49.7
48
47.8
46.7
46.7
45
44.5
42.5
41.8
43
46.3
51.3
61.5
72.3
65.7
64.3
65.7
69
82.3
87.5
80.5
69.3
69.7
63
58.5
55.8
56.5
55.3
53.2
50.8
47.3
45.8
44.3
46.5
50.7
60.3
67.3
73.8
79.8
81.2
81.7
86.5
92.5
79.8
81.8
80.8
79.7
79.3
74.3
68.8
63
61.8
60
61.8
57.5
57.2
60.5
60.7
70.7
78.3
70.8
66.3
65
65.3
73.8
84
90.5
96.7
100
100
89.8
67.3
64.2
57.7
53.5
51.3
49.3
49.5
45.8
44.8
45.8
47
52.5
63
74.8
82.2
84.7
89.5
91.8
91.8
95.2
99.3
100
100
90.7
72
65.2
59.2
56
53.7
48.5
47.3
45.5
43.3
42
40.3
39.7
49.5
64.7
71.8
76.8
80.2
80.2
83.8
89.2
88.3
90.5
94.5
76.7
59.5
54
48.3
46.3
44.3
43.8
42.2
41.2
40.2
41.3
43.8
44.7
59.3
67.8
72.2
75.7
76.7
82.3
86.8
88.3
89.8
91.5
94.5
84.7
70.2
57.7
52
48
47.3
48
43
40.8
37.2
36.2
34.5
42
55
59.8
66.8
73.7
79.5
81.7
86.7
90
91.3
92.3
90.8
78.3
62.8
56.5
50
47.8
44.8
43.2
42.2
41.7
40.5
40.7
42.7
46.8
54.7
63.3
73.8
77.5
78.8
79.8
82.8
86.8
88.5
92.7
94.7
81.8
66.5
60.8
57.2
53.2
48.7
46.5
45.5
45.2
44.8
44.7
46.7
54.3
55.3
53.5
59.7
67.3
67.7
70.8
71.7
74.7
75.3
77.3
75.5
67.2
53.3
50.8
45
42.3
41.2
40.2
39
37.8
37.3
38.3
42.5
45
52.7
49
42
48.2
63.3
53.3
62.5
51.5
58.5
63.3
66.7
65.5
59.2
54.3
50
41.7
39.5
42.8
40.5
39.2
38.8
41.8
48.8
51
51
43.8
47.8
58
47
57.5
68.2
71
70.8
76.2
82.8
71
57.3
52.3
49.8
48.3
44.7
40.2
35
35.5
39.8
93.7
100
100
100
80.2
63.7
84.2
92.2
94.7
97.8
78.8
58.5
62.2
77.3
73
71
72
61.5
55.3
51.8
49.3
47.5
45
41.8
45
56.2
64
72.7
78.3
84.2
93.8
98.5
100
100
100
100
100
100
87.7
71.7
62
56.2
51.3
47.8
46
46.2
43
41
42.4
40.7
44.7
59.7
69.2
76
84.2
87.6
89.2
92.8
94
96.5
99.7
100
83.3
73.8
64.2
55.5
54.5
51
45
44.3
42.7
45
52.6
57.5
60.2
58.2
66.2
67
79.2
88.5
97.8
86.2
83.7
85.3
91.3
97.3
100
86.3
67.8
61.2
54.5
50.2
49.3
50.5
45
42.3
44.2
52.3
60.7
62.8
70.2
70.2
70.3
73.3
79.7
86
84.3
88.3
89.2
87.2
77.7
63.7
70
73
64.2
70.2
70.2
69.3
70.8
91.2
93.2
92.6
97.3
100
100
100
100
100
100
100
100
100
100
100
100
96.2
82
81.5
77.8
70.2
65.2
62
59.3
55.8
60.6
89.2
85.5
89
99.3
84.2
80.2
99
99.3
92.2
79.2
83.8
94.5
100
97.5
77.5
66.8
65.3
64
61.3
58.5
77.5
91.7
99.5
94.8
84.8
77.2
72.7
74
85.2
89.3
94.7
96.2
96.7
96.2
95.2
84.7
89
92.5
90
86
79.5
70.3
65.2
64.8
63.5
57
54.7
55.8
58.3
62.3
70
75.5
79.2
86.7
94.2
96.8
92.7
91.7
93.5
94
92.8
81.8
66.5
58.3
58.8
58.3
55.3
54.7
54.3
52
51
51
54.5
54.3
62
74.7
79.8
79.7
78
71.2
67
73.7
70.7
75.2
83.2
84.2
81.5
68.8
60.2
57
52
50
50.3
49.7
52
55
57
58.8
59.5
75
76.5
74.5
80.7
74.7
71.3
78
89
97
99
90
80
56.2
54.3
48.2
49.3
69
74.3
61.5
51.7
48.5
54.8
62.5
67.8
74.3
71.2
73.2
73.7
72
72.8
71.7
80.5
91.3
96.3
85.5
73.5
64
59.2
53.7
54.7
48.7
48.2
47.7
44.7
44.8
46.5
48.2
57.8
67.5
67.5
61.2
60.3
57.8
54.8
49.7
50.2
52.2
50
48.2
47.5
45.7
43
43.2
44.3
44
43.7
45.2
47.8
50.2
53.7
57.3
64
68.7
64.2
66.2
72
74.2
74
74.7
75.8
74.3
75
73.3
71.2
74.8
79.5
71.3
65.7
63.8
55.8
53.7
50
42.3
43.7
49.7
53.7
65
64.7
69.7
78.3
77.8
87.3
92.3
81
91.7
100
85.7
65.7
55
51.3
52
48.5
47.5
43.3
43.8
44.2
46.2
46.3
46
55
70.2
79.8
77.5
72.2
54.3
53.5
57.7
74
83.3
80.5
69
53.2
45
42.3
40
40.8
42.2
41.5
43
41.5
42.5
43.7
43.3
53.2
66.5
73.2
78
82.3
65.8
69
82.8
90.2
94.7
94.3
78
59.8
51.2
47.7
46.5
45
43.2
43.5
42.5
42.7
42.2
41.7
42.8
51.8
65.3
69.7
75
78
79
65.2
76.7
85.5
89.7
89
77.8
60.3
47.8
45
42.7
42.8
43
42
42.8
43.3
43
47.5
52.7
54.8
54.8
52.8
59.5
63.7
63
66.2
68.2
85.7
90.8
97.2
77.5
64.8
58
52.5
50
47.8
46.3
44.8
42.7
40.8
42.2
43.2
45.7
54.3
62
59.5
61.7
58
54.5
49
48
51.2
51.7
44.5
45.5
45.3
44.7
47
45.7
45
44.2
40.3
40
40
43.2
46.2
47.7
52.2
56
60.2
58
56
54.3
51.2
64
71.7
77
78.7
68.8
56.2
47.3
43.5
45.3
46
45.7
45.8
44.7
43.5
42.5
43.8
45.2
53.3
65.7
71.2
78.2
83.5
80.3
61.7
68.7
81.8
85.2
89
73
56
48.2
45.8
42.8
39.7
39.3
37
35.8
36.2
37
36.8
38.7
47.5
59.3
61.2
51.5
51
52
50.2
50.3
63.7
73.8
75.7
64.3
50.7
39.8
35.8
35.7
37.5
38.3
39.3
41
40.8
41.8
42.7
45.2
55.8
61
58
54.2
46.7
44.5
49.5
63
72.8
80.8
82.5
71
58
53.7
50.2
48.2
47.8
46.2
44.8
43.2
42.2
39
40.3
56.3
52.2
55.5
61.3
61.5
67.3
72.7
77.3
71
71.7
78.2
79
69.5
56.3
51.7
47
44.7
42.8
41.8
41.3
40.2
41.7
42.7
44.7
47.2
53.5
61.3
73.2
79.5
79.3
74
67
78
86.2
90.3
92.3
80.3
67.7
55
47.8
45.8
47
46.8
46.2
46.5
47.2
47.5
47.7
51.7
57.5
67
62.2
59
64.5
63.5
63.7
75.2
85.2
88.3
91.3
80
62.3
52.3
52
47.8
46
46.3
46.2
43.8
43.7
44.5
45.2
48.3
56.8
64.7
68
67
67
66.5
70.3
82.7
88.7
92.2
90.8
81.5
68.3
60.3
58.3
57.5
55.3
52.7
51.3
48.5
47.8
47.8
51.3
55
61.5
70.5
78.3
79.8
79.7
74
73.5
79.2
86.3
88.5
91.8
74.5
68.2
63.5
61.8
55.8
53
54.8
56.8
55.2
50.2
49.8
50.8
54.3
60
62.7
65
67.5
61.3
57
64.2
56
52.3
51.5
52.7
57.8
50.8
45.5
48.2
44.2
44.5
44.5
44
44.3
45.7
45.5
46.3
48.2
51.5
54.3
53.8
51.5
53.7
53.5
54.3
59
65.2
69
47.5
42.8
38.5
36.8
35.8
35.8
34.2
34.3
33.2
33.5
34.2
34.2
35.7
38.7
45.5
56.5
68
72.8
74.8
72.8
62.7
70.2
79.3
81.8
83.7
68.7
51.8
42.5
41.7
41.2
42.2
41.3
40.8
41.2
40.3
40.5
40.7
42.5
47.5
57
64
69.2
74.3
72.3
65.8
74.7
80.5
85.5
86
74.5
58.2
52.7
49.3
47.2
44.5
42
38.7
38.8
36.7
38.3
40.3
43.5
53.5
65.5
73.2
77.7
81.5
82.7
84.2
84.3
87.8
89.2
89.3
81.2
63.2
54.3
51.3
50.2
52.2
46.8
44
44.8
44.2
44.3
46.3
49.2
58.3
61.5
61.8
50.7
50.5
55.3
62.7
72.3
78.3
85.2
84.5
72.7
55.2
51.8
51.5
48.8
47.5
43.7
40.2
40
37.7
37.8
39.8
44
55.3
66.2
65.7
63.2
63.8
62.7
59.7
60.2
60.8
71.2
64.3
65
56.2
50.3
50
49.2
49
44.2
44.7
42.2
42.3
44
43.3
46
54.2
62.3
61.3
62
56.3
50
51.2
53.7
63.7
74.8
78.7
73.2
64.3
59.8
56
52.3
46.8
46.7
43
36.3
35.5
35.3
35.5
36.7
48.5
60.7
69
71.2
65.5
67.3
73
72
87.7
95.8
96.3
79
67.7
62
55.5
56.5
53
NA
42.7
36.8
NA
30.3
31.3
35.3
45
54
62.7
69.3
73
74.2
75.3
75.5
80.7
85.7
83.7
71.2
54.8
48.2
44.8
39.8
41.2
40.7
42.2
39.5
38.2
36.7
35.7
36.8
48.7
57.8
63.8
70.5
75.2
70
66.3
78
81
83.5
81.7
73
56.5
52.3
47.5
44.3
44.8
44.2
39.3
33.5
32.2
31.7
37
40.2
46
53.3
57.7
60
60.5
62
66.5
67.3
68.8
77.5
84.7
74
59.2
50.5
47.7
50.8
48.7
45.5
41.7
37.2
37.3
37.7
39.8
44.5
52.8
61
68.7
76.3
78.3
79.3
81.7
85
86.2
88.2
88.8
78.2
59.3
52.8
50
45.8
44.3
40
40.2
39
38.5
35.8
36.8
40.3
49.2
58.8
65.7
67.5
73.2
72.5
73.7
78
80.7
82.7
85.5
75.5
54.5
47.2
46.8
46.2
43.5
39.2
34.7
34.2
32.2
33.5
31
34
47.8
57.7
60.8
63.5
65.5
68.2
72.7
75.5
76.8
76.8
71
65.7
52.8
46.3
43.5
43.7
41.3
41
40.7
36.7
38
36.7
39.3
40
45.5
55.3
60.2
61.5
67.7
71
65.2
57.2
68.2
72
72.7
71.2
66.7
64.2
58.5
47
40
39.2
36.8
34
36
37.3
39.8
43.5
49.7
55.7
64.3
68.8
63.7
63.8
67.8
69.5
73.5
83.7
89.8
94.2
78.3
74.5
66.7
56.2
51.3
49
50.2
48.5
49.8
50.2
50.7
54
61.2
67.7
71.8
71.2
75.7
77.2
76.2
75.8
84.7
62.8
52.5
48.8
50.2
50.3
42.8
38.5
38
40.2
41.7
41.5
43.5
44.8
46.3
50.3
56.3
62
63.7
67
69.2
70.5
72.2
71.8
74
75.7
75.2
74.5
66.8
64.5
61
55.8
53.3
49.7
46
42.2
39.2
34.3
30.5
34.5
42
56.5
61.7
62.8
63.2
73.8
75.3
71.8
73.8
76.2
82
80
69.2
59
57.2
52.5
49
48.8
42.3
39.5
40.2
40.3
40.5
43.2
53.3
64.7
68.3
69.2
68.5
75.2
76.7
76.7
81.7
88.5
88.2
81.3
69.7
61.2
58.5
53.5
51.3
49.7
46.2
43.7
42.7
41.3
47.5
75.8
91.2
94.7
99
89.2
87.7
96.3
99.8
99.3
100
97.7
92.2
84.8
72.2
68.7
61
55
52.3
48.8
47.5
48.7
49.5
50
53.5
57.8
63.5
64
64.7
62.3
60.7
65.2
69.3
79.7
84
84.5
76.5
70
63.3
58.5
53.5
49.8
46
43.2
41.8
40
39.8
39.3
40
42
45.5
47.7
48
48.7
50.5
51.5
50.3
49.7
53
58.2
59.2
62.8
66.8
68.2
60.2
72.3
75
66.7
70.2
75.5
92.7
89.7
98.7
100
100
100
100
100
100
100
100
100
100
100
100
100
83.3
70.2
69.5
63.2
60.2
56.2
52.3
48.5
48.3
49.8
50.8
54
62.8
65.5
68.5
81.7
92.5
98.3
100
100
100
100
100
98.3
75.3
64
57.8
52.7
49.8
46.5
45.3
44
41.8
41
42.3
47.5
59.5
69.5
72.5
79.7
86
90.8
92
96.2
100
100
100
94
64.8
52.8
48.2
47.3
47.3
46.7
44.2
45.5
47.8
46
47.3
52
61.3
69.2
80.7
84.7
86.5
90.3
92.2
91.2
84.2
81.5
90.7
87
64.5
55.3
45.3
42.2
41.3
39.8
38.3
38.8
39.2
38.2
38.7
41.2
52.5
65.3
71.8
77.2
79.7
83.3
86.8
88.7
92.5
92.7
93.7
89.3
64.2
52.3
45.5
45.2
45.2
43.2
42.7
41.8
41
39.3
40
44.7
61
70.2
77
79.7
80.2
74
78.3
81.2
83.3
86.8
89.5
84.7
62.8
48.3
44
43
40.7
38.7
37.7
36.8
36.5
37
38.2
43
55
56.2
53.7
54.8
66
71.3
74.3
73.5
76.8
77.8
82.2
78.8
62.3
53.2
43.7
42.5
40.5
39.2
38
36.8
36.3
43.5
54.5
55
48
50.3
54.3
53.8
67.3
71
72
75.2
76.3
77.2
76
72.3
61.3
47
43.3
37
35.2
34.3
36.8
37.5
35.3
38.8
43
47.7
59.7
65.5
61.8
76.3
75
79.5
87.2
90.2
90.2
79.2
81
78
70.3
63.7
56.8
50.7
54.2
51.7
48.7
44.5
44.8
51.2
55.7
63
65.7
67.8
68.8
66.8
76.3
83.3
85.8
88.2
90.5
90.7
89.3
85.2
65.8
57.3
46.2
38.3
34.2
31.5
28
29.7
30.2
31.7
32.5
35.8
47.3
56.3
59.5
64
66.5
68.8
72.3
73.8
75.8
78.2
81.2
76.8
55.8
45
39.8
38.3
37
34.2
32.2
30
29
31.5
33.7
38.7
48.8
57.2
61.7
62.8
66.3
67.8
63.8
67.3
68.7
73.8
76.3
75
52.5
42.7
40.2
33.3
27.3
26.7
27.7
25.8
24
23.5
24.8
31.8
43.3
50.7
50.3
40.7
49.2
42.5
38.3
39.7
55.5
65.3
67.8
66.5
54.5
43
46.2
43.3
34.3
33.2
35.3
39.2
43.3
41
44.7
42.8
53.2
64.5
65.2
75.7
80.2
83.8
91.2
94.2
94
99.2
100
98.2
76
63.2
57.5
50.5
46.7
49
51
50.3
49
44.3
46.7
52.2
58.8
64.8
67
63.2
69.7
75.8
75.2
79.8
84.8
83
83.8
89
91.7
85.2
76.8
68.8
63.5
55.7
50.2
48.2
49.5
44.7
53.8
74.5
88.7
93.7
95.8
97.3
97.5
94.8
94.5
91.7
84.5
77.8
70.7
73.2
74.3
69.5
63.8
61.2
57.2
50.8
44
40.5
41.8
40.8
39
41.7
52.7
54.5
52.8
63
72.5
74
77
68.5
68.7
80
87.7
88.8
68
57.8
50.3
48.3
44.2
42
39.2
41.3
41.5
47.7
51.8
56.3
62.7
69.5
73.8
76.3
77.5
76
71.5
66.8
69.7
74.8
80
83.2
88.5
93
85.2
84.5
84.3
79.2
73.3
60
56.7
59.5
67.8
69.3
74.5
85.7
94.3
99.8
93.7
91.8
97
99.5
100
100
100
100
83.7
59.7
49.8
47.2
43.3
40.3
38.7
39.2
37.2
34.7
35.5
41.3
53.7
52.7
59
63.5
76
79.3
86
75.5
66.7
76.3
92.7
99.8
90.3
74.7
67.3
56.7
49.8
46
49.5
50.3
50.7
53.7
53.5
54.2
57.3
62
62.5
64.8
64.2
63.8
63.2
71.8
82.7
82.3
86.7
88.5
68
56.8
51.5
49.3
47
40
38.2
37.7
39.5
38.8
41.7
47.2
52.8
52.7
53
52.7
53
52.3
49
50
48
49.5
53.5
46.2
60.7
68.3
55.5
47.7
45
43.7
44.3
42.2
49.8
52.5
47.2
50
57.3
63.2
57.3
55.7
57.8
65.3
68.5
69.8
63.5
59
64.7
68.5
66.2
66.5
64.2
63
58.7
54.8
56.3
75.3
96.3
86.8
78.2
78
NA
100
100
93.4
97.4
100
100
100
100
100
100
100
100
100
99.3
89.8
79
70
63.2
55.7
52.3
55.7
57.7
64.4
NA
NA
98.7
100
100
100
100
100
100
100
100
100
93.5
72.3
68.5
65.8
64.8
59.5
54.2
50
48
46.8
47.8
54.3
70.3
83
90
95.8
98.8
100
100
100
100
100
100
100
93
64.8
55.3
53
51.5
48.2
47.8
43.8
42
41
41.3
50.3
67.8
76.8
82.3
86.7
90.5
87.8
90.2
91.7
95
99.8
100
100
83.2
62
55.2
51.3
48.2
45.2
46.3
44
42.5
41.8
43.3
50.5
65
75.5
81
84.3
72.8
67.2
68.5
72.7
84
93.3
98.8
100
81
64
54.8
50.8
49.3
46.7
43.3
41.5
40.3
41
42.2
53.8
67
75
79.3
84.2
87.8
90.8
93.2
94.3
99.3
100
100
100
84.2
61.2
54.3
48.5
45
40.7
37.3
33.7
30.2
29.5
28
35.8
51.2
61.8
68.7
73
75.2
78.8
76.2
81.3
84.8
86.3
85.7
86.8
69.5
51
44.3
41.8
39
36.7
37.7
33
30.2
28.2
30
38.3
51.8
61
63.7
63.8
62.7
65
69.5
71.2
75
79
82
81.8
65.5
50.2
45.3
46.3
45.2
40.7
36.3
40.2
40.8
37.8
39.3
47.3
58
66.7
71
73.2
72.7
76
79.8
81.2
84.2
84.8
83.7
84
71.2
60
55.5
55.7
55.3
52.2
49.2
47.8
45.2
46
55.7
55.8
60.3
60.2
63.2
64
79.2
84.5
67.8
60.7
75.2
78.7
80.5
69
66.8
61.8
55.8
52.5
50
49.8
47.3
44.3
46
47.2
49
49
47.7
47.3
51
55.5
63.8
67.5
73.7
79.7
80.5
75.5
75.7
79.7
68.3
61.7
54.5
52.5
54.3
45.3
43
42.3
44
45.2
46.5
51.5
61.8
67.7
65.8
71.7
71.5
70.5
72
74
76.5
73.3
76.5
79.3
75.8
61.5
65.3
68.5
59
55.5
49.7
43.8
46.2
47.8
48
48.7
57.3
68.7
66.2
69.5
75.7
79.2
79.5
83.8
85.2
94.3
98
100
79.2
54
46.2
42
38.5
36.7
33.7
31.5
29.8
29
30.7
38.2
51.2
58.7
64.2
70
76
78.5
81.3
80.8
51
42.7
53.5
64
62
51.2
41.3
36.8
37.5
38
34.8
32.7
31.8
32.3
33.8
41.8
48.5
47.5
54.7
55.8
52
52.3
53.3
54.2
51.8
56.3
68.5
73.5
59
43.3
42.5
42.5
40
35.2
34.2
31.5
32.3
32.3
34.7
38.8
44.7
46.7
44.7
45.5
45.8
49.5
53.5
54.3
58.3
66
74
78.2
64.2
52.5
48.2
44.2
39.7
37.3
35.7
36
38.7
38.8
40.8
45.2
48
47.8
47.5
47.5
46.7
46.3
47.7
48
48.2
50.8
53.2
60.7
49.2
46.7
40
39.3
36.7
36
34
34.5
35
36
38.7
41.7
44.8
45
44
47.2
51.5
53.3
54.2
58.5
72.2
64.8
61.5
50
49
44.8
46.2
48.7
57.2
55.8
47.2
42.8
44.2
44.7
47.7
51.3
59.3
61.8
63.7
67.3
69.2
74
70
68.7
70.8
74.8
78.3
81.7
75.7
59.5
52.5
46.8
45.3
41.7
39.3
37.2
36.7
38
43.5
47.5
53.2
55.3
57.8
62.8
64.5
64.5
59.7
59.3
63.8
68.3
76.2
73.8
60.7
52.8
51
53.5
62.3
67
95
90
76.3
70.2
72.8
73.5
76.3
77.2
74.5
75.3
74.5
83.7
86
94
99.3
94.2
85.3
84.2
84.5
83.7
77.5
76.5
68.2
64.2
61.8
57.8
54.5
52.3
59.5
75
83.7
69.5
72.5
78.5
76
86.3
82.5
87.3
94
99.8
100
98.8
85.5
58.8
50
50.7
50.2
45.5
44
44
47.3
50.2
50
55.2
54.5
57.3
58.5
71.3
77.2
78.5
88.2
88.5
78
66.7
51.2
58
67.2
65.7
60.5
59.2
56.7
53.3
52.2
49.2
50.7
53.8
59.3
58.7
58.3
63.2
76
87.5
91.7
97.3
91.8
87.3
91.5
99
100
100
91.3
74.8
62.2
58.3
62.8
64.3
64.3
67.5
64.8
61.8
67
58.3
59.8
63
65.7
69.2
65.5
65.3
67.7
66.7
66
64.2
65.3
73.5
77.2
67.7
50.5
43
35.3
33.5
35
31
30.3
31.3
35.5
43.8
49
61.2
62.3
66
75.3
83
89.8
93.7
93.8
93.7
97.5
100
92.5
61.8
50.2
47
44.8
45
44.2
43.2
41.2
38.7
39.3
53.2
65.3
75
80.8
85
78.2
70.2
79.3
88.5
91.8
85.7
88.3
91.2
86.8
68.2
55.2
47.8
39.7
34.8
33.5
33.8
32.5
34.7
38.8
50.5
57.5
68
75.8
79.3
62
54.5
50.5
49.7
67.3
81.2
87.7
89.2
76
64.7
47
49.3
47.2
45.3
44.7
44
42.3
45.5
51.8
57.2
57.5
57.7
58.8
54.8
52
49.3
48.5
51
55.2
53.7
55.2
56.5
57
57.3
57.7
53
50.2
48.8
50.8
47.7
48.3
49.3
53
55
52.8
51.5
53.7
59.8
60.8
58.5
56.5
55.3
55.7
57.8
61
65.7
67.7
67.5
68.5
67.7
75.8
84.2
71.5
64.7
51.2
50.5
56.3
57.8
69.7
77.5
86.7
85.7
78.2
90.3
97
99
99.8
79.3
79.7
79.5
77.3
71.7
62
50
44.5
44.3
47
47.8
51.3
50.8
55.2
61.3
69.2
67.7
70.2
83.3
89
95.7
97
100
100
100
100
100
100
76.3
58.5
52.7
48.3
42.2
38.8
37.3
36.8
40
44.8
51.7
58
62
59.7
59.2
58.7
59.5
59
59.5
72
80.5
89
97.7
96.8
65.5
57.5
53.2
51.7
47.2
44.8
46.8
45.8
46
53.5
61.8
64.2
70.7
80.2
89.5
92.5
84.2
83.8
91.5
95.2
99
100
92.3
77.3
75.5
61.8
59.8
60.7
62.5
57.8
55
51.7
54.8
62
64.2
65.5
68.3
70.7
75.7
71.2
63.8
60.5
59.8
60.8
58.2
56.3
53
51
49.2
49.5
47.2
43
41.8
40.2
41.5
39.5
43.2
46
46.3
45.5
47.7
54.2
57.8
56.2
50.5
50.7
52.2
55.2
68.8
75.5
76
74.7
67.2
48.5
41.7
40
38.8
36.7
36.7
36.8
42.8
48.7
54.8
64.2
47.5
51
57.3
50.3
49
48.8
62.8
73.5
79.7
85.2
86.5
81.5
73.3
52.7
44.8
41.5
41.5
40.5
38.8
37.5
42.3
45.3
44.2
44.3
45
45.5
46.7
47.7
51.7
56.7
64.8
62.7
79.3
87.5
92.5
97.3
79.7
68.5
62.7
55.2
51.7
50
46.2
49
54.2
59.5
66.5
71
73.3
73.7
75.5
76.8
79.3
78.7
78
79.7
80.5
75.5
77.7
79
75
67.5
59.2
58.2
64.2
70.2
73.2
75.8
75.3
77.2
81.8
94.2
100
96.2
86.5
100
100
100
100
100
100
100
100
100
100
100
96.2
88.7
85.5
74.8
71.8
65.2
69.5
82
90.2
94.3
99.2
79
75.7
77.2
87.2
89.2
94.2
96.2
93.3
92.5
91.2
86.2
80.2
71
68.7
68.8
66.2
67.8
67.3
65.8
63.5
68.2
73.8
84
96.2
100
100
100
100
100
100
100
100
100
100
100
96.5
66.8
62
59.3
57.8
57.2
57
59.3
66
75.5
84.7
89.7
92.2
93.8
93
91.5
96.5
100
100
85.7
84.7
95
100
100
98
85.2
84.3
89.8
85
78.8
80.3
84.3
96.5
100
100
100
100
100
100
100
100
100
100
100
99.3
99.5
100
100
95
83.2
76.5
71.7
68.5
64.5
62.2
67.8
69.2
79.7
78.7
85.7
99
80.5
85.5
98.7
100
100
100
100
100
100
100
100
100
78
70.3
64
60
58.2
55.3
53.7
54
61.3
73.3
79.3
87.3
93.8
99.7
100
100
86
77.3
80.5
93
99.7
100
99.8
88.3
63
56
54.7
54.3
54.7
53.5
54.5
59.5
67.5
72.3
74.8
80.8
86.8
91.2
90.3
93.2
93
95.8
96.2
98
99.8
100
100
94.5
73
64.8
63.5
58.2
55.3
58.2
60.5
64
69.5
75
79.8
85
85
82.3
82.3
80.3
79.2
82
88
84.5
89.8
94
98.3
95.7
69.3
64.7
61.7
56.2
51.8
50.7
50.2
50.3
62.8
72
85
91.8
94.8
97.8
100
100
94
68.7
70.3
69.3
71
68.7
64
57
53.3
53.3
50.5
49.8
51
51
50.8
58.7
68.7
77.3
80.2
82.3
81
82.5
92.2
100
100
100
100
100
100
100
100
100
100
98.8
90
90.3
91.5
100
100
100
100
100
100
100
100
100
99.7
99.5
100
100
100
100
100
100
100
100
100
100
98.8
89
85.8
83.7
80.8
84.2
85.8
86.8
85.5
96.5
96.5
93
89.5
88.2
87
84.3
80.8
79
78.2
79
80.8
78.8
81.7
89.2
93.5
71.3
61.8
56.3
55.7
51.2
63.7
68.8
57
59
74
87.2
80.8
88.5
82.3
78.7
80
82.5
79.5
91
94.8
79
76.8
74.3
71.3
68
64.5
65.5
65
69
76.3
92.3
99.8
96.3
79.2
84
97.8
100
100
100
100
100
100
100
100
100
99.7
69.5
61.3
57.2
54.3
58.7
63.8
66.7
78.7
86
88
92.3
97.7
99
98.2
98.5
100
100
100
100
100
100
100
100
100
100
100
99.2
96.3
97
96.5
99.5
100
100
100
100
100
100
100
100
100
100
100
100
100
100
100
100
91.2
80.7
73.7
68
66
63.3
65
66.8
80.2
88.7
98.7
100
100
81.8
77.3
69.3
54
76.7
90.7
98.5
100
100
100
99.3
63.7
57
52
49.5
48.3
45.8
46.8
51.8
73.8
85.8
90.8
95
99.5
100
100
100
100
100
100
100
100
100
100
90.2
48.7
47
43.5
42.8
40
35.3
36
41.2
65
79.2
89.2
94.2
98.5
100
100
100
100
100
99
95.2
99.5
100
100
98
67.2
54.3
48.7
46.8
47.5
48
49.2
53.5
63.7
68.7
69.2
67.5
77
90.2
93.8
99.2
100
100
100
93.2
70.7
87.5
98.8
95.8
64
59.5
56.7
54.3
53.7
52.8
52.7
58.3
80.5
91
96.7
100
100
100
100
100
100
100
100
100
100
100
100
100
90
65
60.5
57
56.2
54
55.8
67.7
73
86.5
97
99.8
100
100
100
100
100
100
100
100
100
100
100
100
100
77.5
64.5
66.7
65.5
67.8
70
78.5
89.8
98.8
100
100
100
100
100
100
100
100
100
100
100
100
100
100
87.3
60.7
54.3
47.8
51
57
53
58.7
79.5
92.3
97.2
100
100
100
100
100
100
100
100
100
100
100
100
100
100
73
60.8
56.7
62.5
66.2
69.7
74
83.8
92
94.8
96.2
98.3
99.8
99.8
98.3
96
99.5
100
100
100
100
100
93.3
98.5
96.8
92.5
96.5
96
96.8
95.2
96.7
97.3
99.3
100
100
100
100
100
100
89.5
99.3
100
100
100
100
100
100
100
100
100
99.8
93.8
91.3
95.5
99
100
100
100
100
100
100
100
100
100
100
100
100
100
100
100
100
100
81.7
70.2
64.5
65
66
68.8
71.2
87.3
98.3
100
100
100
100
94.5
76.7
86.2
99
100
100
100
100
100
100
100
78.3
67.5
61.8
57
52.7
51.2
59.7
81.2
90.2
97
100
100
100
100
100
100
100
100
100
100
100
100
100
100
75.5
62.3
55.5
54.7
53.8
54.5
64
86
95.8
99.5
100
100
100
100
100
100
100
100
100
100
100
100
100
100
68.7
59
57.5
56.7
57.5
57.2
66.3
84.2
94.8
99.2
100
100
100
100
100
100
100
100
100
100
100
100
100
100
92.5
64.2
54.7
49.5
51.7
61
67.7
80.2
83.7
84
87.2
94
99.5
100
100
87.5
91
97.5
99.7
100
100
100
100
100
93.2
76.7
72.7
70.5
64.7
64.5
71
77.3
81.5
94.7
100
100
100
100
100
100
100
100
100
100
100
100
100
100
98.3
72
65.7
58.8
57.3
58.5
64.7
81.2
95.2
99.5
100
100
100
100
100
100
100
100
100
100
100
100
100
100
79.7
62
60
58.8
58.8
57.3
70.5
87.7
98
100
100
100
100
100
100
100
100
100
100
100
100
100
100
100
90.8
60
57.2
57.5
56.2
58
68.8
87.5
96.2
99.7
100
100
100
100
100
100
100
100
100
100
100
100
100
100
89.7
58.5
55
56.2
56.5
58.7
71.2
89
97
100
100
100
100
100
100
100
100
100
100
100
100
100
100
82.2
67
64.2
62.3
62.5
61.5
62
66.3
68.2
73.3
89.2
99
100
100
100
100
100
100
100
100
100
100
100
100
100
100
78.5
64.8
56.3
51
56.2
71.3
88.5
96.3
99.5
100
100
100
100
100
100
100
100
100
100
100
100
100
78.5
70
69.8
65.3
63.7
63.3
65.3
75.7
89.5
96.5
99.8
100
100
100
100
100
100
100
100
100
100
100
100
100
100
100
81.7
61.7
60.2
61.7
66
81.3
92.2
98.8
100
100
100
100
100
100
100
100
100
100
100
100
100
100
100
100
80.8
71.3
70.5
74.2
79.5
91
99.5
100
100
100
100
100
100
100
100
100
100
100
100
100
100
100
100
100
100
100
100
100
94.2
93.5
96.8
100
100
100
100
100
100
100
100
100
100
100
100
100
100
100
98.3
92.7
90.8
88.7
80.8
79.8
85.3
90.8
96.7
100
100
99.3
99
97
94.7
94.3
94.2
97.7
99.8
100
100
100
100
100
100
99.8
87.3
82.3
79.7
79.8
81.5
88.3
96
98.3
100
100
100
100
99.3
99
99.8
100
100
100
100
100
100
100
100
98.3
91.3
85.8
83.5
86
89.7
94.7
99.2
100
100
100
100
100
100
100
100
100
100
100
100
100
100
100
100
100
100
99.8
95
94.7
97.7
100
100
100
100
97.2
92
90.2
89.8
92.5
97.7
100
100
100
100
100
100
100
100
100
99.5
95
94.8
96.2
97
97.5
98.5
99.8
100
100
100
100
100
100
100
99
93.2
90.5
95.8
92.5
94
97.3
83.7
78.7
74.3
73.8
73.7
75.5
80.2
85
93.3
93.3
91.3
92
94
95.5
99.5
100
100
100
100
100
100
100
100
100
100
100
100
100
100
100
96.2
94.7
91.2
91.8
92
96.3
99.3
90.7
93.2
92.5
93.5
88.3
89
96.3
100
100
100
100
100
89.2
78.3
71.7
66.7
70
74
81.2
81.3
68.8
62.5
69.3
71.5
73.7
70.2
66.7
60.5
59.8
57.3
54.7
55.3
54.5
54.3
54.2
58.8
68.8
66.7
71.2
78.5
81.8
77.8
81.7
91.8
98
100
100
100
100
100
100
100
100
100
100
100
100
100
100
100
69.3
55.5
55.7
54.7
56.2
60.2
66.7
77.5
86.7
92.7
96.2
97.8
99.8
100
100
100
100
100
100
100
100
100
100
100
99.7
81
73.8
74.3
76.5
77.3
81.5
93.2
96.8
99.7
100
100
100
100
100
100
100
100
100
100
100
100
100
100
90.7
58.8
65.5
66.5
68.3
73.3
80.7
90.3
93.3
97.7
100
100
100
100
100
100
100
100
100
100
100
100
100
100
76.7
41
39.5
41
41.5
43.7
56.2
69.3
79.7
85.8
92.5
96.2
98.7
99.7
100
100
100
100
100
100
100
100
100
100
100
81
74.2
70.3
70.3
73.2
80.5
92.5
97.3
99.7
100
100
100
100
100
100
100
100
100
100
100
100
100
100
100
84.2
54.2
53.5
55
61.2
69.8
80.3
NA
NA
NA
NA
NA
NA
100
100
100
100
100
100
100
100
100
100
100
87
69.7
68
68.3
71.5
84.5
95.5
99.8
100
100
100
100
100
100
100
100
100
100
100
100
100
100
100
100
100
79.2
66.3
67.7
69.5
78
86.8
94
92.2
96.3
94.3
87.3
94
99.5
100
100
100
100
100
100
100
100
100
100
78.5
67.3
68.8
69.5
70
83.2
92.8
97
99.7
100
100
100
100
100
100
100
100
100
100
100
100
100
100
100
100
91.3
86.7
91.8
96
99.5
100
100
100
100
100
100
100
100
100
100
100
100
100
100
100
100
100
100
100
100
100
100
100
100
100
100
100
100
100
100
100
100
100
100
100
100
100
100
100
100
100
96.3
70.8
74.7
76.5
79.8
82.5
91.5
99.5
100
100
100
100
100
100
100
100
100
100
100
100
100
100
100
100
100
95.7
87.3
85.7
86.3
86.8
87.5
91.8
98.5
100
100
100
100
100
100
100
100
100
100
100
100
100
100
100
100
89.3
71.2
69
68.7
73
83.3
93.5
96.8
100
100
100
100
100
100
100
100
100
100
100
100
100
100
100
100
99.7
78
68.5
61.7
66.5
84.3
94.7
99.7
100
100
100
100
100
100
100
100
100
100
100
100
100
100
100
100
100
98.5
86.2
82.3
86.7
91
97.2
100
100
100
100
100
100
100
100
100
100
100
100
100
100
100
100
100
100
100
84.7
77.7
78.3
84.2
94.7
99.8
100
100
100
100
100
100
100
100
100
100
100
100
100
100
100
100
100
97.7
83.7
80.2
81.8
88.3
96.3
99.8
100
100
100
100
100
100
100
100
100
100
100
100
100
100
100
100
100
99.2
77.5
69.3
75.3
87.7
97.3
100
100
100
100
100
100
100
100
100
100
100
100
100
100
100
100
96.2
77.7
76.5
76
74.2
74
79.8
89
94.7
94.7
92.5
96
99.7
100
100
100
100
100
100
100
100
100
100
100
100
100
82.2
66.7
68.8
71.8
81
90.5
97.2
99.5
100
100
100
100
100
100
100
100
100
100
100
100
100
100
100
100
79
75.5
80
79.7
86.3
96.5
100
100
100
100
100
100
100
100
100
100
100
100
100
100
100
98.5
79.3
69.8
64.2
56.7
56.3
62.7
74.7
82.2
86.3
93
96.8
99.8
100
100
100
100
100
100
100
100
100
100
100
100
100
79.5
64.8
63.5
66.3
71.5
79
91.7
96.7
99.3
100
100
100
100
100
100
100
100
100
100
100
100
100
100
100
100
84.5
69.2
70.2
71.8
80.8
88.2
95.3
100
100
100
100
100
100
100
100
100
100
100
100
100
100
100
100
100
77.2
67.5
70
74.2
82.3
88.3
94.7
98.5
100
100
100
100
100
100
100
100
100
100
100
100
100
100
100
100
82.5
67.2
65.8
68
78.7
90
95.3
98
100
100
100
100
100
100
100
100
100
100
100
100
100
100
100
100
100
100
100
97
95
97
98.8
100
100
100
100
100
100
100
100
100
100
100
100
100
100
100
100
98
78.8
76.2
77.7
81.3
89.5
96.8
99.8
100
100
100
100
100
100
100
100
100
100
100
100
100
100
100
100
100
100
100
96.8
95.2
98
100
100
100
100
100
100
100
100
100
100
100
100
100
100
100
100
100
100
99.3
92.7
97
100
100
100
100
98.8
97
95.5
95
96.6
99.2
100
100
100
100
100
100
100
100
100
100
100
100
87.8
75.3
77.7
81.8
87.2
95.5
100
100
100
100
100
100
100
100
100
100
100
100
100
100
100
100
100
100
100
99.8
97.2
99.8
100
100
100
100
100
100
100
100
100
100
100
100
100
100
100
100
100
100
100
100
100
100
97.5
91.5
98.3
100
100
100
100
100
100
100
100
100
100
100
100
100
100
100
100
100
100
100
100
95.2
89.2
91.2
96.3
100
100
100
100
100
100
100
100
100
100
100
100
100
100
100
100
100
100
100
83.7
71.7
71.8
73.5
81.8
89.7
95.8
99.8
100
100
100
100
100
100
100
100
100
100
100
100
100
100
100
85.5
59
56.5
54.3
60
72.8
74.3
62.5
60.7
61.2
63.8
63.5
64.2