97.4
97.4
97.4
97.4
97.4
97.4
97.4
97.4
97.4
97.4
97.4
97.4
97.4
97.1
84.9
87.9
92.7
96
97.4
97.4
97.4
97.4
97.4
97.4
97.4
97.4
97.4
93.4
95.3
95.4
96.8
97.4
97.4
97.4
97.4
97.4
97.4
97.4
97.4
97.3
97.4
97.4
97.4
97.4
97.4
97.4
97.4
97.4
97.4
97.5
97.5
97.5
97.5
97.5
97.5
97.5
97.5
97.5
97.5
97.5
97.5
97.4
96
96
96.2
96.3
97.3
97.4
92.6
94.8
97.4
97.4
97.3
97.4
97.4
97.4
97.4
97.4
97.3
97.4
97.4
97.4
97.4
90.6
89.4
91.3
93.2
88.1
94.1
97.2
97.4
97.4
97.5
97.5
97.5
97.5
97.5
97.5
97.5
97.5
97.5
97.5
97.5
97.5
97.5
97.5
97.5
97.5
88.3
78.8
85
94.7
97.4
97.4
97.4
97.4
97.5
96.5
93.4
95
97.4
97.4
97.4
97.4
96.6
94.5
96.3
97.4
97.4
97.4
97.4
97.4
96.7
94.6
93.5
94.6
97.3
97.4
97.4
97.4
97.4
97.4
97.5
97.5
97.5
97.5
97.5
97.5
97.5
97.5
97.5
97.5
97.5
97.5
97.5
97.5
97.5
97.5
97.5
97.5
96.1
96
97.3
97.4
97.4
97.4
97.4
97.5
97.5
97.5
97.5
97.5
97.4
97.5
97.5
97.5
97.5
97.4
96.8
86.8
82.9
80.8
78.3
58.5
88.5
93.6
93.2
92.2
90.3
87.3
90.6
93.2
92.9
94.6
96.7
96.2
95.1
97.3
97.4
97.4
97.5
97.5
97.5
97.5
97.4
97.4
97
96.3
95.2
97.4
97.4
97.5
97.5
97.4
96.4
94.8
97.4
97.4
97.4
97.5
97.5
97.5
97.5
95.4
96.5
97.4
93.8
87.9
82.1
76.9
72.5
72
75.5
83.9
91.8
91.4
94.7
97.3
97.4
97.4
97.4
97.4
96.4
95.2
94.1
94.8
94.1
86.7
83.2
85.2
78.9
71.4
66.4
65
66.2
64.9
67.3
78.1
89
95
97.4
97.4
97.4
96.9
94.7
92.6
94.4
93.1
93.5
94
91.6
90.4
90.9
88.1
81.1
72
64.2
61.6
60.9
60.7
65.9
80.2
92.2
95.5
96.9
97.2
87.9
88.7
90.1
76.2
85.6
86
86.6
85.8
86
87.1
86.4
83.8
68.5
61.5
61.2
58.8
57.2
63.6
70.6
81.5
90.5
92.7
93.6
86.1
85.3
84.5
86.6
85.7
86.8
85
82.7
82.5
81.5
80.3
83.6
77.6
68.7
61.1
56.2
52.4
56.9
61.5
73.3
83.2
91.1
92.1
93
90.4
91.6
87.1
85.4
75.6
75.8
77.9
77.9
81.3
81.2
79.8
79.5
75.2
61.9
59.4
55.3
56.2
57.9
63.3
66
78.2
88
88.2
84.7
84.5
82.5
80.8
78.9
77.6
78.2
71.9
69
73.3
70.9
73.4
73.2
66.9
56.3
55.8
51.4
53.3
54.9
56.4
56
65.8
77.9
83.6
82.6
84.3
82.7
81.2
80.2
80
80.5
81.3
81.1
81.8
80.1
79.5
79.4
76.5
69.6
63.5
59
58.5
57.8
57.9
59
70.4
81.8
88
89.8
90.4
91.3
90.8
92.7
92.2
92.4
93.9
94
94
92.3
93.4
92.3
92
83.5
74.8
73.9
74.5
76.1
84.8
87.2
93.6
97.5
97.6
97.9
98
98
98
98
98
98
97.9
97.8
97.7
97.6
97.6
97.6
97.6
97.6
97.5
97.5
97.5
97.5
97.5
97.5
97.6
97.6
97.6
97.6
97.6
97.6
97.7
97.7
97.7
97.7
97.7
97.7
97.7
97.7
97.7
97.7
97.7
97.6
97.7
97.6
97.6
97.6
97.6
97.6
97.6
97.6
97.7
97.7
97.7
97.7
97.7
97.7
97.7
97.7
97.7
97.8
97.8
97.8
97.8
97.7
97.7
97.7
97.7
97.6
97.6
97.6
97.6
97.6
97.6
97.7
97.7
97.7
97.8
97.8
97.8
97.7
97.7
97.7
97.7
97.7
97.7
97.7
97.8
97.8
97.8
97.8
97.7
97.5
97
94
92.6
96.4
97.3
97.5
97.5
97.5
97.6
97.5
97.6
97.6
97.6
97.6
97.6
97.6
97.6
97.6
97.6
97.6
97.6
97.5
96.9
94.1
90.9
88.7
88.3
89.9
92.4
94.6
95.9
97
96.7
97.5
97.5
97.4
95.6
96.8
96.1
96.3
97.1
97.2
97.3
95.3
94.1
94
91.6
88.1
85.4
93.8
93
91.9
95.1
97.4
97.4
97.4
97.5
97.5
97.5
97.5
97.5
97.5
97.5
97.5
97.5
97.5
97.5
97.5
95.8
91.9
90.2
87.9
85.4
85.1
85.6
88
90.6
94.8
97.4
97.4
97.5
95.4
97.5
97.5
97.5
97.5
97.4
97.4
97.4
96.2
91.6
88.9
87.8
86.3
85.7
84
84.1
85.9
85.8
86.2
87.5
91.1
91.8
92.4
90.4
92.9
90.1
88
92.1
93.1
94.1
93.6
89.5
89.3
90
88.9
90.2
83.4
73.5
72
76.7
76.2
75.1
73.8
77.5
87.3
91.5
95.8
97.1
97.2
97.4
97.4
97.5
97.5
97.5
97.5
97.5
97.5
97.5
97.5
97.5
92.5
85.3
80.2
77.2
77
79.4
82.8
86.7
94.2
97.4
97.5
97.5
97.5
97.5
97.5
97.5
97.5
97.5
97.5
97.5
96.5
89
93.5
93.1
81.2
74.5
76.4
73.7
72.1
69.8
71.7
76.9
87.4
92
92.1
92.7
93.4
94.4
94.7
96.5
96
96.6
95.4
96.2
97
97.4
97.4
96.3
87.3
78.5
74.5
75.9
76.6
76.2
78.6
82.6
91.9
96
97.4
97.4
97.5
97.5
97.5
97.5
97.5
97.5
97.5
97.5
97.4
97.4
97.3
93.7
84.1
74.1
69.9
68.5
69
72.4
75.6
84.2
92.6
95.9
97.3
97.4
95.6
92.9
97.4
97.4
97.4
97.3
97.4
97.4
97.4
97.3
97.4
96.2
88.4
81.8
77.4
80.9
85.9
88.7
92.5
96.5
97.5
97.6
97.6
97.6
97.8
98
98
98
98
98
98
98
98
98
98
98
97.8
97.6
93.7
84.5
81
79.8
77.3
78
80
79
80.5
81.9
82.8
85.6
85.6
86.2
86.8
86.6
87.2
87.3
87.6
87.8
85
85.1
84.1
79.3
76.4
74.6
73.8
76.2
77.5
81
87.2
93.5
96.6
97.2
97.4
97.4
97.4
97.4
97.5
97.4
97.4
97.4
97.4
97.4
97.4
96.6
89.8
87.4
79.6
84.5
81.5
80.1
80.4
84.1
91
96
97.4
97.4
97.4
97.4
97.4
97.4
97.4
97.4
97.5
97.2
97.5
97.4
97.2
96.5
95
92.6
89.1
86.7
86.7
85.9
90.8
94.2
97.1
97.4
97.5
97.5
97.5
97.5
97.5
97.5
97.5
97.6
97.5
97.5
97.5
97.6
97.6
96.8
79.6
69
56.5
65.1
73.3
73.4
68.7
64
73.4
77
82.6
84.9
85.9
87.3
87.2
87
89.5
89.4
89.6
89.8
91.5
90.7
90
84.8
75.2
66.4
62.7
62
66
68.7
69.6
76.4
81.5
88.8
92.5
94.5
95.8
97.3
96.8
97
97.2
97.1
96.1
94.1
92.5
90.2
89.4
81.5
73.4
64.6
61.4
62.4
61.8
59.7
62.6
68.3
79.5
86.6
91.2
92.1
94.8
94.3
93.7
94.9
95.5
97.1
97.3
97.4
97.4
97.4
97.4
92.8
79.1
69.2
66.3
63.5
64.6
65.7
65.1
65.8
73.6
81.1
85.3
87.5
86.6
90.4
91.8
94.2
94.4
95.1
95.4
95.5
96.1
94.6
95.9
89.6
77.8
68.2
68.4
70.1
67.7
65.6
67.9
72.9
81.3
87
92.5
96.6
97.2
97.4
97.4
97.4
96.4
97.4
96.7
94.5
94.2
94.8
97.3
96.5
93
81.8
76.2
73.3
70
68.5
70.4
74
82.5
87.9
92
92.1
89.8
94.4
96.8
97.4
97.5
97.4
97.5
97.5
97.4
97.4
97.3
95.4
90.3
85.4
84.2
85.2
83.4
83.7
83.1
86.2
91
91.9
89
93.1
97.4
97.4
97.5
97.5
97.5
97.5
97.5
97.5
97.4
97.4
97.4
97.4
95.9
90.5
80.9
80
78.4
72.6
74.4
76
84.1
88.5
61.7
47.6
39.7
42.1
44.5
44.6
48.1
46.8
53.9
56.8
58.4
62.6
62
58.8
53.5
45.5
44.8
44.9
44.4
43.7
47.8
48.8
57.2
63.7
63.8
64.5
69.1
67
72.1
66.5
70.9
68.8
71.4
68.5
73.4
78.5
80.7
78.2
71.5
64.7
62.4
56.5
56
56.7
58.8
65.4
67.1
72.9
75.2
81.9
84.2
56.6
40.5
39.6
41.3
45.1
56
69.2
73.3
72.6
71.4
61
50.2
45.7
45
48.6
47.9
47.3
47.3
50
55.2
63.4
68.9
71.8
74
73.6
73.2
73.9
77.2
77.7
68.8
72
76.1
78.9
75.9
70.2
61.4
56.8
59.6
60.8
60.5
60.1
60.4
62
66.3
70.5
71.2
78.2
84.5
88.1
91
93.2
94.5
95.3
95.8
96.8
96.7
97.3
94.6
89.7
81.6
75.1
71.5
72.5
68.1
67.9
68
71.2
77.2
85.4
91.8
91.8
92.5
93.4
90
87.2
84
83.8
73.6
57.4
58.8
69.3
NA
NA
43.9
43.3
41.5
42
40.5
41.7
41
41.5
47
49.9
51.9
59.4
63.9
65.7
66.4
67.4
68.2
69.4
70.7
72.4
73.6
70.7
70
61.7
54.6
47.2
45.1
44.7
45.7
46.3
47.5
49.7
55.4
59.7
62.4
61.6
59.3
63.1
69.4
77.4
81.7
83.2
83.7
84.1
86.2
85.3
84.6
74.6
65.1
56.4
55.3
54.1
54.1
54.3
55.8
57.9
64.4
70.7
78.6
80.4
81.2
75.4
80.8
83.4
85.1
85.8
86.3
87.3
88.9
88.8
87.9
80.6
70.1
65.7
67.1
66
66.1
66.9
67.3
69.1
76.4
83.2
87.4
92
94.2
91
95.1
97.4
97.4
97.5
97.5
97.5
97.5
97.5
97.5
92.7
81.6
71.4
68.2
68
66.6
66.8
67.1
68.5
72.4
79.6
82.5
82.6
87.1
88
85.1
91.6
95.5
96.3
97.1
97.5
97.5
97.6
97.6
97.5
97.5
97.4
97.3
97.4
97.4
97.4
97.3
97.5
97.5
97.5
97.5
97.5
97.5
97.5
97.6
97.6
97.7
97.6
97.7
97.7
97.7
97.7
97.5
97.6
97.6
97.6
97.6
97.6
97.6
97.6
97.6
97.6
97.7
97.7
97.7
97.7
97.8
97.8
97.8
97.8
97.8
97.8
97.7
97.6
97.7
97.8
97.8
97.8
97.8
97.7
97.7
97.7
97.7
97.6
95.7
91.9
95.9
97.6
97.8
97.8
97.8
97.8
97.8
97.6
88.4
60.6
58.6
52.6
51.3
47.3
45.5
40.7
39
37.9
37.3
36.5
38.3
39.8
39.6
40
42
44.4
47.3
56.3
59.9
64.3
64.5
62.6
58.5
56.3
61.8
68.4
64.9
68.1
64.7
55.6
50.3
45
45
45.1
45.5
45.5
47.9
48.3
51.9
59.1
65.4
67.1
61.6
65.7
73.9
72.7
78
80
83.2
84
83
84.1
82.2
72.9
63.5
59.4
58.3
60.6
59.1
58.5
59.4
59.8
65.4
70.4
78.2
82.5
77.7
84.1
85.1
87.9
89.5
90.5
90.7
90
91.4
92.4
88.2
76
64.8
61.2
59.9
58.2
56.5
55.4
54.6
56.3
62
71.6
74.4
78.6
79.3
81.3
80.5
81.8
81.3
82.2
82.3
83.9
82.4
82.9
82.1
72.6
63.6
57
56.6
55.1
54.5
52.7
51.8
55.2
60.5
67.1
71.3
75.7
78.4
79.2
74.4
74.7
73.5
75.4
77.2
78
78.7
78.1
79.1
74.3
65.1
56.6
57.6
57.4
55
54.4
55.6
58.9
65.2
71.8
74.7
77.3
76.9
78.9
83.4
85.8
84.8
86.1
86.2
85.3
86.4
83.2
83.3
82
71.2
63.3
63.1
62.7
61.6
61.3
63
63.8
66.1
72.7
77.5
83.5
86.8
88.8
90.2
90.9
90.4
91.7
89.4
92.3
88.4
92.6
90.4
85.8
83.5
84.2
87.6
86.7
84.7
90.1
95.7
90
88.2
97.4
97.5
96.9
95.2
94.1
94.9
97.4
97.2
90.5
89
93.6
94
97.2
95.1
82.3
73.1
67.6
67
67.3
67.1
67
68
68.9
72.8
81.6
86
90.1
92.3
94.4
95.3
97.2
97.4
97.4
97.4
97.4
97.5
97.5
86.6
79.6
73.7
70.8
67.7
66.5
65.6
64.4
65.3
67.3
70.3
76.3
81.4
88.5
89.8
92.9
92.8
94.3
96.1
95.1
96.1
97.3
97.4
97.4
96
83.8
68.5
62
60.1
59.2
59
57.5
57.8
61.2
66.1
75.9
80.6
81.4
86.3
84.6
87.2
88.6
90.6
89.8
81.2
87.9
91.9
90.5
87.4
73.2
67
64.8
64.3
62.7
64.2
63.6
62.9
63.6
65.5
72.4
78.7
80.9
84.2
82.4
85.1
83
82.5
89.1
86
82.6
80.7
81
79.1
71.8
57.7
56.2
55.3
56.3
54.7
54.6
55.5
56.3
59.1
67.9
68.6
65
70.9
72.2
72.1
76.4
75.1
78.1
80.7
82
83.7
84.7
82.6
73.1
67
61.1
59.3
59.6
57.4
55.6
55.4
57.2
60.8
66.8
74.2
78.3
80.3
82.9
82.6
82.9
86.1
86.5
88.6
89.8
90.7
90.4
87.1
77.8
65.5
61.1
57.8
57.3
55.9
53.7
55
56.8
60.1
67.1
72.8
74.1
74.5
79.2
81.7
84.7
84.9
86.2
84.1
84.2
83.7
82.1
76.1
69.1
57.5
55.6
52.3
53.7
54.2
53.4
51.8
52.1
53.6
58.3
62
64.2
65.8
61.2
65.7
67.2
69.6
69.8
72.9
72.6
78.4
77.7
75.5
66.3
56.3
51.5
49.4
48.3
48.7
48.5
48.5
49.4
51.8
58.3
63.9
70.2
73
68
74.1
74.8
74.9
76.6
74.9
76.3
79.5
75.6
68.7
60.1
58.3
56.8
54
52.7
53.7
51.7
50.8
48.3
46.6
46.2
48.9
45.2
45.3
50.4
49.3
45.2
53.3
57.2
60
61.9
53.8
52.7
52.7
54.2
43.9
40.1
39.1
38.9
38.4
38.4
37.2
37.3
38.4
40
41.5
44.4
45.9
50.7
54
45.9
46.4
55.5
54.5
59.2
56.3
60
61.8
67.6
68.8
66.7
64.5
62.8
61
61.4
62.5
65
67.3
70.9
73.2
75
80.9
83.4
86.8
88.6
85.4
85
86.3
88.1
87
88.5
88
82.8
74.8
69.6
67.7
55.6
40.2
37.6
35.5
37.5
37.3
37.6
39.8
50.4
74.4
77.1
83
89.1
93.5
94
95.9
96.2
88
92.2
77.7
65.6
55.4
46.2
42.1
40.8
39.8
38.6
36.9
35.5
38.3
39.9
40.2
39.5
40
40
40.3
41
42.3
51.5
86.1
87.8
82.3
75.2
60.7
55.2
63.1
67.6
61.4
62.5
61.4
62.1
60.3
60.3
62.4
66.3
72.9
76.7
75.4
74.3
73.6
78.2
83.9
88.2
90.3
92.3
92.7
92.4
87.3
77.2
71.6
67.6
63.1
61.6
58.6
57.5
58.8
58.7
60.2
63.8
68.4
75.4
73.2
77.2
71.8
81.5
83.2
85.1
84.1
82.7
83.3
84.1
73.9
72.6
70.6
68.5
67.4
65.2
64.4
63.9
63.6
63.9
64.7
65.3
68.1
69.9
72.3
77.6
82.2
90.6
95.6
93.1
95.1
97
97.5
97.4
97.2
89.3
77.9
73
70.8
71.2
74.1
79.7
79.9
79.2
80.7
81
80.8
82.5
84.5
84.5
84.7
86.4
88.4
89.4
90.9
93.4
97.3
97.5
94.2
84.5
76.6
74.4
72.2
69.1
67.1
69.7
70.1
70.2
74
78.7
81.8
84.4
87.2
90.6
91.9
95.7
97
97.1
97.4
97.5
97.5
94.9
87.4
76.5
68.6
66.6
63.3
60.6
58.9
56.3
55.2
56.3
59
64
69.9
74.9
78.5
79.5
82.8
85.2
85.4
87.5
91.5
95.6
95.3
95.3
85.4
73.5
65.5
63.7
62.2
60.4
57.9
55.4
53.4
53.3
54.3
60.7
64.8
70
73.1
75.2
78.5
81
83.1
84.6
88.9
90.2
88.7
88.4
85.2
83.3
81.1
76.2
70.9
67.3
63.5
59.7
59.2
59
45
35.5
35.5
36.9
39.7
38.9
45.1
45.2
44.5
50.6
57
58.1
50.5
41
37.8
37.3
36.9
36.6
36.2
35.5
34.5
34.8
34.7
35.1
37.1
39.5
41.1
42.1
47.8
50.1
51.3
55
56.7
52.4
51.9
49.2
52.3
52.3
51.7
49.9
47.2
47.2
46
44.2
42.8
40.9
39.8
39.8
41.7
44.5
48.6
54.8
54.2
58.5
63.6
67.1
71.1
71.8
73.4
74.7
76.9
75
63.6
52.6
50.8
50.1
48.7
47.3
45.5
44
41.8
41.2
43.9
46.6
52
53
52.5
56.3
57.3
63.2
69
69.3
69.3
60.9
65.3
63.1
61.7
57
52.5
51
49.5
48
48
48.3
48.8
49.9
51.8
56.2
57.7
58.9
58.7
59.4
66
73.1
76.4
72.7
76.2
80.7
84.3
85.8
76.1
66.7
60.4
59
56.5
54.7
52
50.3
48.9
49.3
51.6
56.4
60.9
64.1
66.8
65.9
72.9
77.3
79
81.2
84.2
85.3
86.5
85.1
74.3
63
56.4
54
52.5
49.7
48.5
48.1
47.8
46.8
41.5
40.5
40.9
41.7
43.9
51.2
52.4
54.4
56.7
56
45.6
46.9
48.9
50.8
47.5
43.5
40.2
37.9
35.6
34.6
33.9
34
33.8
34.1
35.1
35.6
36.1
40
44.7
69.1
75.8
78.1
75.8
75.4
77.9
80.3
82.6
77.2
66.1
56.9
50.3
48
49.2
49.5
49.7
48.4
47.1
47.3
48.7
50.7
53.4
55
56.3
60.6
61.9
67
73.9
78.1
78.3
81.4
82.3
77.3
64.6
57.1
50.5
41.5
37
34.9
33.9
34.2
34.2
33.7
34.9
35.4
37.5
37.9
39.3
39.8
36.4
41.6
46.6
49.6
54.9
62.9
67.4
67.9
60.8
54.6
53.4
50.8
48.9
49.7
49.8
49.7
48.6
49.1
50.7
58.4
62.5
65.7
66.1
66.1
63.6
60.4
62.5
61.9
59.7
60.5
59.8
59.9
59.8
58.6
56.6
55.5
54.8
53.7
52.1
51.2
50.7
51.4
53.1
54.5
58.9
60.6
70.1
71.7
66.9
72.5
77.3
82.1
82
83.7
85.6
80.7
67.9
55
50.1
48.4
45.5
45.7
45.9
45.3
45
45
47.1
52.6
57.1
60.9
65.2
68.4
70
73.2
73.4
75
74.1
74.5
77.1
75.8
64.1
59.4
56.4
54.2
50.6
48.3
46.9
46.2
45
46.5
49.3
54.1
57.2
65.5
67.3
68.6
67.2
74.2
77.3
77.8
79.3
81.2
83.5
82.5
70.7
61.3
59.5
59.3
57.7
55.7
54.5
53.4
55
59.7
63.3
66.9
71.4
75.1
77.8
82.6
85.4
86.1
83.3
47.1
49.8
87.6
94
86.3
66.3
60.4
60.3
61.5
59.3
55.3
52.2
50.9
50
50.8
52.5
53.9
59.6
58.7
57.3
64
67.4
69.3
75.3
75.1
75.2
75.9
78.4
74.9
61.4
49.2
47.9
46.9
46.5
46.2
45.4
44.9
45.2
45.8
47.6
49.3
53.6
54.3
56.4
59.5
59.4
67.1
73.9
77.1
78.2
80.9
85.4
85.5
78
69.7
66.2
63.1
58.6
54.3
52.4
51.8
51.5
51.8
53.8
58.2
63.9
66.7
73.4
76.3
76.2
78.8
81.6
82.6
85.4
86.6
86.6
81.6
68.9
61.6
56.9
53.8
51.1
49.6
48.2
33.1
30.7
30
30.4
31.6
33.1
39.9
36.3
43.7
77.5
87.7
80.1
75.9
81.3
85.9
90.5
83.2
65
52.4
49.3
48.6
47.5
47.2
44.6
40.5
38.9
42.9
57.9
62.9
71.8
74.7
73.7
72.4
73.7
77.2
82.1
83.8
85.5
90.4
91.2
86.1
73.9
63.1
57.4
51
47.1
45.4
44.5
43.9
43.4
44.3
46.1
47.7
54
58.5
63.6
67.8
69.7
71
72.8
73.8
75.1
76.3
74
61.1
59.7
51.9
49.4
47.3
45.2
44.1
43.9
41.5
40.3
40.2
40.8
41.8
48.3
55.3
61
63.4
60.4
65.6
67.9
69.1
71.8
73.8
74
69.4
55.6
51.2
50.3
49
48
46.6
43.5
41.4
40.5
39.9
41.4
42.4
48.2
53.7
58.2
59.3
56.7
62.7
63.8
64.3
65.8
65.8
70
67.1
70.5
72.2
74.7
77.6
81.7
74.9
72.9
77.6
89.2
97.5
97.5
97.5
97.1
96.8
89.8
89.6
94.4
97.4
97.5
97.5
97.5
97.4
97.5
97.5
97.5
97.5
97.3
91.3
82.3
73.5
70.6
72.9
70.4
71.7
74.2
74.8
74
73.9
75.4
75.5
86.3
88.4
90.9
92
93.7
95
96.2
97.4
88.6
75
72.6
67.3
63.9
64.5
63.8
63.8
64.4
65
65.3
66.5
70.9
79.3
87.5
90.9
93.3
96.3
97.4
97.5
97.4
97.4
97.5
92.8
78.1
64.6
55
50.5
47.4
46.4
45.5
44
44.6
45.3
48
48.9
54.2
62.5
67.6
61.7
63.3
73.3
67.6
67.8
70
73.2
77.5
73
58.7
53.5
50.8
49.4
48.9
48.5
47.8
47.2
47
47.7
49.4
51.7
57.4
63.6
71.5
75.7
74.1
68.3
77.3
81.7
85.3
86
85.8
77.2
66.4
60.7
58.2
56
53.6
54.1
52.2
49
48.2
49.2
51.3
55.4
59.6
64.1
66.1
72.1
79.5
84.7
83.4
83.1
85.5
88.1
88.9
85.8
80
73.7
76.1
74.2
68.2
63.1
61.3
60.7
60.9
61.5
63.4
66
69.2
72.9
78.3
78.7
83.2
92.4
NA
NA
NA
NA
NA
NA
NA
NA
NA
NA
NA
NA
NA
NA
NA
NA
NA
NA
NA
NA
NA
NA
NA
NA
NA
NA
NA
NA
NA
NA
NA
NA
NA
NA
74.1
74.8
72.2
70.8
72.7
73.6
74.2
78.5
85.5
89.4
90.2
90.9
87.9
95.3
95.7
97.5
97.5
97.5
97.5
97.5
95
88.3
84.7
82.8
81
82
78.4
73.7
72.7
73.7
76.8
77.8
80.5
90.1
96.3
97.5
97.5
97.5
97.6
97.5
97.6
97.7
97.7
97.5
90
76.5
72.9
67.7
65.6
63.3
61
59.2
58.4
63.8
77
79.3
90.1
80.4
90.6
90.5
91.7
95
96.5
94.6
97
97.5
97.3
86.8
71
61.1
57.9
57.9
56.5
54.4
51.7
60.7
58.4
55.3
54.4
56.9
68.6
78.7
84.4
86.3
86.3
89.2
89.9
92
94.3
96.3
96.3
85.7
71.3
62
61.2
59.9
60.1
58.4
57.2
56.7
56.3
56.5
58.7
61.1
69.6
77.9
83.1
82
87
90.7
91.5
93.9
94.7
97.2
96.4
86.7
74.9
65.4
59.8
57.7
54.8
52.2
49.4
46.3
44.3
41.4
42
46.1
54.6
60.2
62.8
65.9
75.1
79.8
83.6
83.5
86.5
87.7
88.4
83.3
74.6
71.9
69.5
67.4
65
62.8
60.2
60.8
60.6
60.5
63.4
69.3
74.8
81.6
87.4
88.7
88.3
87.4
90.2
92.1
96.6
88.9
81.4
87
85.1
84.2
76.8
69.9
72
69
69.4
86
81.7
86
83.8
83.6
81.3
79.7
81.9
83.6
85.1
87.9
84.8
87.4
95.9
97.5
97.5
97.4
97.5
97.4
96.8
97
97.6
97.4
89.8
92.9
97.4
96.1
90.4
85.3
95.7
87.7
90.2
94.7
93.6
87.6
84.9
84.7
84.7
85.1
83.7
86.8
81
71.3
66.5
80.1
71
63.4
70.8
82.8
82.6
77
74.2
74.3
77.1
78
78.1
79.1
76.4
75.5
76.8
80
76.7
83.9
87.8
89.6
84.1
82.4
79.9
83.3
82.1
81.9
77.2
74.3
74.5
77.7
81.3
83.1
92
97.4
94.7
97.4
97.5
96.6
97.6
97.6
97.3
97.5
97.4
86.7
74.4
65.6
62.1
60.4
56.5
58.3
54.8
56.5
64.5
68.8
72.2
92.6
91.7
93.6
88.9
85.5
86.6
84.5
84.9
83.3
83.7
88.9
95
88.8
81.8
77.2
76.8
72.4
73
67.9
68.9
67
62.4
60.4
61.7
68.2
74.4
75.9
71.6
73.5
77.5
86.3
90.3
92.2
86.1
90.7
97.5
89.6
77.5
77
74.3
72.6
70.6
67.8
64.2
62.7
63.3
63.3
66.3
69.7
89.1
95.8
97.2
97.5
88
87.8
87.1
86.7
84.4
82.3
84.9
85.6
86
84.1
86.7
95
86.3
86.5
89.8
95.6
96.7
97.2
97
96.9
97.6
97.5
97.6
97.7
97.7
97.6
97.6
96.6
96.5
97.6
97.6
94.3
94
91.1
92.7
90.8
83.3
80
78.8
76.8
75.8
76.7
78.5
80.1
89.3
92
96.9
97.5
97.6
97.6
97.6
97.6
97.5
97.4
94.2
79.4
75.4
72
64.6
62.5
59.5
56.3
53.7
49.3
49.4
50
50.8
57.4
66.6
74.6
79.1
74.3
81.2
84.7
85.6
83.7
84.6
87.7
88.9
79.2
71
63.9
57.3
55.4
55.1
53.3
52.4
56
59.8
61.1
58.9
58.7
59
59.6
60.1
61.3
62.2
63.5
75.4
82.8
87.1
89.3
90.4
81.2
71.6
64.4
61.2
58.4
58
57.5
57.3
56
55.4
55.4
64.7
62.5
59.1
64.7
65.7
66
77.1
80.5
83.8
85.1
89.2
93.1
91.4
80.5
69.9
64.6
59.2
58.4
56.2
54.2
54
51.4
52.1
52.8
60.3
66.3
70.6
71.2
72.8
72.8
73.5
77.2
84.1
90.8
91.9
92.3
92.3
82.5
64.9
60.8
58.2
56.2
56.9
56.7
55.4
54.5
56.5
58.1
76
65.8
71.4
77.3
79.6
88.2
94.3
97.1
97.4
97.5
97.5
97.6
95.2
86.5
77
73.6
70.3
68.7
66.6
64.5
61.9
60.3
60.4
60.5
61.5
64.9
68.3
74.2
83.8
88.1
94.8
95.4
93.6
95.2
95
93.2
92.6
86.8
86.1
85.2
73.5
76.7
67.6
62.7
60.7
60.8
61
63.4
64.1
68.6
75.1
70.1
73.9
76.6
70.9
73.8
78.9
85
77.4
85
82.4
76.7
69.7
63.5
61.5
60.5
60.7
57.6
57
57.3
59.1
58.4
55.7
68
73.4
76.8
74.4
78.2
87.5
90.4
94
93.9
85.2
86.1
81.8
71.1
66.8
69.3
66.7
63.1
58.9
53
44.2
40.1
39.5
40.5
41.8
45.7
56.6
59.1
73.6
81.3
85.7
89.4
91.1
94.9
93.5
87.4
89
82.4
77.3
71.2
68.8
64.4
62.8
60.8
60
58.8
57.2
57.2
59.2
62.9
68.1
73
75.2
82
87
89.9
92.4
93
84.6
87.3
93.2
85.8
76.8
71.1
67.9
65.9
65.4
61.7
59.4
58.7
57.5
56.9
59.4
60.7
61.8
62.8
71.2
74.9
76.7
80.7
78.6
83.2
86.4
83.6
86.9
88.4
87.6
84.8
79.1
77.3
69
64.4
67.2
68.9
70.8
72.2
72.8
77
82.2
84.2
89.8
96.2
NA
NA
NA
NA
NA
NA
NA
NA
NA
NA
NA
NA
NA
NA
NA
NA
NA
70.4
71.6
72.7
80.4
85
94.9
97.3
97.5
97.5
97.5
97.5
97.4
97.4
97.5
92.1
88.3
83.4
77.6
74.2
NA
NA
NA
NA
61.7
61.9
63.5
65.7
74
78.1
78.5
83
82.4
88.9
95.1
96.5
94.1
97.1
95.8
91.4
77.2
74.8
68
65.5
64.1
62.1
60.4
61.6
62.1
62.6
66.2
70.1
72.1
74.8
74.2
68
65.6
64.6
67.6
67.8
68.2
70.4
68.2
64.1
60.4
61.7
60.4
56.1
54.3
52.8
NA
51.4
50.8
51.3
51.4
52.2
55.1
60.7
66.8
71.5
64
72.6
78.3
82.4
81.2
79.9
79.1
73.1
63.6
57
54.3
54.1
51.9
51.6
51.1
50.8
50.9
50.4
51.6
53.5
56.3
60.3
66.6
72.7
70.8
78.3
85.6
88.4
90.5
93.1
88.6
77.5
68.3
64
63.1
62.1
58.8
59.8
62.2
63.3
63.7
65.8
66.5
67.4
66.9
66
67.3
63.9
74.1
82.3
85.4
87.3
79.8
83.1
96.9
NA
NA
NA
NA
NA
NA
NA
NA
NA
NA
NA
NA
NA
NA
NA
NA
NA
NA
NA
NA
NA
NA
NA
NA
NA
NA
NA
97.5
94.3
NA
NA
NA
NA
NA
77.3
77.7
81.2
84.8
87.9
90.9
94.5
97.5
97.5
NA
NA
NA
NA
NA
NA
NA
NA
NA
NA
NA
NA
NA
NA
NA
NA
NA
NA
NA
NA
NA
NA
NA
NA
NA
NA
NA
NA
NA
NA
NA
NA
NA
NA
NA
NA
NA
66.8
65.7
65.2
66.8
70.3
74.3
79.1
81.4
81.2
87.7
88.9
88.5
91.5
93.7
95.1
97.7
NA
NA
NA
NA
NA
NA
95.9
94.4
96.6
97.4
97.6
97.7
97.6
97.6
97.6
97.9
97.8
97.8
98
98
98
97.9
97.8
97.5
92.7
87.4
83
80.1
78.5
77
72.6
72.3
71.2
70.9
71.3
74.1
76.9
85.2
92.4
97.5
97.6
97.6
97.7
97.7
97.8
97.9
97.9
98
97.2
87.1
77.4
74.9
71.1
72
70.5
69.1
68.6
67.8
71.7
72.1
74.5
79.5
84.7
89.9
95.4
97.4
87.8
91.6
93.2
97.4
97.6
97.5
95.6
93.4
97.6
94.2
80.3
72.4
69
69.5
68.5
67.5
68.9
73
75.4
80.5
90.2
91.6
95
92.7
95.4
97.2
97.3
96.6
96.4
97.6
95.5
88.9
83.9
78.3
74.5
72.2
72.3
71.7
69.4
67.4
68.4
70.1
73.4
77.3
84.6
82.8
87
84.8
93.5
95.9
94.7
97.1
96.6
95.2
93.5
83.4
71.4
67.7
64.9
61.6
60.5
60.4
59.8
60.3
60.6
62.8
66.6
77.8
84
81.8
90.2
84.3
86.6
91.2
95.8
97.5
97.5
96.7
90.6
85.8
76.9
74.9
68.4
65
63.2
62.2
59.2
56.6
57.8
61.3
65.8
75.6
81
80
82.8
78.9
77.5
82.1
87.3
91.4
93.9
97.3
89.3
84.5
79.2
73.8
70.5
66.6
66.7
67.3
67.4
67.2
69.2
68.8
67.3
77.6
83.1
87.3
83.5
85.4
81.2
84.9
87.8
92.7
97.5
97.2
96.4
94.8
97.5
89
72.3
69.1
67.5
65.9
63.4
64
73.8
76.9
77.5
82.7
94.2
91.9
96.7
97.6
97.4
97.6
97.8
97.8
97.7
97.6
93.3
86.9
94.8
97.5
97.7
97.8
98
97.8
96.9
91.6
85.3
82.4
88.1
94.8
97.5
97.6
97.6
97.7
97.6
96.8
97.6
96.9
94.3
92
84.4
77.4
76.2
69.8
63.3
66.1
69.4
68.3
67.7
66.7
66
67.2
69.6
76.9
85.7
96
96.4
96.3
95.5
94.7
97.6
95.6
94.5
92.4
89
97.9
97.4
96.5
89.7
75.7
70.5
65.6
66.2
71.3
82.1
85.9
97.5
97
92.3
84.9
94.5
93.1
97.3
97.6
97.6
97.6
97.6
97.7
95.7
85.3
79.7
75.7
74.8
71
69.3
74.5
75
69.3
67.1
68.5
70.9
80.1
93.7
96.4
96.6
95.9
97.4
93.8
94.2
95.5
86.4
84
83.1
83.6
78.5
72.6
76.5
75.4
75
70.8
69.4
72.4
74.5
72.2
80.9
80.2
88
92.8
89.3
91
95.7
97.3
97.5
96
92.3
96.2
97.6
97.7
97.7
97.6
97.6
97.6
97.7
97.8
98
97.8
97.8
98
97.8
97.6
98
97.9
98
98
98
98
98
98
98
97.9
97.7
96
83.4
77.7
73.7
70.2
68
64.3
59.1
56
56.8
57.3
60.6
71.3
79.1
87
90.9
94.3
96.3
97.5
97.6
96.5
96.8
94.6
92.7
87
84.3
77.2
69.1
69.2
69.3
71.3
70.6
70.9
71.2
75
78.3
79.3
78.6
78.3
79.4
78.9
80.2
86.3
85.1
82.7
79.8
78.4
80.1
82
80.3
76.8
75.8
73.7
78.2
89.4
98
97.9
97.4
97.6
96.8
97.5
97.7
97.7
97.7
97.7
97.8
98
98
97.9
97.7
96.1
91.1
85.5
75.5
75.1
73.1
68
63
60.9
55.8
53.5
56.6
55.7
57.5
64.3
74
74.4
76.6
82.6
86.2
88
90.1
93.3
97.1
87.6
83
77.4
75.6
72.3
70.9
69.7
67.7
63.9
59.7
62.2
69
90.5
83.9
80.6
92.7
96.9
97.6
97.7
97.8
97.9
97.9
98
98
97.7
88.6
77.3
71.1
65.5
65.3
62.5
63.2
61.1
63.2
62.4
65.3
66.9
66.8
72.3
75.9
77.6
82.3
88
96.8
97.7
97.6
97.5
94.6
93.3
94
94
92.6
89
86.1
83.9
83.2
83.8
84.6
90.1
96.1
97.7
97.7
97.9
98
98
98
98
97.9
97.8
98
97.8
97.7
97.7
97.7
97.8
97.8
98
97.9
97.9
97.9
97.7
97.5
97.4
97.5
97.5
97.3
94.9
94.2
95.5
96.8
97.3
98
97.6
97.5
95.8
93.8
97.5
97.8
97.8
98
98
96.4
93.7
84.1
97.7
98
97.8
97.5
97.2
97.8
97.6
97.2
97.1
94.6
96.3
95.7
97.6
97.7
97.3
97.7
97.8
97
97.6
97.7
97.7
97.7
97.8
97.9
97.7
95.3
80.4
72.6
73.6
79.6
88.8
89.8
92
80.2
77.8
84.4
82.5
80.9
81.1
81.7
84.9
82.8
85.7
77.6
71
69.4
68.3
65.4
65.1
69.4
73.6
78.2
80.8
79.2
88.8
95.7
97.5
97.3
97.7
97.8
97.7
97.7
97.8
97.8
97.8
95.2
86.8
82.3
75.7
70.9
70.5
71.5
68.6
68.2
64.6
63.5
66
70.2
82.4
89.7
95.4
97.3
94.9
92.3
93.4
94.2
92.4
97.7
97.6
93.3
91.5
84.3
79.8
79.1
72.5
69.4
70.6
72.1
74.1
75.6
80.1
82.8
80.4
93.5
97.4
97.5
97.5
97.6
97.6
97.7
97.6
97.6
97.6
97.6
95
97.5
87.8
82.1
82.8
78.7
75.3
74
69
70.6
71.9
80.7
84.9
92.7
94.4
97.3
97.5
97.5
97.5
97.5
97.5
91.6
90.6
89.6
85.4
79
78.5
77.8
74.9
71
65.8
64.6
66.9
86.8
85.7
75.5
76.1
78.7
76.9
78.8
90.1
93.5
87.1
88.2
97.5
97.1
97.6
97
97.7
97.2
97.6
97.3
91.8
91
96.8
97.9
97.8
97.6
97.7
97.8
97.9
98
98
98
98
97.9
97.9
97.9
97.8
97.7
97.5
95.4
86.6
80.6
80.3
75.9
73.1
73.7
70.5
67.5
61.8
50.4
51.1
52.6
60
60.6
55.3
69.1
56.5
67.2
59
55.7
66.1
67
69.7
65.5
62.4
57.1
54
51.1
50.6
47.7
49.4
49.3
49.1
50.1
63.7
65
70.7
67.8
65.9
67
72.3
78.5
80
78
88
85.2
81.2
71.6
64.7
60.7
53.5
52.1
54
54.6
54.1
52.7
54.1
56.1
58.2
59.7
69.8
78.7
87.4
90.8
91.3
94.2
96.8
97.2
97.3
97.5
96.1
84.5
72.9
63.1
61.7
60.1
57.3
56.8
54.3
54.4
54.2
56.1
60.1
61.7
68.5
79.7
83
76.5
73.6
84.2
89.9
89.8
90.7
94.6
92.3
96
97
97.8
97.7
97.4
93.7
87.4
78.7
71.6
63
64.5
70.6
80.4
74.9
82.7
83.3
88.8
86.6
93.5
97.6
97.7
97.7
97.7
97.1
87.7
79.8
74.4
70.1
69.1
67
67.1
66.6
67.9
69
69.1
67.9
69.9
75.9
85.2
90.5
85.8
89
97.4
94.7
97.5
97.6
97.6
97.7
95.1
85.4
76.4
73
70.7
70.7
70.7
67.6
66.2
65
67.9
71.2
72.6
84
96
97.6
97.6
97.7
97.8
97.7
97.7
97.7
97.6
96
95.7
87.6
77.7
75.5
73.8
71.5
70.9
69.8
70.1
69.4
69.4
70
69.3
79.4
91.4
94.3
95
97.4
97.5
97.6
97.7
97.6
97.6
97.6
97.6
87.5
79.9
78.6
76.7
74.7
74.1
74.1
71.9
70.9
76.4
89.6
91.8
97.2
92.7
97.5
97.5
96.2
97.7
97.9
98
98
97.8
94.5
86.6
84.6
79.7
75.6
76.3
70.6
70.3
67.2
65.1
67.6
71.9
75.6
77.4
84.7
92
93.9
96.2
97.6
97.7
97.8
97.8
97.8
98
97.8
97.4
92.1
75.1
70.1
66.8
65.4
64.6
65.4
63.8
63.3
64.5
67.2
71.1
79.2
92.6
97.4
96.5
97.6
97.5
97.6
97.6
96.7
97.6
97.6
97.2
89.6
81.5
75.7
72.2
76.1
77.5
72.6
72.3
71.8
76.3
80.7
78.6
97.4
97.8
98
97.8
97.7
97.8
98
98
98
98
97.9
97.6
97.4
89.5
86.3
85.7
84.8
75.9
63.2
57.7
54.8
57.6
58.2
67.4
71.2
79.8
87.4
95.6
97.6
97.2
97.5
97.6
97.3
97.6
96.5
97.3
80.3
76.7
73.3
63.2
55.7
53.1
51.2
52.6
51.8
50.6
50.7
57.5
58.6
50.4
59.2
65.7
70.4
68.8
65.5
64.2
66.9
65.5
69.3
69
68.4
63.4
57.5
60.1
59
56.8
55.8
53.9
53.8
53.6
56
61.7
68.7
73.3
75
75.4
79.6
82.3
90.4
88.4
94.4
92.3
91.2
91.2
77.9
66.4
63.3
62.7
59.9
62.4
58.6
55.4
58.1
58.7
59.8
63
73.2
79.6
85.2
86.7
84.5
97.1
95.4
97.5
97.5
96.7
96.9
87.5
76.3
68.8
65.4
65.7
64.9
60.9
59.5
57.9
56.6
55.4
59.2
64
72.8
83.3
89.5
95.6
93.7
97.4
97.5
97.6
97.5
97.6
97.5
95.7
85.2
75.2
71.3
69.4
67.3
66.4
63.6
64.6
64.8
66.9
69.8
81.5
93.1
96.5
97.4
97.5
97.2
96
95.5
93.5
97.5
97.4
97.6
97
89.9
83.8
89.8
80.9
77
74.7
73
67
69.3
70.3
71.8
77.1
85.1
91.6
89.3
96.7
96.3
97.2
97.6
97.6
97.1
97.6
97.6
96.9
87.3
81.5
78.6
74.7
74.2
70.7
66.2
63.3
57.9
54.7
51.7
53
53
55.8
67.6
77.1
72.5
76.7
78.8
75
81.2
83.2
86
75.3
72.8
71.2
67.3
62.6
59.4
58.2
61.9
66.8
70.8
70
70.6
76.1
84.5
73.1
69.2
74.4
63.9
61.8
71.2
72.1
81.3
85.4
89
82.9
72.7
61.5
60.1
60.7
61.2
62.9
63.9
62.9
62.6
63.8
65.2
70
74.9
82.5
89.3
91.7
97
96.2
97.6
97.6
97.7
97.1
96.2
89.6
90.4
78.3
58.4
57.8
60.7
59.5
58.2
59.8
58.4
60.3
62
67.4
73.3
83.4
84.6
85.8
87
88.8
96.2
97.6
97.5
97.6
97.6
94.4
89.3
84.7
76.1
70.5
69.1
80.2
78.4
87.9
85.7
80
72
79.1
85.3
93.6
96.8
89.3
89
97.4
97.6
97.6
97.6
97.7
97.7
93.8
81.5
71.3
70.3
67.3
64
63.5
62.8
64.6
66.5
67.2
68
70
80.8
91.1
96.5
97.3
97.6
97.3
97.6
97.7
97.7
97.6
97.6
97.1
89.2
77.2
68
66.2
67.9
64.5
65.6
66.6
66.3
67.8
74
78.7
85
86.4
88.3
92.1
96
97.2
94
88.2
88.2
86.7
86.7
84.5
87.1
80.9
85.2
84.1
82.4
79.9
79.1
74.2
70.8
74.5
75.6
77.2
81.8
92.7
93.2
89.7
91.9
93.9
96.6
97.2
97.6
97.7
97.6
93.4
82.3
72
70
67.5
64.7
64.1
61.1
60.6
62.2
64.3
68.6
73
78.3
85.9
92.6
90.7
91.7
96
90.3
78.3
85.4
88.8
92.9
85.9
81.4
71.6
69.3
69.8
62.2
60.5
61.1
62.1
62.2
63.3
67.1
72.6
82.2
90.2
97.2
97.5
97.5
97.1
95.8
94.5
97.6
97.7
97.7
97.6
95.2
85.9
74.1
70.6
68.6
67.7
67.1
67.2
66.6
67
71.3
79.8
86.5
94.4
97.5
97.6
97.6
93.7
95.4
97.5
95.2
95.5
97.6
96.5
87.3
78.7
73.5
72.5
73.2
69.5
66.9
64.5
66
69.6
74
79
84.1
91.3
95
92.7
91.1
95.8
91.5
96.5
97.5
98
98
98
97.8
97.7
96.4
84.5
80.7
75.6
77.6
77.9
75.3
75.4
84.1
90
97.1
98
98
98
97.8
97.8
97.9
98
98
98
98
98
98
97.7
97.5
97.1
97.8
98
97.7
86.2
74.8
77.5
83.5
91.4
97.8
98
97.9
98
98
98
98
98
98
98
98
97.9
97.9
97.1
87.8
82.2
79.5
79.2
76.5
74.3
74.8
74.4
78.4
87
93.4
97.6
97.8
97.8
97.7
97.8
97.9
97.9
97.9
98
98
97.8
97.5
90.5
83.8
81.4
78.8
78.7
76.8
74.3
75.7
80.9
83.9
87.3
93.7
97.5
97.4
96.3
96.8
97.6
97.7
97.7
97.9
96.5
93.1
89.4
92.2
80
66.4
60.3
60.6
60.7
62.2
62.7
63.7
64.8
69.3
73.2
81.7
85.3
91.8
85.2
89.8
91.1
91.3
94
94.8
97.6
97.5
95.2
84.5
74
74.6
71.3
67.4
67
65.6
64.1
65.7
67.8
68.9
70.2
79.1
92.5
96
96.1
92.2
95.7
93.6
95.7
95.2
97.6
97.6
95.2
82.4
77.5
69
63.7
60.6
62.9
64.5
64.2
63.6
64.6
67.1
69.5
79.8
89
95.7
92.2
94.9
97.4
97.1
95
91.3
97.6
97.6
95
82.6
78
70.3
65
64.3
63.9
63.2
63.4
63.2
63.1
64.4
72.2
84.5
90.8
82.9
88.5
93.4
96.7
97.6
97.6
97.7
97.7
97.7
97.4
86.9
80.7
70.1
66.2
63
61.5
62.5
63.8
64.1
64.9
68
76
84.9
96.3
97.3
96.6
97.6
97.6
97.6
97.7
97.8
97.8
97.8
97.6
91.5
83.4
76
72.9
70.6
69.3
69.7
70.5
69.5
68.2
71.3
77.3
86.4
91.1
97.5
79.3
71.2
66.8
80.4
84.6
85.5
96.7
96.4
94.4
92.9
88.9
77.5
73.4
70.5
69.6
67.5
66
70.5
75
77.7
81.6
92.3
95.7
95.6
95
96.5
97.9
97.8
97.9
97.7
97.8
97.6
98
98
97.8
97.6
97.6
97.5
96.3
88.9
88.1
95.4
96.7
97.8
98
98
98
98
98
98
98
98
98
98
98
98
97.9
97.1
91.6
91.5
82.8
80
78.4
77.6
75.6
74.9
73.7
76.6
82
96.2
97.6
97.6
97.6
97.6
97.7
97.9
97.9
97.7
98
97.9
97.7
97.1
88.4
79.1
80
77.8
76.1
76.2
84.3
93.2
79.7
86.3
92.2
94.8
97.2
95.7
95.5
96.6
97.7
98
98
98
98
98
98
97.9
97.6
84.4
76.2
73.5
71.2
73.7
72.6
73.3
87.5
94.8
92.8
97.4
93.1
96.8
96.2
97.7
97.9
98
97.9
97.8
96.9
98
97.8
97.1
91.2
74.6
72.3
70.4
72.1
71.5
70.4
73.7
84.5
79.2
80.3
82.4
79.9
83.4
97
97.3
97.4
97.7
97.6
97.7
97.9
97.8
97.7
91.1
82.3
73.1
65.8
62.3
62.9
64.1
64.7
65.7
66.9
70.5
86.1
94.7
97.6
97.7
97.7
97.6
97.6
97.8
97.8
97.8
97.8
97.8
97.6
88.9
80.5
72.7
70.2
69.2
67.5
65.8
65.9
66.9
68.4
70.3
82.3
93.4
97.5
97.4
97.6
97.7
97.7
97.7
97.8
97.9
97.8
97.9
97.8
96
84.7
76.1
73.5
76
71.7
68.6
68.2
68.5
69
80.1
96.6
97.5
97.2
97
96
97.5
97.2
95.5
97.5
97.8
98
97.9
97.7
95.9
84.5
72.6
64.6
63.7
64.1
63.8
64
65.6
65.7
69.9
82.3
88.4
97.1
97.6
97.7
97.5
97.8
97.8
97.8
97.9
97.9
98
97.7
94.5
83.8
72.7
72.3
69.9
69.9
69
67
68.9
76.3
86.3
85.5
96.6
97.4
97.6
97.5
97.6
97.6
97.6
97.6
97.7
97.7
97.8
97.7
97.3
96.6
83.5
74.8
74
68.6
64.4
79.3
81.9
86.4
84.6
90.8
90.5
97.3
97.5
96.3
97
97.5
97.7
97.6
97.6
97.8
97.7
97.6
96.8
97.6
97.7
97.6
97.8
97.9
97.6
93.9
93.5
93.1
92.5
87.7
93.1
96.9
94.2
96
97.6
97.3
69.4
63.8
76.8
78.5
87.3
94.8
82.5
75.4
62.3
55.1
50.3
48.7
47.9
47.5
45.7
44.7
45.7
46.6
46.8
48
50.1
46.5
45
45.1
47.5
55.4
59.5
64.9
73.6
71.2
62
67.4
57.8
54.1
52.6
53.4
54.5
51.8
51
53.4
60.3
66.9
70.5
82.7
85
84.8
94.1
95.5
97.4
84.6
91.9
93.3
97.3
94.3
81.3
69.5
61.8
62
60.4
57.9
56.7
57.2
56.9
57.5
62.3
74
87.1
92.9
97.4
97.5
97.3
97.6
97.7
97.7
97.8
97.9
98
97.7
90.4
76.6
68
66.5
65.7
64.6
64.5
65.3
66.2
68.8
73.1
82.8
92.7
97.6
97.4
96.1
97.6
95.8
96.6
97.6
97.7
97.9
98
97.9
96.4
86.4
74.8
69.9
69.5
70.7
73.1
72.1
75.6
75.8
81.7
89.7
97.5
97.7
97.9
97.8
97.9
97.9
97.9
98
97.6
97.8
97.8
97.7
97.5
93
84.9
76.5
73.1
70.8
68.4
68.9
69.5
74.3
81.4
93.3
97.6
97.7
97.6
98
98
98
98
98
98
98
98
97.9
95.8
84
73.5
74.2
72.2
70.8
67
67.6
66.6
67.1
75.1
86.5
94.7
96.9
97.7
97.7
97.7
97.8
97.9
97.5
97.8
97.9
97.9
97.7
97.5
90.5
76.7
70.9
67.3
67.4
67
64.7
59.3
62
69.6
84.7
93.2
95.3
95.8
96.7
97.6
97.4
97.6
97.6
97.6
96.9
97.8
97.8
96
85.8
76.1
72.9
69.6
68.1
66.7
68.1
67
68.5
75.6
88
97
97.1
97.6
97.7
97.7
97.6
97.7
97.9
98
98
98
97.9
97
84.3
80.4
72.5
69.6
68.1
66.9
65.9
67.7
69.4
74.2
75
78.8
83
83.1
82.7
88.4
90.9
97
98
98
97.9
97.9
98
97.7
96.4
83.4
78.4
74.8
72.5
70
70
70.6
72.8
77.7
94.5
97.6
97.8
97.5
97.9
98
98
98
98
98
98
98
98
97.6
91
78.3
74.9
71.7
70.4
67
63.8
63.8
66.8
70.1
78.9
96.2
97.6
97.7
97.9
98
98
97.7
96.8
90.5
85.6
65.8
79.5
66.9
63.6
67.7
66.2
64.9
60.5
56.9
52.3
51.7
55.4
65.7
72.5
87
84.9
80.3
89.1
85.5
92.9
97.6
97.6
97.3
97.6
97.7
97.7
96.9
91.1
94.5
97.6
89.9
80.5
76.3
73.4
72.3
74.6
86.2
96.9
97.6
97.8
98
97.9
97.4
97.6
98
98
98
98
97.9
98
97.6
97.5
96.8
92.3
81.5
81.9
75.1
71.4
74.8
77.4
82.6
97.2
97.6
97.6
97.4
97.6
97.7
97.6
97.2
97.7
97.8
98
97.9
98
98
97.9
97.6
97.6
97.6
97.6
97.7
97.7
97.7
97.7
97.6
97.8
97.8
98
97.8
98
98
97.8
98
98
98
97.9
97.9
97.9
97.8
97.6
97.5
97.6
97.5
94.9
91.9
89
82.8
80.5
90.1
95.6
94.5
95.9
97.6
97.6
97.6
97.7
97.7
97.7
97.6
97.2
97.6
96.8
96.5
90.3
81.8
74.7
72.3
70.5
66.4
66.3
65.4
67.7
77
94.8
93.1
96.8
97.6
97.6
97.8
97.8
95
97.3
97.7
97.7
97.7
97.6
91.8
75.5
65.5
66
65.4
64.6
64
61.9
61
63.3
69.7
85.5
96.6
97.6
97.6
97.7
97.7
97.7
97.7
97.8
97.9
98
98
98
95.9
84.2
75.1
70.9
67.6
66.2
64.1
63.2
62.8
65.6
75.1
86.5
97.5
97.6
97.7
97.7
97.8
98
98
98
98
98
98
98
97.4
85.6
73.9
68.5
66.4
63.9
58.7
56
57
55.9
61.1
77
93
95.7
97.4
97.5
97.6
97.6
97.6
97.7
97.7
97.7
97.8
97.7
94.1
78.2
69.1
63.8
62.6
60.5
59.5
59.1
58.8
62.4
73.5
83.2
93.6
97.2
97.5
97.6
97.6
97.6
97.7
97.7
97.8
97.8
97.8
97.8
96
81.4
71.2
67.6
65.2
63.1
61
61.2
58
61.1
66.2
76.1
80.2
96.2
91.4
97.4
97.6
96.9
97
97.6
97.6
97.6
97.7
97.8
96.7
89.8
84.1
82.4
80.2
77.1
73.7
73.1
73.6
77.5
88.6
90.9
97.6
97.7
97.6
97.6
97.6
88.7
85.5
91.9
97.3
97.8
97.9
97.7
96.5
85.5
66
63.5
63
63.4
62.7
63.3
64.5
67.5
70.2
86.5
97.3
97.6
97.6
97.4
97.6
97.6
97.6
97.6
97.7
97.8
97.7
97.7
96.9
91.6
83.8
79.2
74.7
72.5
74.3
74.9
76.9
78.4
89.5
96.8
97.7
97.7
97.7
97.8
97.7
97.7
97.8
98
98
98
98
98
97.8
94.4
80.6
74.5
71.2
70
65
65.4
63.1
67.4
84
93.7
97.5
97.6
97.7
97.7
97.6
97.6
97.8
97.7
97.7
97.8
97.9
97.9
97.3
86.3
76.1
74.9
72.4
72.3
69.2
67.7
67.3
70.7
78.1
92.1
97.5
97.7
97.7
95
86.9
95.8
95.8
96.9
97.1
97.5
97.5
97.3
96.6
89.5
78.6
74.7
72.7
68.2
66.2
63.4
63.2
65.8
75.9
92.8
97.5
97.6
97.7
97.6
97.8
97.8
97.9
98
98
98
98
98
97.7
88.9
77.6
73.7
72.3
69.2
66.2
64.9
64.6
68.7
82.7
94.6
97.6
97.6
97.7
97.8
97.8
97.9
98
98
97.7
97.7
97.8
98
97.7
94.6
80.6
74.3
72.8
70.6
68.2
68.7
71.6
74.6
84.7
95
96.7
97.5
97.6
97.6
97.6
97.6
97.6
97.2
97.7
97.8
98
97.7
97.8
97.6
88.9
77.8
74.7
70.9
68.1
68.6
69.1
73.4
87.3
96.2
97.7
97.8
97.9
98
98
98
98
98
98
98
98
98
98
95.8
81.4
73.4
72.2
71.4
69.9
68.2
69.1
73.1
89.4
96.4
96
97.6
97.8
97.6
97.9
98
98
98
98
98
98
98
97.9
94.7
75.4
68.4
67
63.9
60.4
57.8
57.6
59.6
68.5
86.3
96.6
97.7
97.8
98
98
98
98
98
98
98
98
98
97.9
92.1
74.4
74.5
67.3
61.5
59.1
61.7
61.6
63.5
71.9
80.7
78.3
81.2
80.4
81.4
84.1
91.2
74.2
72.2
59.2
69.9
73.4
72.3
65.3
81.5
73.8
73.3
68
60.6
55.1
52.8
51.1
52.8
56.5
58.9
75.3
93.3
96.2
96.9
97.6
97.6
97.6
97.5
97.2
97.2
96.9
96.2
95.7
87
76
75.9
73.6
72.1
73.1
72
70.2
71.8
78.1
87.7
95.2
97.4
97.6
97.7
97.8
97.7
97.8
97.9
98
98
98
98
97.6
92.7
79.8
74.8
72
68.8
66.3
64.6
63.8
69.8
81.6
91.9
97.5
94.6
96.1
97.6
97.5
97.6
97.6
96.6
97.3
97.5
97.8
97.7
97.4
90.3
81.1
78.2
74.7
69.6
66.9
65.4
65.1
74.8
87.2
97.5
97.7
97.9
97.9
97.8
97.8
97.7
97.7
98
98
98
98
98
97.9
97.8
97.6
97.7
98
97.8
97.6
97.9
97.9
98
98
97.8
97.9
97.7
97.9
98
98
98
98
97.9
98
97.9
98
98
98
97.6
97.6
95.8
90.8
90.9
87.3
80.5
81.4
88.3
97.1
97.8
98
98
98
98
98
98
98
98
98
98
98
98
97.9
97.6
96.6
91.8
84.3
80
78.3
77.8
82.5
88.6
97
97.6
97.7
97.9
98
98
98
98
98
98
98
98
98
98
98
97.8
97.6
97.5
97.4
97.5
97.7
97.9
97.9
98
98
98
98
98
98
98
98
98
98
98
98
98
98
98
97.9
86.4
61.8
48.9
40.4
39.2
38.4
37.9
38.5
42.2
52.5
61.5
64.7
64.9
72.9
68.4
66.9
78.4
79.9
90.6
97.4
97.6
97.8
97.8
97.6
95.6
79.8
76.3
69.3
66.3
48.3
42.3
45.5
45.3
50.2
53.1
48.9
43.6
41.2
40.7
41.1
42.7
42
43.1
52
47.5
56.9
58.9
54.9
53.5
50.1
44.9
44.6
43.1
41.3
41.1
41.4
44.3
54.7
61.3
58.6
63.5
70.4
77.7
78.6
77.9
83.2
83.6
92.7
96.8
96.9
97.5
93.4
72.3
65.1
59.9
53
43.4
40.7
40.8
38.7
40.4
42.3
41.7
42.9
43.3
44.9
45.4
47.9
61.7
59.2
57.2
58.8
59.9
65.6
57.9
64.4
62.9
52
50
48.7
47.7
47.6
50.2
52.1
59.1
69.6
74.9
79
82.7
86.5
83.2
85
82.6
84.4
82.4
85.3
87.4
83.3
85.2
79
68
65.8
64.6
61.1
57.7
57
56.8
58.5
61.6
76.5
84
91.2
94.9
95.1
89.6
96.9
97.5
94
97.5
97.5
97.6
97.6
97.5
96.6
89.8
85
72.5
66.9
65
65.1
68.8
69.9
74
90.7
94
93.7
95.7
88.3
95.8
90.6
97.5
97.4
97.6
97.8
97.9
98
98
97.8
95.6
86.2
79.5
75.8
73.5
73
72.3
73.6
78.8
89.4
97.5
97.7
97.8
98
98
98
98
98
98
98
97.9
98
98
97.8
97.6
97.3
88.6
83.2
81.4
82.9
81.5
82.4
91.9
97.6
97.8
98
98
97.9
97.9
98
98
98
98
98
98
98
98
98
97.9
93.8
85.2
78.4
76.9
74.6
71.8
73.5
85.1
97.5
97.8
97.9
98
98
98
98
97.7
97.3
97.6
97.7
97.8
97.9
98
97.8
97.7
97.6
97.2
97.5
97.4
96.4
97.4
97.5
97.8
97.9
98
98
98
98
98
98
98
98
98
98
98
98
98
98
98
98
98
98
98
98
98
98
98
98
98
98
98
98
98
98
98
98
98
98
98
98
98
98
97.8
97.7
97.6
97.5
96.8
95.2
95.1
95.2
97.2
97.5
97.5
97.6
97.8
97.8
97.9
97.8
97.9
98
98
98
98
98
98
98
97.5
88
78.7
75.4
73.4
71.7
73.3
79
90.2
97.6
97.8
98
98
97.9
97.6
97.5
90.6
90
96.9
94.7
89.9
90.6
90
91.8
77.2
68.6
72.1
71.3
72.2
70.6
70.6
70
77.8
95.8
97.5
97.6
97.8
97.9
98
98
98
98
98
98
98
98
98
98
98
92.5
84.8
84.6
84.8
82.8
81.8
83.4
88.6
97.5
97.7
97.9
98
97.8
97.5
97.6
97.7
97.9
97.8
97.7
97.6
97.7
97.7
97.7
97.5
93.4
97.3
89.6
86.1
84.4
NA
NA
NA
89.1
87.8
83.2
81.5
86.7
90.5
79.5
76
73.4
82.1
83
78.8
77.5
81.2
68.2
62.8
57.9
58.6
59.2
59
58.6
59.1
62.6
64.7
71.5
81.6
84.8
86.1
86.9
86.9
84.3
90.4
90.8
96.4
97.3
97.5
97.5
97.5
92.7
80.1
68
64
58.7
58.4
57.1
57.2
58.4
62.3
71.3
83.1
89.3
95
97.1
97.3
97.5
97.5
97.4
97.4
97.5
90.6
94.9
97.5
95.6
82.8
75
68
64.1
58.8
56.8
59.6
58.6
62.8
70.5
73.2
74.6
70
74.8
74.4
88.2
93.8
95.6
97.5
97.5
97.6
97.7
97.7
97.6
97.5
95.9
88.9
79.8
70.2
67.6
64
63.3
67
73.1
76.3
82.5
81.2
86
85.5
83.5
87.1
88.2
85.7
89.3
93.9
97
96.4
95.8
80.8
69.9
63.5
61.8
59
60.3
58.8
60.4
66.4
73.4
81.8
84.1
84.3
86.7
88.9
91.2
90.8
90.3
93.9
96.4
96.6
97.1
97.6
97.5
90
76.8
72.5
70.4
67.2
65.3
64.4
68.2
77.2
89.4
97
96
97.3
97.4
97.6
97.7
97.7
97.8
97.8
97.9
98
98
98
97.9
97.6
85.9
74.8
69.2
67.2
65.5
64.6
66.9
77.8
86.9
95.9
97.5
96.7
95.4
96.6
97.7
97.7
97.8
97.9
97.8
97.7
97.6
97.6
97.6
97.5
90.3
81.5
77.3
73.1
74.6
76.8
79.8
89.5
93
93.3
95.5
97.5
97.5
97.5
97.5
97.5
97.6
97.7
97.8
97.8
97.7
97.6
97.5
97.5
97.5
97.5
97.5
97.7
98
98
98
98
98
98
98
98
98
98
98
98
98
98
98
98
98
98
98
98
98
98
98
98
98
98
98
98
98
98
98
98
98
98
97.8
98
98
98
97.9
97.9
98
98
97.8
97.6
97.6
97.5
95.1
91
85.9
85.3
83.5
89.9
97.6
97.8
97.8
97.9
97.9
98
97.9
98
98
97.8
97.7
98
97.9
98
98
98
97.9
97.7
97.3
92.7
86.2
85.6
79.3
93.7
97.7
98
98
98
98
98
98
98
97.9
94.6
96.3
94.7
93.6
91.2
97.6
97.8
97.8
97.9
97.7
97.8
97.7
97.7
97.6
97.5
97.7
97.9
98
98
98
98
98
98
97.9
97.9
97.8
97.9
98
98
98
97.7
97.6
94.2
82.5
83.1
85.4
91.4
97.8
98
98
97.8
97.7
97.6
97.6
97.5
96.7
97.9
98
98
98
98
98
98
97.7
97.7
97.5
96.6
90.9
91.5
97.9
98
98
97.9
97.7
97.7
97.8
97.7
97.5
97.6
97.7
97.8
97.6
97.7
97.6
97.6
97.6
97.6
97.7
97.7
97.9
98
98
97.9
97.7
97.9
97.6
96.5
91.1
97.5
98
97.7
97.8
97.5
97.7
97.7
97.8
97.8
97.9
97.7
97.9
97.9
97.9
97.5
88.6
78.1
75.6
72
78.6
78.2
82.3
95.4
97.7
97.7
92.1
96.3
97.5
97.2
97.5
97.5
97.4
96.3
97.3
97.5
97.5
97.1
95.1
83
71.2
62
57.3
57
55.9
56.8
64.5
85.5
96
95.6
97.6
97.5
93.2
95.5
96.8
97.3
96.9
97.6
97.5
97.6
97.6
97.6
97.5
92.8
74.3
65.3
62.5
65.8
68
66.1
69.3
87.5
97.2
97.5
97.6
97.4
97.6
97.6
97.6
97.2
97.6
97.6
97.6
97.6
97.5
97.6
97.6
89
76.1
69.8
62.3
58.4
57
58.6
65.8
84.5
97.5
97.4
97.3
96.8
97.6
97.7
97.9
98
97.8
98
98
98
98
98
98
97.9
96.7
91.4
80.3
75.5
79.4
87.3
89.6
92.4
97.1
97.5
97.5
97.6
97.8
98
98
98
98
98
98
98
98
98
98
97.4
82.2
75.2
73.6
77.1
79.9
79.5
82.3
94.4
97.6
97.7
97.6
97.6
97.6
97.9
97.8
97.7
97.6
97.7
97.7
97.7
97.9
97.9
97.8
97.6
97.6
97.8
97.9
97.9
97.7
97.7
97.6
97.2
97.6
91.5
97.5
97.5
97.5
97.6
97.5
97.6
97.6
97.6
97.6
97.6
97.3
92
93.5
89.2
79
74.6
73.8
70.5
70.2
70.1
74.4
86.1
97.1
97.5
97.5
97.5
97.5
97.6
97.6
97.5
97.4
97.5
97.6
97.7
97.7
97.8
98
97.7
90.2
79.2
72.5
74.1
72.2
72.9
76.1
93.5
97.6
97.7
97.9
97.8
97.7
97.7
97.6
96.9
97.5
97.7
97.7
97.7
97.7
97.6
97.8
97.7
94.5
95.6
88
82.1
76.1
71.7
76.4
94.5
96.2
97.5
97.6
97.6
97.7
97.8
97.7
97.7
97.6
97.6
97.5
87.5
87.8
97.3
97.5
97
96.5
93.8
87.5
75.2
76.6
81.7
85.9
94.1
97.5
97.5
97.4
97.6
97.6
93.9
97.6
97.6
97.6
96.9
97.6
97.5
97.7
97.7
97.7
93.3
78.9
70.4
65.3
63.4
64.6
70.4
80.2
91.2
97.4
97.6
97.6
97.6
97.5
97
97.5
96.5
94.6
90.8
97.1
97.3
97.5
97.7
97.9
98
98
98
97.9
97.6
97.7
97.8
97.9
97.8
97.8
98
98
98
98
98
98
98
98
98
98
98
98
98
98
98
98
97.9
97.9
97.7
97.7
97.7
97.7
97.8
98
98
98
98
98
98
98
98
98
97.9
98
98
98
98
98
97.9
97.8
97.7
97.6
97.2
93.5
95
97.2
97.6
97.9
98
98
98
98
97.9
97.8
98
98
98
97.9
97.9
98
98
98
97.8
97.5
96.6
92.6
94.3
97
97.5
97.6
97.8
98
98
98
98
98
98
98
98
98
98
98
98
98
98
98
98
98
98
98
98
97.9
97.9
98
98
98
98
98
98
98
98
98
98
98
98
98
98
98
98
98
98
97.9
97
97.5
97.7
98
97.9
97.8
98
98
98
98
98
98
98
98
98
98
97.9
98
98
98
98
98
98
97.9
97.7
97.5
97.5
96
97.5
96.8
97.6
97.8
98
98
98
98
98
98
98
98
98
98
98
97.9
97.9
97.8
97.6
79.2
77.9
80.9
97.5
84.4
91.2
97.6
97.7
97.7
97.8
97.8
97.8
98
98
98
97.8
97.6
97.7
98
98
98
98
98
98
97.7
95.4
97.4
91.5
86.8
90.9
96.8
96.6
97.3
97.4
97.5
97.1
91.1
83.2
84.1
90.3
88.5
93.3
96.6
96.4
96.3
96.6
96.3
96.2
80.6
72.4
75
71.3
76.2
81.5
85.1
90.5
86.9
82.1
83.1
75.5
77.2
84.1
84.2
96.2
92.3
97.2
97.5
97.6
97.6
97.6
97.6
97.5
87.4
77.8
79.4
73.9
72.7
76.2
78.6
91.5
97.5
97.5
97.5
97.4
96.1
97.5
97
95.3
97.5
97.3
88.2
86.3
89.7
81.8
85.4
85.9
76.4
72.3
67.8
67.4
68.3
71.2
74.2
84
92.9
97.5
97.6
97.6
97.7
97.7
97.8
97.7
97.7
97.7
97.7
97.7
97.6
97.6
97.6
97.5
89.1
74.9
67.4
62.3
59.9
60.2
63.1
74.2
82
91.2
96.4
96.6
97.2
96.5
97
97.4
95.6
97.4
97.5
97.4
97.5
97.5
97.5
96.2
84.7
78.2
75.9
74.7
71.4
75.6
80.9
93.5
97.5
97.6
97.6
97.6
97.6
97.6
97.6
97.6
97.5
95.1
97.6
97.6
97.4
97.5
97.6
96
89.8
86.1
78.8
74.4
75.6
75.8
88.5
97
97.6
97.8
97.9
98
98
97.9
97.6
97.8
97.9
97.8
97.8
97.8
97.9
97.9
97.8
97.7
90.9
79.9
72.7
71.3
71.9
83.2
89.4
96.8
97.5
97.6
97.7
97.7
97.7
97.7
97.6
97.6
97.7
97.6
97.6
97.2
97.6
97.5
97.5
96.3
85.3
81.8
82.7
87.9
96
97.3
96.7
97.5
97.5
97.5
97.5
97.6
97.6
97.6
97.6
97.7
97.7
97.6
97.6
97.6
97.9
98
98
98
98
98
97.6
93.1
83.1
66
52.2
53.7
60.5
65.7
66.2
72.1
72.1
71.1
74.2
73.6
75.3
73.2
71.3
68
77.2
75.1
71.8
68.8
57.9
50
46.6
44.9
43.9
43.4
43.1
43.5
43.3
43.9
43.3
42.4
41.9
43.7
46.2
55.1
51
55.9
58.8
57.5
55.7
62.5
64.2
62.9
55.1
49.9
49.2
48
50.3
54.7
59.6
68.8
74.7
73.8
73.2
72.1
75.4
72.7
73.6
67.5
73.1
74.7
77.7
81
79.5
67.4
65.5
63.9
65
63.7
61.1
59.3
61.7
64.1
66.2
73
77.2
82.5
83.9
85.4
90.7
89.7
96.4
98
97.7
97.5
97.1
97.5
97.7
98
98
98
98
97.9
97.9
97.7
97.7
97.6
97.6
97.7
97.7
97.7
97.6
97.7
97.7
97.7
97.7
97.6
97.7
97.7
97.8
97.7
97.8
98
98
98
98
98
98
97.9
97.8
97.8
98
98
98
98
98
98
98
98
98
98
98
98
98
98
98
98
98
98
98
98
98
98
98
98
98
98
98
98
98
98
98
98
98
98
98
98
98
98
98
98
98
98
98
98
98
98
98
98
98
98
98
98
98
98
98
98
98
98
98
98
98
98
98
98
98
98
98
98
98
98
98
98
98
98
98
98
98
98
98
98
98
98
98
98
98
98
98
98
98
98
98
98
98
98
98
97.9
97.9
98
98
98
98
98
98
98
98
98
98
98
98
98
98
98
98
98
98
98
98
98
98
98
97.9
98
98
98
98
98
98
98
98
98
98
98
98
98
98
98
98
97.8
97.6
94.6
87.3
84.3
82.5
90.6
97.1
97.6
97.7
97.9
97.9
98
98
98
98
98
98
98
98
98
98
98
98
96.3
97.5
89.8
83.6
79.5
82.3
85.8
83
96.2
97.7
98
98
98
98
98
98
98
98
98
97.9
97.8
97.7
97.8
97.9
97.7
97.6
97.3
95.8
94.8
93.8
97.5
97.8
98
98
98
98
98
98
98
98
98
98
98
98
98
98
98
98
98
98
98
98
98
98
98
98
98
98
98
98
98
98
98
98
98
98
98
98
98
98
97.9
97.9
97.9
97.9
97.8
97.7
97.7
97.9
97.9
97.9
98
98
98
98
98
98
98
98
98
97.8
98
98
98
98
97.9
97.7
97.6
97.8
98
97.6
92.7
89.4
88.2
88.8
96.5
97.7
96.7
97.6
97.6
97.6
93
95.1
88.7
90.8
92.6
92.4
95.6
96.6
96
94.5
93.1
78.2
69
67.5
73.2
69.1
80
95
97.6
97.9
97.8
97.7
97.5
97.5
95.4
95.7
95.7
92.6
93.1
97.8
97.9
91.5
96.2
97.7
97.7
97.6
97.2
91.2
91.4
94.4
96.2
97.7
97.7
97.6
97.6
97.7
97.8
97.8
97.6
97.6