100
100
100
100
100
100
100
100
100
100
100
99.8
70.2
65.2
53.3
68
80.5
71.7
73.2
82.3
88.3
93.2
96
99
100
100
100
100
100
100
100
100
100
100
100
100
100
100
100
100
100
100
100
100
100
100
100
100
100
100
100
100
100
100
100
100
100
100
100
100
98.3
67.8
63.7
63.2
64
77.5
89.3
93.2
97.2
99.7
100
100
100
100
100
100
100
100
100
100
100
100
100
100
90
65.2
60.5
62.2
71.2
82.8
93.8
98.7
100
100
100
100
100
100
100
100
100
100
100
100
100
100
100
87.2
65
59.8
60.7
58.5
59.8
71.7
88.2
94.3
97.7
97.8
98
98.5
99.2
100
100
100
100
100
100
100
100
100
100
96.8
87.8
77.8
80.8
85
89.5
95.3
99.8
100
100
100
97
73
70.7
80.8
88.8
95
99.5
100
100
100
100
100
100
97.3
67.3
69.5
72
70
72
89
99
100
100
100
100
100
100
100
100
92.8
85.7
85.2
83
91.3
95.8
97
96.5
97.2
97.2
94.8
94
93.3
96.8
97.3
99.5
100
100
100
100
100
100
100
100
100
100
100
100
100
100
100
100
100
98.5
93.5
91.8
90.7
92.8
95.2
96
96.5
97.7
92.2
85.7
95.7
97
96.7
96
96.7
97.7
98.5
99.8
100
100
100
100
99.8
95.5
86.7
78.7
83.8
85.8
90.3
93.2
95.7
96.8
98.3
99.8
100
100
100
100
100
100
100
100
100
100
100
100
100
100
100
98.7
93.3
92.3
92.8
94.8
98.3
99.7
95.2
93.7
99
100
100
100
100
100
100
100
100
100
100
100
100
100
99
87.8
83.5
82
87.7
95.8
98.8
99.3
99
100
100
100
92.8
86
94
96.5
96.7
99
100
100
100
100
100
100
99
97.5
94.8
92.8
95.8
98.3
100
100
100
100
100
100
100
100
100
100
100
100
100
100
100
100
98.8
94.2
92.8
90.3
90.7
94.7
97.7
98.7
100
100
100
100
100
100
100
100
100
100
100
100
100
100
100
100
100
100
100
98.5
91.2
93.3
88.7
89.8
93.7
94.5
93.5
91.5
86.8
87.8
96.5
95.7
100
100
100
99.7
99.7
100
100
100
98.8
96.3
92.7
93.8
93.2
94.5
96.8
97.5
98.5
100
100
100
100
100
100
100
100
100
100
100
99
100
100
100
98
90.8
82.2
73
74.8
72.8
73.5
79
83.8
90.3
94
97.5
98
99.7
95.3
94.2
96.5
97.2
97.3
97.7
97.2
98
99.7
92.5
68.7
57
47.7
47.3
47.2
61
67.3
74.5
84
90.3
93.3
95.5
95.8
97.7
98.7
99.3
100
99.7
99
99.7
100
100
99.5
94
87.8
82.7
78.5
76.3
83.5
90.2
97.5
100
100
100
100
100
100
100
100
100
100
100
100
100
100
100
100
100
100
100
100
100
100
100
100
100
100
100
100
100
100
100
100
100
100
100
100
100
100
100
100
100
100
100
100
100
100
98.7
100
100
100
100
100
100
100
100
100
100
100
100
100
100
100
100
100
100
100
96.3
89.8
88
90.3
90.8
90
92
93
94.8
97
99.3
100
100
100
100
100
100
100
100
100
100
100
100
99.7
67.8
63
59.2
56.7
58.7
60.3
65.7
76.5
72.8
66.8
71.7
68.5
79.5
84.7
85.8
88.3
91.3
94.2
95.8
97.7
99.7
100
100
98.5
88
79.3
71.8
69.3
73.7
83.2
90
93.8
97
98
98.2
98.3
97
98
99.2
98.2
100
100
100
100
100
100
100
55.5
61.2
67.3
65.3
65
63.5
68.5
76.3
82.2
88.5
87.3
76.2
66.5
64.8
67.7
70
70.8
74
75
74.2
74.3
73
73.7
74.8
72.8
70.7
65.7
63.5
62.2
63.5
67.7
76.5
79.3
84.8
87
93.5
97.5
98.8
99.5
100
100
100
100
100
100
100
100
100
100
83.8
67
63
67.3
76.8
79.7
83.5
87.3
91.7
93.3
94.8
92.5
91
91
90.8
95.3
97.7
99
100
100
100
100
100
100
100
100
100
100
100
100
100
99.7
97.2
99.2
100
100
100
100
100
100
100
100
100
100
100
100
100
100
100
100
100
98.7
95.7
94
91.5
95.7
99.3
100
100
100
100
100
100
100
100
100
100
100
100
100
100
100
96
94.8
92
92.7
93.2
93.8
98
99.8
100
100
100
100
100
100
100
100
100
100
100
100
100
100
100
100
100
100
100
99.8
97.2
96.7
98
99.7
99.8
99
99
99.8
100
100
100
100
100
100
100
100
100
100
99.5
90.3
87
85.2
80.3
82.5
81.3
82
86.2
95
99.3
100
100
100
100
100
100
100
100
100
100
100
100
100
100
100
100
100
100
100
100
100
100
100
100
100
94.2
87.2
98.8
95.2
95
98.5
99
99
97.3
96.2
97.2
98.3
86.8
70.2
65.5
58
48.7
42
37.8
45.3
62.7
77.5
75.2
82.5
88.8
87.8
89.2
92.3
91
92.7
93.8
95.5
95.8
95.7
95.5
94.5
71.8
60.2
36.2
25.5
30.3
35.7
36.2
44.3
57.3
72.8
86.5
91.7
95
97.5
99
100
97.8
82
63.5
59
59
71.8
83.2
86.7
81.3
80.2
79.3
71.2
63
58
61.2
63.8
68.5
71.3
68.5
68
67
70.3
72.5
74.5
75.3
76.2
84.3
84.7
89.2
89.5
89.5
90.7
83.8
70.5
70.5
61.8
55.7
46.7
37.5
36.8
49.3
74.8
80.5
81
76.5
86.7
87.7
81.5
86.8
89.2
89.2
89.7
92.2
94
93.7
94.3
84.2
78.7
76.7
68.8
63.2
60.7
58.7
63
74.7
83
87.3
89
63
31.7
45.8
50.5
55.5
62.3
65.5
70.3
75.5
74
75.7
71
50.8
34.8
28.8
26.3
26.5
28.2
25.8
32.2
39.3
51.8
56
66.3
71.7
69.3
58.3
59.2
58.3
69
81.7
69.2
39.2
43.8
50
59.5
46.7
39.8
38.2
38.5
35.8
32.7
31
37
40.5
30.7
35.8
46.3
53.3
46.5
43
58
67
67.7
55.2
55.2
70
81.7
82.3
86.5
67.7
43.2
45.7
37
35
37.8
36.7
38
45.5
56.7
65.8
79.3
84.3
89
83.3
69
68.5
68.5
68.5
71.2
81
68.2
62
79.5
81.8
85.7
89
89.7
96.8
97.7
92.7
95.3
99.5
100
100
100
100
100
100
100
100
100
100
100
100
100
100
100
100
100
100
100
100
98
92.3
93.7
96.3
98.7
99.8
97.5
99.5
100
100
100
100
100
100
100
100
100
100
100
100
100
99.5
82.7
76.5
73.3
76
84.3
95.3
99.3
100
100
100
100
100
100
100
100
100
100
100
100
100
100
100
76
67.5
63.8
65.7
61.3
56.3
62.8
65
76.3
82.7
64.2
79.3
89
91.3
91
92.3
94.2
93.7
94
90.5
88.8
87.8
86.2
77.8
70.8
63.5
62.8
63.3
62.5
63.8
68.8
73
84.5
90.5
93.3
93.2
94
96
98.2
99.3
100
100
100
100
100
100
100
92.7
71.8
65
66.2
59
57.8
54.5
53.8
62.2
69.7
80.2
86.3
88.5
88
87.3
88.8
88.8
78.8
81.5
85.2
92
95.5
96.5
96.8
86.3
72.7
68.8
65.5
61.3
68.5
71.3
69.7
80.7
90.5
84.2
93.7
98.2
99.8
100
99.7
97.8
97.2
96.3
96
97
97
98.5
100
81.5
69
63.2
56.2
53.8
53.7
53.7
54.7
61.5
68.5
76
80.2
87.2
93.2
95.7
98
99.8
100
100
100
100
100
100
100
100
83.8
64.8
61.8
58.8
57
57.2
59.7
63.8
66.5
69.5
78.5
84.5
89.7
94.3
98
99.7
100
100
98.8
93.8
76.7
73.3
70
68.2
71.8
73.5
69.5
67.3
71.3
76.5
77.5
78.8
78.3
70.3
69.8
68.8
74
82
83.7
85.7
81.8
79.7
81.7
85.3
90.2
88.5
90.3
89.7
88.8
89.8
90.8
93.8
96.2
97.5
99.5
100
100
100
100
100
100
100
100
100
100
100
100
100
100
100
100
100
98.8
89.7
83.5
78.5
78.5
74.7
78.8
86.2
92.5
94.8
96
95.7
94.7
95.8
97.7
98.8
99.5
100
100
99.5
99.3
100
100
99.3
82
78.5
79.3
71.7
69.8
73.8
76.3
87.7
97.3
100
100
100
100
100
100
100
100
100
100
100
100
100
100
100
98
96.2
98
89.2
92.2
87.5
97
99.7
100
100
100
95.2
84.6
88.5
97.7
99.8
100
100
98.2
95.8
82.7
89
95.5
83.2
86.7
95
96.5
90.3
80.3
83.5
75.2
69.5
72
73.2
80
90.3
95.7
98.8
99.7
100
100
100
100
100
100
100
100
88
60.7
60.8
62.3
56
55.7
52.8
51.3
58.2
59.8
65.5
79.7
87.5
89.5
92.5
95
96.7
97.5
97.2
98.8
98.8
96.8
91.2
87
90.2
88.8
87.5
88.7
89.2
95.3
91.5
86.2
93
96.2
99.5
100
100
100
100
100
100
100
100
100
100
100
100
100
99.5
74.8
68.2
69.2
68.7
71.3
69.3
69.5
74.8
85.2
90.7
94.8
98.7
100
100
100
100
100
100
100
100
100
100
100
100
93.8
73.3
68.5
67.5
67.8
67.3
71.2
77.2
81.5
81.2
81.2
81
81.2
84
86.3
90
94
97
98.7
100
100
100
100
90.8
81.2
74.2
71.2
72.8
70.5
68.3
67
68.7
73.2
77.2
78.8
82.7
85.3
87.2
89.7
89.5
86
88
90.3
94
95.2
98.3
99.2
73.8
68.8
64
61
59.3
58.7
57.7
57.2
64.3
77.3
89.5
96.2
98.7
99.8
100
100
100
100
100
100
100
100
100
100
99.8
65.5
45.5
40
34.8
40.2
44.7
44.2
48.2
53.7
63
73
73.7
78.2
85.8
87.5
91.2
94.2
96.2
97
95.7
96.5
98.3
89.2
74.3
58
47.8
38.5
39
38.8
39.5
45.8
53.8
58.7
58.2
54.8
54.5
49.2
52.3
58.7
56.2
63.5
62.3
61.3
78
82.8
84.5
78.7
81.8
81.7
76.3
75.5
78.7
91.2
99.5
100
100
100
100
100
100
100
100
100
100
100
100
100
100
100
100
100
100
100
100
100
100
98.5
99.8
100
100
100
100
100
100
100
100
100
100
100
100
100
100
100
100
100
100
100
100
100
100
97.8
98.2
100
100
100
100
100
100
100
100
100
100
100
100
100
100
100
100
100
99.8
87.8
91.5
96.3
87.2
65.7
73.8
83.2
89.3
97.7
100
100
100
100
99.8
98.2
99.8
99.8
98
88.5
93.8
100
100
100
100
98.2
85.7
80.7
79.5
76.2
70.5
73.5
82.8
92.5
99
100
100
100
100
100
100
100
100
100
100
100
100
100
99.8
83.8
83.2
83
76.8
81.2
83.5
78.2
85.7
91.7
96.2
99.7
100
100
100
100
100
100
100
100
100
99.8
90.5
87.2
84.7
78.7
78.3
70
67.5
71.2
68.2
63.2
66.3
74.5
80.7
82.8
88.2
92.7
91.5
91.7
93.8
95.8
96
98.3
98.3
95.5
87.3
83.8
78.5
80.2
81.7
83.2
89.7
93.3
82.7
79.2
78.5
74.8
69.7
70.5
78.7
85.8
87.3
90.3
94.5
96
94.2
94.2
98.7
100
98
89.5
87
91.3
81.3
80.5
79.7
76.3
85.2
85
76
67.7
63.7
51
59.7
71.7
72.5
70.3
63.2
72.3
79.7
85.2
88.3
82
80.8
51.5
35
34.7
34.2
31
29.7
29.7
27.8
27.7
28.2
38.8
53.8
49.8
30
28.2
50.8
63.3
65.5
63
65.3
60
35.8
54.3
40.5
41.3
46.3
45.8
46.8
46.8
49.3
48.2
44.8
41.2
45
53
56
55.3
58.3
61.7
59.8
59.2
59
58.7
56.2
55.7
57
55.8
52.7
50.3
52.3
54.2
57.2
51
51.3
55
75.2
83.7
79.5
82.7
83.8
87.7
85.7
88.8
88.2
87.5
88
91.7
95.5
99.7
100
100
100
100
100
100
100
100
100
100
100
100
100
100
97.7
83
80.5
79.7
88.8
97.7
99.2
97.5
96.7
99.5
100
100
100
94.3
65.3
58
51.3
55
56.3
49.3
36.7
33.5
34.2
51.8
59.7
68.8
66.2
79
87.3
92.7
93
91.7
65.8
57
58.2
61.2
60.3
57.8
57.2
63.8
74.5
76
72.2
78.2
83.2
89.8
92.8
97.5
99.8
100
100
92.5
93
94.5
92.3
99
100
100
100
100
100
100
83.2
59.3
52.5
41.2
30.3
26
24
22.2
27.7
38.2
41.3
58.7
70.2
78.5
81.3
77
77
82.5
84.2
83.7
84.8
83.5
75.8
50.5
40.7
36.5
30.3
32.3
33
33.8
32.5
35
38.7
43.7
51.5
54
59.7
63.5
66.2
65
75.8
86.3
89.3
91.2
87.3
83.5
79.2
77.2
72
64.3
54.5
54
53.5
54.5
59
60.3
75
79.5
76.2
89
88.8
86.2
84
82
78.3
82.3
90.3
96.8
99
100
100
100
100
100
99.3
99.5
94.7
98.5
100
99.7
100
100
100
100
100
100
100
100
100
100
100
100
100
100
100
100
100
100
100
100
100
100
100
100
100
100
100
100
100
100
100
99.3
98.5
97
96
93.2
92.7
93.2
89.8
87.8
79.3
76.5
77.5
76.3
74.8
75
80
77.2
78
79.2
84.8
91.3
94.2
94.8
91.8
86.7
83.2
83.2
82.3
83
82.5
83
83.5
83.3
77.5
72
69.7
67
68.5
64.7
64
66.3
68.3
71.8
74.3
75.7
74.7
73.3
75.7
78.2
79.7
77.8
74.5
75.3
74.5
83.8
83.2
71.7
68.5
70
69
70.7
69.5
78.3
87.7
91.8
96.2
99
100
100
100
100
100
100
100
100
100
100
100
100
100
98.7
93.5
87.7
84.8
85.7
84.2
82.5
82.7
87.5
90.3
95.8
100
100
100
100
100
100
100
100
100
100
100
100
100
100
98.5
97.5
96.2
99.3
100
100
100
100
100
100
100
100
99.8
96.8
99.5
100
100
100
100
100
100
100
100
100
97.3
84.8
71
64.3
69.8
68
63.5
62.8
63.5
77.5
81.5
89
86.2
79.3
76.3
76.7
77.3
91.2
98.2
98.2
98
100
91.5
71.3
71
72.3
75.7
75.8
75
73.3
68.2
70.8
73.2
74.7
76.2
69.3
68.2
69.8
81.5
88.7
87.8
85.3
88.5
83.3
89.3
92.2
89.8
79.2
74.2
75.3
76.3
79.5
76.8
73.5
71.2
73.2
74.5
78
83.3
83.5
83.3
86.5
88
77.8
75.7
76.8
83.8
84.7
87.7
87
78.2
63.7
60.8
60
59
57.2
55.8
55.3
54.8
60.5
65.2
70.5
73
76.5
72.2
71.8
75
77.2
78.8
78
83
93.3
97.7
97.3
80
63.7
61.2
57.2
59.2
61.2
63.2
66.2
68.3
70.5
74
76.3
80.7
87.2
89.7
87.2
81.5
79.8
78.8
71.7
65.7
72.5
97.3
100
100
100
97.8
91.7
92.2
94.7
98.5
99
98.3
99.2
100
100
99.2
100
97.3
98.2
100
99.8
100
100
100
100
100
100
100
100
90.8
76.2
71.3
70.3
67
68.8
66.2
69.3
72.7
77.5
80.2
75.3
83
81.5
81.5
77
78.4
76.7
83.5
83.8
88
90
84.5
76.5
73.5
71.8
77.2
83.8
85.2
75
63.5
58.7
59.3
72
74.8
69.8
64.3
59
63.5
64.3
61.2
60
58.8
58.8
57.3
55
53.5
54.5
55.5
55.8
64.5
70.5
74.2
80.3
88
92.5
93.3
88.2
82.7
76
76
86.2
98.2
100
100
99.3
98.2
99.2
99.8
100
99
100
97.3
91.2
83.2
74.7
71.3
71.7
77.5
83
86.8
94.5
99.5
100
100
100
100
100
100
100
100
100
100
100
100
100
76.8
63
66.5
61
58.5
56.2
54.7
52.5
52.7
63.2
78.5
88.5
94
98.2
98.3
99.3
100
94.7
86.3
85.8
84.5
93.5
88.5
74.5
71.8
64.8
64.2
62.7
62.8
64.8
63.5
67.2
73.8
76.3
75
73
74.2
75.5
74.7
75.5
78.5
79.2
78.7
76.3
75.8
74.2
80.8
92.3
97.2
96.2
95.2
82.2
73.7
68.2
66
65.3
61
71.7
85.8
92.3
98.5
97.8
76.3
86.5
92.7
98.7
100
100
100
100
100
77.7
59.8
60.8
62
59.3
53
50.2
47.7
39.2
39.7
39
55.2
65.3
74.3
80.8
83
83.7
73.5
61.3
64.3
79.8
82.8
82.8
64.7
57.7
55.3
53.8
51.3
47.8
46.7
44.3
42.5
41.7
43.2
50.2
65.3
74
82.8
89.2
91.5
93
85.2
88.5
95.7
99.3
100
100
94.2
59
53.8
53
51.3
49.7
47
45.5
44.7
45.3
45.7
53.8
61.2
62.7
63.8
55.7
52.2
54
52
57.3
63
62.3
71.8
74.2
70.2
65.2
58.7
54.3
48.8
47.5
43.2
38.3
37.3
38.2
39.5
42.3
50.2
45.2
43.8
50.7
51.7
47.8
63.3
73.7
81
82.7
86.7
85.8
69.8
46.3
42.3
45.3
47.5
45.7
44.8
44.3
42.5
42
44.5
51.3
64.3
77.3
82.2
87
90.3
94.2
96.5
97
99.8
100
100
100
89.5
60.8
53.2
51
49.7
48.7
47
45.2
43.5
42.5
44.3
49
63.2
78.8
88
91.5
95.2
97.8
99.3
100
100
100
100
100
91.3
68.8
59
51.2
48.8
49.5
49.2
48.7
49
50.3
53.3
50.5
50
49.8
47.5
47.7
55
61.2
65.2
81.8
83.7
77.7
78.5
78
65.8
61
61.5
68.3
66
69
62.7
62.3
57.2
84
91.2
85.7
66.8
60
63.2
66.3
68.7
64.7
70
70.5
58.8
57.3
59.5
61.8
78.3
88.3
85.2
77.8
70.2
63.8
58
58.2
67.5
76.5
63
65.8
81.3
83.7
73.2
91.7
87.2
82.5
87.2
91.3
83.7
79.8
83.5
90.2
94.5
96
97
95.7
95.3
81
81.8
83.8
80
82
85.3
89.2
95.3
96.5
99.3
96.2
96.2
97.8
98
97.8
88.2
97.3
100
100
96.3
73.8
74.5
63.5
74.7
76.3
68.2
75.8
70.2
68.7
68.5
68.2
80.8
90.2
94
98.8
100
100
100
100
100
100
100
100
100
78.7
62.2
57.3
50.8
48
46.8
45.2
43.7
44
42.7
49.7
68
78.7
89.3
94.8
97.5
99.8
100
100
100
100
100
100
96.7
57.3
54
53.2
51.3
49
46.2
44.8
42.7
43.8
50.7
59.7
76.3
87.8
93.3
96.3
99
100
100
99.3
100
99.8
98.7
95.7
86.5
89.8
77
75
70.5
70
65.5
61.7
62.5
63.8
68
74.5
72.5
71
73.8
71
64.5
66.3
77.3
83.5
85.7
92.7
99.7
85.3
81.2
78.7
87
96.2
94
89.2
90.2
87.2
88
94.3
91.7
90.7
88
89.8
92.8
92.5
88.7
88.7
89
88
88.8
92.3
89.2
95.7
91.2
83.3
69
61.7
60.5
58
60.8
79
88.7
70.2
62.3
63.5
64.8
84.5
81.7
74.7
68.2
63.7
58.7
55.5
54.7
77.3
72.2
73.5
91.2
92
92
97.8
100
91.7
82.5
78.2
78.2
80.8
80.7
83.2
95.5
100
100
100
100
100
100
100
100
100
100
100
97.3
86.5
86.7
91.8
90
78.3
59.7
61.3
63
61.2
57.5
59.7
77.8
87
92.2
98
100
100
100
76.5
92.2
98.2
100
95.5
83
74.5
60
58.2
51.3
52.5
50.5
50.3
51.3
58.5
67.5
74.5
83.8
92.7
94.5
91.3
81.8
89.5
90.5
93
96.5
98
98.7
99.2
80
70.5
70.8
69.2
63.5
64.5
68.3
67.5
65.8
72.3
74.5
78.3
92.3
97.5
78.2
62.8
78.7
81.7
89
98.7
100
100
100
100
93.5
75.2
69.7
67.7
61.2
56.2
50.7
50.2
52.7
51.3
61.7
57.3
70.5
77.8
82
82.8
80.7
86.5
98.3
100
100
100
100
100
99.5
79.8
69.7
65.8
61.7
54
46
40.2
37.7
34.8
37
50.3
69.5
82.5
90.5
94.5
98.3
99
99.7
100
100
100
100
89.7
67
59
51
51.8
54.8
53.2
55
55
67.2
87.7
97.2
100
100
100
100
100
100
100
100
100
100
100
100
100
100
98
88.7
85
89.2
96.2
89.8
83.7
73
67.2
69
71.8
80.8
90.3
97.2
100
100
100
100
100
100
100
100
100
96.7
74.5
68.2
67.2
63.8
58.8
65
83.3
86.7
91.2
93.5
99
93.5
98.8
91.2
94.7
100
99.3
98.3
93
93.7
95.8
99.8
99.8
83.7
71.2
68.2
64.3
60.5
58.7
55.8
55.2
52.3
60.8
96.7
100
100
100
100
100
100
100
100
100
100
100
100
100
99
68.2
61.7
56.3
49.2
48.2
46.3
42.8
40
39.3
39.7
49.7
68
78.7
83
84.7
85.5
86.5
87.8
89.5
82.2
93.2
100
100
99.5
96.5
93.2
89.3
85.7
98.8
92.7
89.2
91.3
86.3
89.2
90.5
94.7
98.7
100
100
100
100
100
100
100
100
100
100
97.7
87
82.3
70.8
67.3
66.7
69.2
76.2
77.5
68.2
64.2
71
73.7
71.3
76
90.3
99
100
100
100
100
100
100
100
91
67.7
60.5
56.7
55.2
53
49
43.5
59.2
49.2
60.2
70.5
78.2
78.3
60.8
65.8
68.8
74.3
93.3
99.2
100
100
100
100
77.3
62.3
51.8
46
46.5
45.8
44.2
41.7
40.5
42.7
43
45.2
63.5
78
84.5
85
83.2
91.3
94.3
99
96.2
94
97
87
52
39
40.3
40.3
39.7
40.5
38.2
36.8
37.5
38
40.5
44.3
48.2
54.3
58.7
60.5
58.7
57
67.5
79.3
90.2
92.5
91.7
83.7
67
51.2
42.7
39
37.5
38.3
41.8
49.2
51.2
49.8
68.7
93.3
79.3
57.2
51.5
47.5
50
61.3
67.3
56.3
64.2
80.5
82.2
92
95.2
94.2
91.8
92.7
92.7
91.3
87.7
84.5
77.3
77
82.3
77.5
85
94.8
99.8
100
100
99.5
79
82
84.7
88.3
94.8
100
100
100
96.3
83.5
83.7
72.8
64
59.5
60
52.7
49.3
49.7
57.5
68.5
69
79.3
89.5
96.8
100
100
100
100
100
98.2
68.2
53.7
51.5
50.8
46.8
46
44.2
47.3
49.8
58.2
72
71.3
72.8
74.7
67
62.3
54.3
55.8
58.3
57.2
56.3
58.7
96.8
100
99.3
99.3
95.5
59.2
52.8
52.8
53
54.8
54.2
70.7
65.7
74.8
84.5
77.5
71.2
81.2
90.3
95.3
99.3
100
100
100
100
92.3
70.7
58.7
52.3
51.7
49.7
46.8
45.2
56.8
51.8
43.5
41.7
47.2
52.8
58.3
58.7
74.3
84.2
91.7
94.2
94.7
98
99.5
98.7
83.7
62.2
56.3
53.5
52.2
50.5
45.2
43.8
42.5
41.2
37.7
42.3
46.7
57.2
68.3
71.5
81
72
82.2
87.8
93.5
97.3
100
100
93.8
69.2
62.7
56.5
56.5
52.5
51.2
50
48.2
45.5
47.7
49.7
54
61.5
67.8
74.7
74.2
74
70.5
75.3
79.2
81
61.3
67
67.7
70.8
64.3
61.7
50.8
43.8
45
46.5
44.7
40.3
38.5
44.5
48.7
65.8
85.7
71
65
76.2
88.2
90
78.5
74
84
83.7
97
95
98.5
96.8
97.2
95.7
99
99.2
98.2
97.7
93.7
93.7
93.8
95.7
98.8
98.2
97.5
100
100
100
100
100
100
100
96.8
82.5
77.3
74.8
68.5
65.5
63.2
81.5
95.5
87.3
83.2
82.5
88.3
93
94.8
97.8
94
90
82.3
80.2
81
91.8
95
99
92.3
72.3
68.8
67.3
60.2
50.3
48.2
43.7
35.8
33.5
27.7
29.7
32.7
44.7
44.7
43.7
46.7
43
40.3
49.2
55
60.2
74
84
61.7
56.3
54
52.8
54.2
50.7
47
45
42.7
41
38.3
39
44.7
55.2
66.7
68
66.5
61.3
66.2
76.2
85.3
92.3
97.8
100
88
66.7
63.7
63.2
57.8
55
52.8
54.5
55.7
57.8
58.8
61
61.3
63.7
62.8
75.5
78.3
75.8
67.5
65.5
70.7
81.8
87.7
90.5
85.8
80
77.2
76
69.3
57.5
69.7
61.7
71.2
78.3
53
47.2
52.2
67
81.8
89.8
99.5
100
100
100
100
100
100
100
96.8
75
62.5
56
55.2
55.5
62.2
54.8
48.5
50.8
60.2
65.3
66.7
76.8
79
83.3
85.3
80.7
88.2
93.7
97.5
100
100
97
89.7
82
76.5
72
68.5
62.7
63
62
60.8
59.7
62.2
67.2
65.8
80.8
77
62
64.2
72.7
74.8
80.8
88.7
94.5
98
100
95.7
81.2
80.8
75.8
66.3
62.2
57
54.8
54.8
59.2
60.2
62.2
63
66.8
81.7
88.3
93.5
97.3
99.7
100
99.3
97.5
100
100
98.8
90.2
77.5
71.7
68.5
58.7
55.5
46.7
44.2
41.2
46.7
44.7
43.5
51.2
67.8
76.7
77.7
78.3
78.2
73.8
78
78.2
66.3
75.5
76.8
75.8
57.2
51.5
57.5
55.8
51.3
47.5
48.2
56.7
49.7
49.5
55.7
64.2
73
80.3
85
87.7
90.5
91
93.2
91.3
87.5
83.7
77.2
56.2
54.8
53.2
51.2
47.3
48.2
46.5
43.2
40.8
41
66.7
71
76.5
81.7
83.7
79
67.3
71
83.8
81.2
81.5
96.5
100
99.3
88.2
77.7
76.2
64.7
60.7
56.5
49.5
50
55
59.5
52.7
59.3
74.7
74.8
67.3
74.8
72.8
68.7
75.3
79.2
88.3
98.3
98.7
100
80
68.8
64.2
65
59
56.8
52
49.8
51.3
65.3
74.5
73.3
66.7
63.2
63.3
61.5
79.8
91.3
96.3
99.2
98.7
99.7
100
88.2
66
57.5
56.7
53.2
52.5
50.7
44.8
44.2
42.8
43
45
54.2
58.3
70.2
82.3
88.2
91.8
94.2
97.7
99
98.5
100
100
90.5
69
61.7
53.2
48
46.8
45
44.7
43.5
48.2
62.2
79.5
80.5
85
88.8
90.8
92.8
88
69.8
69.7
75.7
88
79.3
72.8
84.3
77.8
66
67.7
63.5
60.5
57.3
49.3
53.8
68
72.8
75.2
75.2
70.8
88.3
100
99.8
89
87.2
97.3
100
100
100
100
99.8
79.8
66.5
72.7
66
59.5
58.3
52.7
50.7
50.3
50.3
50.8
54.7
60.5
68.2
69.8
69.3
75
76.5
86.3
96.8
100
100
100
91
65.7
62
56.3
53.8
47.8
44.5
41.8
39.5
36.8
43.5
55
55.2
61.8
70.7
76
74.7
75.2
78.5
85.5
96
99.3
100
100
84.8
70.3
61
52.2
48.7
48.3
45.8
41.8
40.3
38
36.8
36.8
40.8
50.7
50.5
53.3
67.2
62.3
54.8
52.2
49
38
39.7
42.3
40.5
42.3
44.3
43.2
40.2
40
37.8
39.2
37.5
36.5
35.2
35.7
37.5
46.5
48.2
53.8
66
69.8
74.8
80.3
84.5
84.7
86.2
87.3
74.8
56.5
44.2
41
40.5
36.7
38
37.2
35.8
35.7
39.7
40.8
42
43
45.8
44.3
42.7
45.2
55.3
67.3
74.5
75.8
78.3
80.7
72.2
56.5
48.7
47.5
42.7
40.3
39.5
38.7
39
39
40.2
41.3
47
55
67.7
75
80
81.7
86.5
86.2
91.2
93.8
93
90.2
79.5
66.7
61.7
59
53
49.5
50.5
49.8
49.2
47.3
45.5
43.7
47.8
57.5
59.8
60
66
78
85
90.5
89
90.2
89
90
82.2
70.7
62.7
54.7
47.5
44.3
43.7
41.7
39.3
38.3
39.2
40.5
46.2
55
66
72.7
77.7
82.2
85.2
88.5
92
93.7
94.8
96.5
81.5
63.2
56
50.7
48
44
41.8
38.3
38.3
36.3
36.8
44.5
51.5
51.3
54.7
57.2
59
61
61
62.7
73.7
79
85
86
79.7
68.7
56.5
51.5
48
46.2
45.5
44.8
41.5
41.2
38.5
41.8
52.8
54.7
59.2
63.7
61
63.7
65
66.8
78.7
88.8
93.7
93.2
80.5
67.5
58.8
51.5
49.5
46
45.2
40.3
32.3
38.5
43.3
45
49.5
57.8
56.5
58.8
59
65.5
69
74.7
77
80.2
76.8
78.3
64.7
56.3
52.2
52.8
49.5
44.5
42
39.5
37.8
34.8
34.8
34.3
40.7
46
46.3
53.5
60.3
64.7
59.8
61.3
59.2
64.8
69.7
68.2
63.8
60.2
57.5
54.3
50.8
48
44.8
43
38.5
38
37.3
40.2
42.3
48
50
53.8
59.7
63.2
68.2
70.7
72.8
75.3
78.8
81.8
71.3
60
55.5
53.2
51
49.5
45.7
41.5
40
37
36.5
41.5
41.7
44
52.3
59.3
68
73.8
79.3
90.5
95.3
99
92.5
89.7
94.8
100
100
91.7
86.2
80
67.8
66.5
62.2
50.7
44.2
43.5
47.8
54.8
70
72
62.8
68.7
82.2
91.2
94
95.2
97.3
98
80.7
58.2
48.7
43.2
43.8
42.5
37
31.8
30.7
33.3
30.3
33.7
34.5
41.7
42.5
44.8
42.5
49
47.2
53.5
47.7
46.3
54.8
62.5
63.2
51.7
43.3
38.7
38.2
37
42.2
51.3
73.8
56.8
44.2
44.8
44.7
49.8
59.5
68
52.3
52.2
57.2
62.3
63.5
61
65
63.8
62
58
50.2
46.3
44.5
42.5
43
43.8
44.8
44.7
45.2
87.5
100
100
100
97
92.8
91
84.3
81.8
85.7
96.8
99.5
100
99.3
88.8
81.8
82.7
77.5
61.2
50.5
47
43.8
48
56.8
49.8
49.2
58.7
68.8
79.8
87.8
90.8
90
93.7
99
100
100
100
89.7
66.5
57.8
52.5
55.2
53.2
51.8
56.8
56
55.5
54.7
57
59.2
61.8
74.3
88.2
92.3
94
96
99.5
100
100
100
100
92
63.8
54.8
49.8
50.2
43.2
37.2
32.5
32.2
31.8
31.5
30.2
33
44.5
62.3
69.8
76.3
79
76.2
57.7
69.7
77.7
86.7
90.8
79.2
56.8
44.7
42.7
39.3
38.3
39.7
38.8
38.2
38.2
37.8
38.3
40.2
49
49.3
49.5
54.2
53.3
49.8
46.2
61.5
73.5
76.2
76.7
74.5
59.7
53.8
52
48.5
46.2
45.8
45
44.3
42.7
40
37.5
41
56.3
66.2
63
67.7
66.3
72.3
68.8
66.3
69.2
84
88.8
81.3
70
60.5
55.2
51.2
45.3
45.7
44.5
40.2
42.7
41.3
43.5
49.7
57.8
65
68.5
75.2
81.5
85.7
89.8
90
91
95
97
80.8
61.5
54.2
50.5
50.2
47.5
45.8
43.2
45.7
44.8
45.3
46.2
47.3
52.8
68.2
74
76.3
81.7
85
87.5
86.2
87.8
88.7
88.2
82.8
58.8
49.2
42.8
38.7
38.8
38.5
37.2
36.7
36.3
35.5
35.5
38.5
52.5
62.5
65.3
58.5
53.3
55.2
71.7
80.2
69.7
72
89.7
89.7
75.8
60
47
43.5
43.5
42.8
42.5
42.7
39
43
46.7
52.8
54.8
54.3
59.3
67.8
71.8
72
56.5
55.5
59.7
73.7
76.8
76.7
62.5
50.7
45.7
44.3
44
43.2
42.2
52.5
50.7
50.5
70.2
69.5
70.8
74.8
75.7
73.7
77
81.8
80.2
81.7
83.5
82.8
85
77
64.5
60
50.8
50.2
48.8
48.3
48.8
59.8
58
50.3
51.7
57.7
70.3
75.5
80.8
86
88.8
90.2
92.7
96
95
94.2
94
78.5
68.2
56.5
51.2
46.5
43.3
43.8
46.2
46.5
51.5
53
48.7
52.8
64.2
71.3
76.5
81.5
83.8
85.7
89.3
90.3
93.2
95.2
79.3
77
78.3
85.7
95.7
87.5
70.3
60.8
57
52
48
45.2
55.2
59.8
63.5
65.3
76.7
81.3
86.3
88
90.7
91.3
92.7
90.5
92.3
87.2
70.7
63
56.3
51.8
50.7
49
47
45.7
44.7
43.3
45
48.3
54.7
58.5
59.5
58.8
64
68.3
72.2
72.3
76.2
78
84
82.8
65.5
56.5
59
55.7
53.5
50.5
50.3
50
48.7
47.8
48.8
52.5
60.2
63
62.8
64.2
72.7
76.5
75.5
73.7
69.2
67.7
78
90
81.2
75.2
67.7
62.2
59.7
54.5
54.3
57
56.8
56.2
55.8
68.7
91.5
97
89.2
78.3
71
65
80.7
91
95.8
99.7
100
92.3
71.8
64.2
58.2
51.8
49.8
49.2
47.5
44.5
42.5
42.8
43.8
47
57.8
74.7
79.8
84
87.3
90.5
93.2
95.8
96.5
98.5
99.8
91.2
69.8
57.8
52.5
51.8
51.7
48.5
48.5
47.5
47.2
47
48.8
51.5
60.8
74.2
79.5
82.2
84.5
71.7
61.3
70.8
73.8
58.3
51.2
56.2
53.3
53.3
54.3
54.7
53.2
49
47.7
47.5
48.7
49.5
53
54.5
59.5
64
63
64
65.7
66.8
65.2
57.8
59.3
59
56
55.5
55.5
55.5
54
48.5
46.2
43.7
43.3
44.7
45.2
45.8
47.5
49.2
58
68.8
75.5
75.3
62.8
64.3
66.3
75.3
78.3
77.5
81
75.7
63.5
55.7
54.2
50.8
45
46.8
43.5
42.7
46.8
54
53.5
61.7
68
74.3
77.8
81.7
84
85.7
87.3
89.7
92.5
95.7
95.3
86
68.3
62.3
56.3
53.2
46.3
40.3
43.7
41.3
41.3
41.2
42.8
45.8
49.7
55.7
62
67.2
73
78.5
81.2
84.8
87.3
87.7
91.7
83
61.5
50.5
48
47
45.2
43.3
38.7
37.5
36
41.3
41.3
43.7
50.8
56.3
67.3
73.8
79.2
82.2
83.5
85.8
87.3
89.5
89
70.3
51.7
48.8
49.7
49.8
49.5
47.7
45
42.7
41.5
37.3
39
47.7
57.8
67.3
71.8
74.7
77.3
81
84.7
89.2
92.5
94
97.5
88.7
65.7
53.5
52.7
53
49.7
48.2
48.2
46.7
44.7
45.5
46.8
51
60.8
69.7
71.2
72.8
75.2
62.7
65.3
78.3
84
88.3
85.3
78.3
64.7
66.5
61.3
49.7
46.8
45.2
43.2
41.5
40.8
40.3
41
46.3
54.7
63.2
67.8
71.8
75.2
77.5
78.2
82
84
87.3
88.7
79.7
61.7
50.8
49.5
53
51.7
55
50.7
43.8
43.8
46.5
52.5
51.7
58.7
67.8
79
84.7
87.8
80.2
88.3
94
94.8
93
94.2
86.7
67.8
60.7
59.7
59.3
57.3
56.8
52.7
49.3
46.3
45.5
43.7
50.2
59.3
67.7
75.7
82.2
85.8
89.2
91.3
94.7
94.8
95.5
97
89.3
70.2
57.5
53
52.3
51.7
46.3
45
47.8
44.5
44.8
47.5
46.7
59.3
71.5
79.2
83.3
85.3
87.3
89.2
92.3
92
95.2
98.5
90.2
71.2
62
54.3
51.5
51.2
47
44
47.5
46.5
44.5
44.5
42
60.5
71.3
76.3
78.2
79.2
81.8
83.2
84.2
88
91.7
93.7
79.8
61.2
54.2
51.5
44.3
40.2
32.5
30.8
27.7
26.7
26.3
27.7
34.8
47.5
56
55
54.3
55.7
60.2
67
71.2
73.3
73.7
74.7
71.2
63
59.7
53.8
53
68.8
68.2
59.7
56.8
54
70.2
96
95.7
91
88.7
88
93
98.3
99
100
100
100
100
100
98
70.8
55.7
54.3
51.8
41.8
39.3
38.3
38.7
37.7
35.5
34
40
55
69.8
75.7
76.2
79.3
80.8
82.8
87.7
89.7
88.3
89.8
81.3
61
49
42.8
42.8
42
39
37
36.7
36.8
37.7
38.8
41.8
56.3
68.5
75.3
79.3
81
81.3
84.7
86.8
88.8
89.2
90.5
86.2
63.3
48.8
43.2
41.5
40.5
40.2
39.5
40.5
39
37.7
37.8
41.7
56.3
70.5
75.8
79.3
82
86.7
89.3
91.8
94
94.7
97.7
92.3
68.3
51.8
48.5
48
46.8
45.8
45.8
43.8
40
37.7
37
38.5
52.2
66.2
68.3
72
67.7
83.2
89.7
94
96
98.3
100
92.7
69
54.5
50.7
45.7
41.5
44.3
44.7
42.2
37.2
36.2
41
37.2
38.7
46.5
60
62.3
55.5
56
60.3
73.5
80.5
86.8
89.5
83
60
51.5
47.2
43.7
43.5
41.5
42.5
38.5
36.2
36.5
40.2
49
58
61.8
71.8
74
78.2
82.2
84
86.2
89.7
88.8
88.7
84.5
63
52
45.3
44.7
44.3
44.2
41.3
38.2
36.3
38.2
38.7
43.3
57.2
67.5
71.3
75.3
77.3
79.8
80.3
83.3
83.3
86.5
88.3
83.5
64.8
51.3
46.2
44.5
42
44
45
44.2
42.8
38.5
36.2
41.2
54
62.2
68.2
71.3
74.5
76
77.8
78.5
79.8
81.5
83
80
63.2
54
44
42.2
44.2
45.7
56
54.8
57.2
56.8
57.8
56.2
54.8
57.3
57
54.8
47.5
45.7
50.8
51.8
62.2
69.5
77.5
88.7
61.8
66.5
55.8
54.5
62.2
56.3
51.7
49.3
57.5
56.8
63.8
69.8
68.8
74.5
74.8
73.7
75.3
77.2
78.8
74
79.7
90.2
96.3
99.7
97.7
84.5
82.3
64
54.2
53
55.3
54.7
54
53.7
51.2
53.8
61.2
63.3
50.2
43.2
55.2
63.3
58
68
77.2
80.8
83.5
80.2
56.2
44.2
35.5
33.2
28
28.2
30
32.7
33.8
34.7
35.8
39.7
53.2
63
67.5
71.8
73.8
79.6
77.2
80.5
81.8
79.7
74.2
68.8
59.7
42.7
46.3
49.3
46.5
45.8
41.2
41.2
41
40.8
43.2
47.7
55
66.8
74.3
78.2
81
84.5
85.2
86.8
89.7
91.5
91.5
85.8
57.2
42.3
41.2
39.3
38.7
38
37
35.3
36.5
33.2
35
42.7
52.3
57
58.3
57.5
57.2
59.8
67.2
80
86.2
89.3
92.2
89
64.7
52.5
47.2
41.3
41.2
42
39.7
41.2
40
36.7
38.3
46
54.7
63
70
76.2
65
61.5
72.3
78.3
83
99
84.8
88.7
95
94.7
92.3
89.2
91.2
86.5
83.5
76.7
71.3
67.7
64.5
68
80
88.3
92.5
97.2
99.7
100
100
100
100
100
100
100
86.3
65.3
57.7
52.2
46.3
46.3
45
43.3
42.7
42.8
43.5
49.2
63.7
77.5
82.3
85.3
88.7
91.2
92.7
93.2
92.3
91
86.3
88.5
72.2
53
43.2
43.3
44.7
45
43.8
43.7
43.3
44.7
45.2
54.3
70.7
81
85.2
87.8
91.2
94.3
96.3
97.8
99
100
100
100
82.3
59.3
52.5
49.5
47.5
44.5
42.5
40.3
39.8
37.7
37.3
47.2
65.2
79
85.3
89
92
93.5
96
96.7
98.2
98.5
100
100
82
60.2
50
52.2
50.2
46.3
44
39
35.8
37.5
36.3
42.3
61
75
81.3
82.5
86
87.2
89
90.3
93.5
94.7
95.7
97
73.2
56.8
49.7
47.3
43.3
43.5
43.5
39
35.8
43
57.2
85
73.3
74.8
79.2
71.2
62
83.3
83.8
77.5
78.5
87.8
97
100
86.7
73.3
68.3
59
53
42.2
52
53.5
53.5
52.5
52.5
55.2
62.2
67
74.3
81.8
87.5
88.2
91.2
93
91.5
93.3
93.5
91.7
69.2
54.3
46.2
39.5
38
36.5
37.5
38.3
39
39.2
40.8
46.8
60.8
71
78
81.7
84
85.5
88
90.2
90.5
92.8
94.8
96.7
75
50.8
47.8
47.8
48.2
46.8
45.3
43.7
41.8
44.3
44.3
52.3
66.5
75.3
82.3
87.5
89.3
91.7
92.2
89.7
90.2
92.3
95.2
93
77.7
56.7
50.3
48.7
47.5
46.2
44.2
45
44.7
44.8
46.3
49
51.8
57.3
70.3
76.8
80
85
86
89.5
90.8
89.2
92.8
94.8
77.2
63.3
58.7
55.3
54
51.8
52.3
47.5
45.3
47.5
52.5
53.7
92.7
99.2
100
98.2
94.5
99.8
100
100
100
100
100
100
98.5
85.3
70.5
67.8
70
59.2
53.8
50
50.7
54.8
52.5
73.5
75.2
64.7
75.7
72.5
74
81.5
84.2
95.3
100
99.3
100
100
95
75.7
72.3
63.8
61
58.2
56.5
53.3
51.8
52
53
57
60
64.7
89.5
87.7
90.8
100
100
100
100
100
100
100
100
100
92.8
72.7
65.5
59.8
57.7
55.5
55.3
56.2
54.5
65.7
82
86.5
96
99.8
100
100
93.2
89.7
93
99.7
100
100
98.8
73.2
66.5
64.2
64.3
58.8
55.2
54.3
44.8
42
42.7
53
67.8
76.8
73.8
59.8
69.7
65
65.8
67
66.5
67.3
66
72.5
96.8
100
99.5
88.3
79
60.5
47.8
46.3
45.3
53.8
60.3
71.7
85.5
86
85.3
78
68.2
67.5
64.8
68.2
85.8
94.7
98.2
99.7
83.3
63.3
59.2
56.5
56.5
55.3
50.3
49.5
47.2
47
49
60.8
77
84.7
87.8
85.3
65.3
68.3
72.2
86.2
92.8
94.7
96.2
98.7
87.7
70.7
60.5
56.7
53.5
49.5
50.3
49.5
50
50.2
51.8
65.7
81
89.3
90
93.2
95.8
96
94.7
93.2
89.7
92.7
95
97.2
84.8
65.2
54.2
49.8
52.5
50.2
47.5
44.7
44
49
52.2
54.8
55.8
55.8
55.8
63.2
64.8
68
68
62.8
52.8
59.5
73.2
87.3
86
68.5
64.5
62.5
58.3
56.5
52.7
52.5
51.8
51.8
54
60
72.2
81.5
85.3
88.7
93.7
96
98
100
100
100
100
100
94.7
63.2
53.3
50
48.8
46.3
45.5
44.5
42.8
41.2
43.2
62.5
77.8
84
72.5
61
62.8
65.8
67.7
66.2
67
70.7
83.2
95.7
86.7
69.5
59.8
57.7
54.3
54.3
52.2
51.2
50.2
49.7
52.3
63
69.7
79.2
86.5
67.3
64.5
64
65.3
82.3
91.3
96.3
99.8
100
96
70.8
60.2
58.2
57.3
54.7
54.7
53.7
53.2
51.2
54
69.3
81.5
89.5
82.3
72.8
70.2
70.8
81.7
94
99.8
100
100
100
97.5
74.3
65.5
58.5
56.2
54.7
54
52.2
51.8
52.5
55
68.7
80.8
72.3
64.3
65.2
68
70.8
78.2
93.3
99.5
100
100
100
92.3
66.5
58.7
56
53.3
52
48.5
44.7
43.7
45.5
49.8
68.7
78.7
84
64
64.7
56.7
55
61.3
72.5
66.2
64.2
77
74.2
66.8
62.5
64
61.3
66
65
60.5
63.3
69.5
86.7
77.3
71.2
68.2
67.2
66.5
66.7
69
70.2
73.2
78.8
88.3
92.5
78.5
77
73
65.3
62
59.7
54.7
51.7
53.3
54
52
47.8
52.7
67
79.3
86.2
88.5
90.2
94.7
84.7
76.3
78.8
84.5
92.8
97.2
99
84.8
74.5
69
66.5
62.7
66
63.8
63.2
61.7
62.3
64.8
68.2
71
73
81.7
90
98.3
100
96.5
96.5
100
100
100
100
99.8
77.8
62.2
53
59
65.8
67
61.2
57.7
59.8
66.2
71
86
96.3
100
97
99.8
100
100
100
100
100
100
100
97.5
75.5
64.2
63.8
62.2
57.5
56.2
56.5
54.2
55
61.3
74.7
69.8
64.8
83.7
95.2
99.5
99.8
100
100
100
100
100
100
100
81.5
62.2
57.5
57.8
55.3
50
44
43.8
44.2
48.5
63.5
78.2
84.8
90.2
92.3
94
96.3
99.5
100
100
100
100
100
100
72.7
60.2
56.5
54.7
55.2
54.7
52.2
52.5
54.3
60.7
68
73.5
75.5
79.3
90.2
96.7
97.8
98.8
100
100
100
100
98.7
88.8
76.7
76.3
71.8
71.3
72.3
74.7
88.5
99.8
100
100
100
100
100
100
100
100
100
100
100
100
100
100
100
100
96.5
82.5
73.3
68.3
62.8
63.8
66.7
65.7
66.8
75.7
78.2
75.8
80.7
89.2
96.5
100
96.2
95.7
100
100
100
100
100
99.5
83.7
72.2
62.5
51.7
41.3
36.7
33.7
30
31.2
45.3
64
69.5
57.8
59.2
62.8
62.2
62.7
67.8
88.2
97
100
100
100
92
64.7
64.3
59.2
60.7
63.3
64.8
67.8
68
62.7
68.2
84.2
92
88.2
93.7
96.2
98
99.2
100
100
100
100
100
100
100
91.8
69.3
67.2
63.7
58.5
55.5
56
53.8
54.5
57.2
57
63.2
61.2
69.7
68.2
72.2
73.7
71.5
77.3
81.5
80.5
79.2
82.2
72.7
70.7
67.8
63.5
59.8
61.5
63.7
59.7
59.2
55
62.2
81.5
91.8
98.8
99.8
99.8
100
98
97.5
100
98.8
99.8
100
100
100
88.5
71.2
63.7
58.2
54.3
52.3
53.7
55
54.3
63.3
82.8
92.7
97.7
99.7
99.7
74.2
70.7
68.8
72.2
86.2
98.7
84.2
75.8
69.2
63.7
63.5
60.3
56
53.8
53.8
53
53.2
58.5
66.7
81.7
92.2
95.5
98.8
100
100
100
100
100
100
100
100
100
100
97
69.2
64.7
62.3
59.5
58.2
56.3
57
58.5
65.5
75.8
80.5
90.7
98.7
100
100
100
100
100
100
100
100
100
100
100
72.5
64.7
63.3
61
61.2
60.7
58.5
59.3
63
73.2
79.2
84.5
78.2
80.8
74.7
75.7
78.5
80
77.3
78
79.3
80.5
76.3
75.3
76.7
76.5
70.3
69.5
65.3
60.2
60
63.8
69.7
76.5
79.5
80.3
78
72.2
73
73.8
79.7
78.5
82.2
90.8
96.5
100
92.7
76.5
72
71.7
67.3
66.7
60.8
59.5
62.5
64.3
68.5
72.8
75.2
83.2
84.2
83.2
84
82.3
86.3
86.2
88.8
90.8
94.5
96.3
94.5
84.3
80
78
75.2
69.8
69.7
64.7
62.7
63
68.2
76.3
76.8
78.7
87.2
89.7
88.5
88
85.7
92.3
96.2
100
99.2
99.8
99
91.3
83.8
77.5
76.8
71
67.2
61.8
64.3
68.3
76.5
87.2
89.7
91.3
89
89.2
88.8
86.3
79.5
90.5
92
94.2
88.5
76.7
80.5
80
79.5
77.7
78.2
80.8
89.5
85.3
88.3
83.3
78.3
88
89.7
90.7
84.7
95.2
97.3
100
99.7
98.3
100
100
100
99.8
95.8
92.2
94
96.8
95.7
89
88
87.7
88
89.2
93
95.8
96.3
97
97.7
99.7
96.7
96.8
96.8
97.8
98.3
98
98.8
97.2
95.5
91.2
85.7
83
77.5
72
67.5
64
65.2
68.2
74.5
82.2
89.5
92
93.3
95.3
99.5
100
94.2
79.7
75.2
67.2
68
77.2
82.8
75.3
69
64.7
62.8
59.5
57.3
57.5
57.3
60.8
64.3
64
67.5
71.8
70.2
66.3
65.2
65.7
63.8
62.3
63
64
65.8
66.7
66.2
67.5
68.8
70.3
72.8
74.7
70.2
69.8
70.2
71
71.2
72
72.7
73.5
71.8
69.8
69.7
67.3
67.7
68.7
67.8
68.3
75.3
68.2
73.8
74.5
70.2
65.3
62.2
60.2
57.8
58.3
60
59.5
61.3
62.7
63.3
65
67.2
69.7
69.8
73.8
75.3
83.8
96
96.2
99.7
100
100
100
100
100
100
100
100
100
100
100
100
100
100
100
100
100
100
100
100
100
100
100
100
100
100
100
93.8
90
96.2
89.3
94.5
99.7
99
98.7
100
100
100
100
100
100
100
100
100
100
100
100
100
100
100
100
100
100
100
100
100
100
100
100
100
100
100
100
100
100
100
100
100
100
100
100
100
100
100
100
100
100
95
84.2
85.3
79.3
82.2
86.2
90
96.3
99.7
100
100
100
100
100
100
100
100
100
100
100
100
99.5
88.5
80.8
76.5
71.8
70.2
70.2
71.5
78.7
86
94.3
96.5
99.7
100
100
100
100
100
100
100
100
100
100
100
95.5
89
90.2
83.2
77.5
76
76.2
78.2
72.3
82.7
78.7
78
76.7
76.8
76.7
88.8
95.3
96.5
96.3
95.3
94
92.7
97
91.3
77.7
73.8
68.3
60
51.2
42.7
47
50.2
50.7
52.2
52.2
59.5
57.8
60.3
60.3
72.8
80.2
78.3
68.5
77.8
83.8
85
79.8
77.5
74.7
69.5
65.3
62.2
53.2
49
44.7
46.7
49.5
73.5
64.2
54.2
52.2
52.8
56.2
72.3
89.2
91.7
96.2
94.7
80.8
90.2
87.2
90.8
89
82
76.7
78.3
83
80.7
81.7
82.7
81.8
88.7
96.8
100
100
100
100
100
100
100
100
100
100
100
100
100
100
97
83.3
79
74.5
69.7
84.7
89
89.2
92.8
92.8
97.7
100
100
100
100
100
100
100
100
100
100
100
100
100
99.5
84.5
75.5
74.3
71.5
72.3
79.3
84.5
88.3
95.8
98.8
100
100
100
100
96.2
96.7
94.8
90.8
92
99.7
99.8
100
87.2
76.7
72.2
67.7
62.3
58.2
51.8
50.2
53.8
71.5
80.8
89
91.5
92.7
94.8
99.5
89.7
51.3
60
73.8
89.8
97.2
99.7
100
80.2
61
57
51.3
50.8
48.8
49
49.7
56.5
78.8
91.7
99
100
100
100
100
100
100
100
100
100
100
100
100
100
100
83.8
68.3
61.5
58.2
56.3
59.5
67.5
88
93.7
97.8
100
100
100
100
100
100
100
100
100
100
100
100
100
100
95.3
83
75.7
74.5
76.5
73.2
79.8
93.5
99.2
100
100
100
100
100
100
100
100
100
100
100
100
100
100
100
90.5
76.7
76.2
83.7
86.7
92.5
98.5
99.2
100
100
100
100
100
100
99.7
99.5
100
100
100
100
100
100
100
100
95.8
94
95.5
93.5
90
92.8
95.7
98.8
100
100
100
100
100
100
100
100
100
100
100
100
100
100
100
99
92.7
91.2
88.2
89.2
94.8
98
99.5
100
100
100
100
100
98.5
95.2
94.8
94.3
94
93.7
93.5
95
94.3
92.2
90.2
89.3
83.7
79.3
81
87.8
88.3
90.7
87.2
84
86.5
95.5
98
99.8
96.8
93
91.7
90.8
92.5
96.7
93.3
89.8
84.8
84.5
92.3
80.7
74
72.5
70.3
68.2
71.3
75.5
84
99.3
100
100
100
98.3
94.8
96.5
97.8
97
99
100
100
100
100
100
100
100
89.3
81.2
85.2
89.8
87.3
87.2
92.3
95.2
99
100
100
100
100
100
100
100
100
100
100
100
100
100
100
100
84.3
74.3
69.7
69.2
68
69
80.5
95.8
99
92.8
96
97
97.2
99.8
100
100
100
100
100
100
100
100
100
95.7
82.7
80.3
83.2
83.2
84.7
88.7
89.3
95.8
99.5
100
100
100
100
100
100
100
100
100
100
100
100
100
100
100
87.5
84.3
76.8
72.7
78.5
84.8
89.7
87.7
96.2
99.7
100
100
100
100
100
100
85.2
82.2
79.5
76.5
79.3
79
77.7
74.5
75.3
93.8
97.3
88
89.5
90.5
83.2
86.2
84.8
90.2
88.8
87.2
94.3
100
100
100
100
100
100
100
100
100
100
100
100
98
84.7
83.2
79.8
69.7
65.5
62.8
70.8
95.5
82.3
74.2
71.2
71
75.7
74
73.5
75.8
74.8
72.3
76.2
87.2
87.5
74.7
67.5
65.6
65.3
66.8
63.5
68
68.3
76.2
77.5
76
81.3
92
97.5
96.3
98.3
100
100
100
100
100
100
100
100
99.5
76.8
69
64.8
66.8
64.5
70.8
80.8
89.3
95.7
98
98.7
97.8
99.8
99.2
99
97.2
97.5
99
97.7
85.7
84.3
84.3
93
98.3
97.3
92.7
83.3
87.2
92.2
96
94.5
92.8
94
95.7
96
97.2
98
99.5
100
100
100
100
100
97.8
99.2
100
100
100
100
97.8
94.8
91.3
86.2
82.2
89
95.5
98.8
100
100
100
100
100
100
100
100
70.5
84
95.7
99.5
100
100
92.5
83.8
80.2
92.3
92.7
95.7
98.2
99
98.3
98.2
98.7
99.7
100
100
100
100
100
100
100
100
100
100
100
100
87.7
81.8
78.7
75.2
72
69.5
73.5
81.8
95.7
100
100
100
100
100
100
100
100
100
100
100
100
100
100
99.5
84.7
79.3
71.8
66.5
63
60.7
57.8
73
91.5
77.3
72.5
86.8
99.3
100
100
100
100
100
100
100
100
100
100
100
100
91.2
69
73.7
72.7
69.8
73.2
82.2
94.7
99.5
100
100
100
100
100
100
100
100
100
100
100
100
100
100
98.8
91
89.2
87.5
83.5
86.5
84.7
84.8
91.8
100
100
100
100
99
99.7
100
95.8
91
93.3
98.7
97.5
99.5
100
100
100
100
100
96.5
93.8
96.5
98.2
99.3
100
100
100
100
100
100
100
100
100
100
100
100
100
100
100
100
76.3
69.3
68.2
69.8
70.8
70.2
71.8
81
92.5
98.8
97.8
100
100
100
100
100
100
100
100
100
100
100
100
100
97.5
51.8
36
45
57.2
59.3
68.8
75.5
79.3
78.2
85
89.2
89.7
86.2
91.2
97.7
99.5
100
98.5
92.2
86
92
97.7
99.8
88.2
55.8
44.7
42
41
41
40.8
57.5
80.5
90.3
94.3
96
99.8
100
100
100
100
100
100
100
100
100
100
99.5
77
74
65.3
59.7
57.2
58.2
63.7
73.5
85
91.8
94.7
98.2
100
100
100
100
100
100
100
100
100
100
100
100
100
92.5
81.2
78.3
83.3
93.7
98.5
100
100
100
99.2
95.7
99.5
100
100
100
97.2
92
96.3
100
100
100
100
100
100
100
100
100
99.7
100
100
100
100
100
100
100
100
100
100
100
100
100
100
100
100
100
100
100
100
93.5
75.2
67.8
67
68.7
67.3
79.8
96.5
100
100
100
100
100
100
100
100
100
100
100
100
100
100
97.7
75.8
67.8
68.8
71.7
69.8
66.8
70
79
92
95.7
98.8
100
100
100
100
100
100
100
100
81.2
90
97.7
98.7
98.7
94.2
90
94.8
96.5
96.7
97.7
97
97.7
99.7
100
100
88.2
91
90.8
74.3
77.5
85.8
72
88.2
77.3
92.3
77.3
67.8
75.2
85.2
98.8
100
100
100
100
100
100
100
100
100
100
100
100
100
100
100
100
100
100
100
100
100
100
99.8
84.8
78.7
76.3
81.8
85
78.3
73.8
80.2
68.2
64.2
67.5
68.5
77
71.5
80
78.8
90.5
93.2
85.3
73.2
71.7
76
85.7
80.2
71.3
77.5
79.7
85
87.2
88.5
90.3
91.8
91.8
93.5
94.3
98
95.5
82.5
77
78.7
78.2
76.8
83.8
86
83.3
79.5
78.8
76.7
72.8
62.5
59.8
61.8
60.8
64.7
73.7
74.3
74.7
91.8
96.7
96.5
98.5
95.8
96.3
98.3
99.8
99.7
91.3
86
88
88.2
91.7
97.5
98.5
95.2
93.2
91.3
93.8
98.8
100
100
100
100
100
100
100
100
100
100
100
100
100
100
92.2
74.5
90.2
96.8
90.2
86.5
78.5
69.2
75
79.8
82.7
76.7
75.3
82.7
93.3
99.3
100
100
100
100
100
100
100
100
100
100
100
100
99.7
69.3
63.8
54.7
28.5
26.2
26
27.7
24.8
27.2
29.3
35.8
55.7
65.3
66.2
72.8
72.5
76.8
77.7
81.8
81
78.5
72
48.8
36.3
30.2
27.7
31.3
30.7
31.8
41.8
52.7
64.5
73.7
73
25.8
28.5
43.3
42
37.5
56.8
60
67.7
67.3
70
71.7
70.8
48.7
36
23.7
26.5
24.8
23.7
NA
NA
62.2
76
79.8
86.2
91.5
94.8
95.8
97.2
69
40.8
38
40.7
64.7
81.8
89.8
96
78.2
55.2
48.7
49
47.7
49.5
53.3
59.8
64.5
66.5
79.2
89.2
93
96.3
97.3
95.2
96.3
98.8
99.8
100
100
100
100
100
100
92
66.2
59.8
54.5
51.5
54
67.5
82.5
91.8
95.7
98.2
99.3
98.3
99.8
100
100
100
99.8
96.3
77.3
88.8
95.2
98.3
98.5
100
100
100
100
99.5
99.3
99.3
100
100
100
100
100
100
100
100
100
100
100
100
100
100
100
100
100
100
96.5
66.8
56
53.7
56.5
70
82.3
89.7
96.5
99.8
100
100
100
100
100
100
100
100
99.3
98.2
99.2
100
92.7
57.8
43.5
39.2
43
46.5
49.8
65.2
80.8
90.5
95.3
98.5
100
100
100
100
100
100
100
100
100
100
100
100
100
100
72.8
50.7
49.7
51.5
56.7
72.5
88.5
95.3
98.3
99.2
99.8
100
100
100
100
100
100
100
100
100
100
100
100
100
75.3
63.8
61.5
61.3
65.8
78.3
90.7
96.8
99.3
99.8
100
100
100
100
100
100
100
100
100
100
100
100
100
99.7
73
54.8
55.7
58.3
50.7
70.7
89.5
93.3
95.7
98.3
95.5
86.8
57.8
45.5
66.7
46.7
43
41.3
44.7
56.3
56.8
57.2
54
52.5
51.8
51.7
53.5
59.8
63.5
70
83.2
93.5
94.8
98.7
92.2
82.2
93.5
98
99.8
100
100
100
100
100
100
100
100
92.5
58.7
59.5
50.8
47.5
52.3
72.3
84
83.8
82
90.3
95.7
99.7
100
100
100
100
100
100
100
100
100
100
100
100
88.7
65.5
69.7
73.2
74.5
84.8
95.3
99.2
100
100
100
100
100
100
100
100
100
100
100
100
100
100
100
100
100
100
88.3
85
84.5
89.3
95.7
99.2
100
100
100
100
100
100
100
100
100
100
100
100
100
100
100
100
99.3
67.3
68.3
70.7
73.7
84.2
95.2
99.2
100
100
100
100
100
100
100
100
100
100
100
100
100
100
100
100
100
100
97
87
83.2
89.5
96.2
99
100
100
100
100
100
100
100
100
100
100
100
100
100
100
100
100
100
91.8
83.5
86.8
88.2
91
96.2
99.2
100
100
100
100
100
100
100
100
100
100
100
100
100
100
100
100
100
87.5
76
75.3
76.8
86
95.3
98.5
100
100
100
100
100
100
100
100
100
100
100
100
100
100
100
100
99.3
72.3
68.7
64.2
69.7
82.5
93.2
97.8
100
100
100
100
100
100
100
100
100
100
100
100
100
100
100
100
86
64
53.2
59
66.3
78.3
91
96.7
99.5
100
100
100
100
100
100
100
100
100
100
100
100
100
100
100
82.7
55
50.5
53.7
59.8
77
91.2
95.7
98
99.3
100
100
100
100
100
100
100
100
100
100
100
100
100
100
91.5
61.3
61.2
61.8
64.5
77.7
91.3
96.3
98.3
98.8
100
100
100
100
100
100
100
100
100
100
100
100
100
100
99.8
64.8
62.8
60.5
65.3
77.3
89.3
92.5
94.7
95.7
97.7
99.2
100
100
100
100
100
99.7
96
91.8
95.3
98.5
99
96.2
89.7
85.5
89.8
93.2
94
95
95.7
97
95.5
98.5
100
100
100
99.5
96.7
100
100
100
100
100
100
100
100
100
100
100
100
100
100
100
100
100
100
100
100
100
100
100
100
100
100
100
100
100
100
100
100
100
100
100
100
100
100
100
100
100
100
100
100
100
100
100
100
100
100
100
100
100
100
100
100
100
100
100
100
100
100
100
100
100
100
100
100
100
100
100
100
100
100
100
100
100
100
100
100
100
100
100
100
100
100
100
100
100
100
100
100
100
100
100
100
100
100
100
100
100
100
100
100
100
100
100
100
100
100
100
100
100
99.8
87
86.5
88
86.2
86.8
86.2
86
85.3
84.2
84.2
84.2
84.5
83.7
82
83
83
89
88.2
90.3
92.8
97.8
97.3
97.5
91.8
87.5
91
97.7
99.8
100
99.3
94
89.7
88
85.7
83.5
92.5
90.2
80
81
82.5
73.3
68.2
68.8
68.7
71.2
69.7
68.7
88
85
96.3
99.2
97.2
99.7
95.8
99.8
95.7
93.2
100
100
100
100
100
100
76.5
66.7
59.5
65.7
80.2
93.8
99.7
100
100
100
100
100
100
100
100
100
100
100
100
100
100
100
100
100
100
99.2
74.7
69.5
69.5
69
65.7
65
67
71.5
76.8
74.3
74.5
80.3
83
89.7
95.5
100
100
100
100
100
100
100
100
100
100
100
93.7
98.3
100
100
99.3
95.2
97.5
99.5
100
100
100
100
100
100
100
100
100
100
100
100
79.8
59
61
59.7
57.2
66.7
84.3
93.2
98
100
100
100
100