51.9
50.2
50.5
53
51.1
56.3
57.3
58.3
60
58.3
53.7
46.9
42.5
41.5
41.1
42.8
43.7
53.2
59.5
62.6
66.9
67.5
67.8
67.3
67.6
69.1
66.5
68.6
68.4
67.2
67.7
68.7
66.1
63
53.7
47
42
41.3
40.8
41.8
44.7
49.1
55.6
60.6
60.5
64
63.4
65.9
67.1
68.1
70
71
74.7
71.3
74
78
79.1
75.9
69.3
62.9
60.7
59.5
59.6
62.5
64.9
71.5
79.4
81.2
79.5
77.6
79.3
77.9
79.6
83.1
81.7
85.9
89
86.4
82.5
88.5
90.5
88.5
78.1
70.9
66
65.4
66.1
66.2
67.2
75
81.6
85.4
89.1
91.6
92.7
92.6
89.9
88.9
88.6
86.4
83.5
81.9
81.6
80.8
80.2
77.5
68.2
63.7
62.2
61.7
61.3
57.8
61.7
70.1
75.5
79.4
82.6
82.8
81.5
81.2
80.9
80.1
80
80
77.2
76.1
75.7
74.3
72.6
69.9
63.8
58
53.4
50.3
47.9
46
50.7
59
67.4
70.3
70.4
69.8
69.1
68
67.2
67.3
65.5
65.9
65.4
67.3
67
68.5
70.4
74
73.5
68.2
61.1
58.8
57.4
54.5
53.5
60
67.1
69.5
70.8
69.6
68.4
69.2
68.4
67.9
65.8
66.6
65.3
65.7
66.6
66.3
65.6
67.2
59.7
51.2
48.6
45.4
46.5
47.7
54.8
62
67.1
71.7
70.4
69.8
70.5
72.2
70.9
71.6
71.9
71.7
71
71.4
70
69.3
68.6
66.4
60
51.7
48.4
48.4
49.6
51
54
60.9
66.2
69.9
70.5
70.7
70.7
69.3
69.4
66.4
66.6
67.8
68.1
67.6
68
68.1
67.8
66.7
58
51.9
49.3
47.2
47.7
50.3
52.8
59.9
67.5
70.5
71.4
70.2
70.1
71.1
69.8
71.4
71.3
71.6
71.5
71.5
70.2
70.2
70.8
68.6
61.2
55.2
51.2
56.8
57.9
57.5
60
68.9
74.8
79
79.5
81.8
81.3
82.9
81.2
82.2
82.8
82.6
83.7
83.3
81.9
84.6
83.2
80.8
71.8
63.9
56.7
54.7
55.8
57.2
58.1
66
72.6
77.3
76.6
75.6
74.8
68.8
68.5
70.9
71
72
72.8
73.5
74
74.2
73.6
70.9
61.5
57.2
54.1
53.9
53.7
52.3
55.7
65.6
70.3
71.4
75.1
76.9
80
79.3
78.4
78.1
79.4
79.3
81.5
81.6
82.7
83.7
78.4
75.5
70.7
64.9
67.5
66.9
64.9
65.5
66.5
71
74.4
80.6
83.6
87.3
88.1
90.3
91
91.6
91.7
93.6
96.4
91.1
96.7
97.3
97.4
96.2
84.5
78.7
76.5
73.2
71.9
71.2
72.1
78.7
85.1
92.5
95.9
95.6
94.9
88.8
89.9
90.4
89.9
91.4
92.5
92.4
93.9
92.1
96.1
96.3
89.2
79.5
77.3
75.1
74.6
75.6
77.1
83.3
88.1
95.2
97.4
97.4
97.5
97.5
97.5
97.5
97.6
97.6
97.6
97.6
97.5
97.5
97.5
96.8
83.1
75.7
72.8
68.7
65.1
65.3
68.2
75.8
85.9
90.1
90.2
89.7
90.4
90.3
90
91.7
94.8
97.4
97.6
97.6
97.6
97.6
97.6
97.6
92
79.2
72
66.6
67.6
66.9
68.3
77.8
87.4
92.8
97.3
96.2
94.9
84.7
85.9
85.4
85
85.8
85.6
85.2
84.7
84.9
84.4
81.5
75
63
59.5
55.3
54.8
61.3
75.2
78.2
82.1
85.9
80.5
82
84.1
84.4
90.7
90.9
95.5
97.2
97
95.2
97.4
92.6
91.8
86.5
76.3
68
65.7
65.4
66.5
67.3
69.4
74.1
80
86
85.8
86.6
88.6
89.9
91.8
91.8
92
94.9
96
97.4
97.4
96.1
96.4
90.5
76.3
62.7
58
62.1
61.2
65
66.1
66.9
73.8
81.8
90.7
94.6
96.5
97.4
97.5
97.4
95.4
95.8
91.7
82.3
83.5
85.3
86.3
87.9
94.9
94.9
90
97
97.4
97.5
97.6
97.7
97.7
97.7
97.8
97.8
97.8
97.8
97.9
97.9
98
98
98
98
97.8
96.2
96.7
97.4
97.6
97.6
97.6
97.6
97.6
97.7
97.7
97.8
98
98
98
98
98
98
98
98
98
98
98
98
98
98
98
98
98
98
98
98
98
98
98
98
98
98
98
98
98
98
98
98
98
98
98
98
98
98
98
97.9
89.7
80.2
77.2
74.2
70
69.2
71.5
81.4
97.1
97.6
90
89.9
76.9
91.6
88.9
97.2
96.7
97.5
97.5
97.5
97.5
97.4
93.5
95.2
92.2
85.8
71.9
69.2
71.9
72.8
75.4
92.1
97.5
97.7
97.8
97.9
97.9
97.9
97.8
97.8
97.7
97.7
97.6
97.6
97.7
93.8
97.4
97.1
96.2
79.2
73.5
72.4
70
69.4
72.7
78.7
80.9
87
92.2
96.9
97.5
97.5
97.5
97.6
96
97.6
98
98
98
97.8
97.9
97.8
92.4
80.8
76.9
75.9
77.1
79.8
80.5
88.2
97.2
97.6
97.7
97.9
97.9
97.9
98
98
98
98
98
98
98
98
98
98
98
97.8
97.5
97.1
94.6
93.8
97.5
97.6
97.8
98
98
98
98
98
98
98
98
98
98
98
98
98
98
98
98
97.6
97.4
97.3
97.4
96.8
97.5
97.6
97.7
97.8
97.9
98
98
98
98
98
98
98
98
98
98
98
98
98
98
98
98
98
97.9
97.8
97.8
97.7
97.6
97.6
97.7
97.7
97.7
97.8
97.9
98
98
98
98
98
98
98
97.9
97.8
97.7
97.6
97.5
97.4
96.9
95.7
94.6
96.7
97.7
97.8
97.9
97.9
97.9
97.9
98
98
98
98
98
98
98
98
98
98
98
98
89.1
80.2
80.1
79.5
78.7
85.4
96.9
97.7
97.8
97.9
97.4
89.5
86
87.1
91.3
79.8
87.2
87.1
93.1
91.3
89.4
76.1
70
63.9
63.9
67.2
70
69.3
72
75.3
85.9
88.7
93.5
96
97.5
97.5
97.5
97.6
97.9
98
98
98
98
98
98
98
97.8
96
91.1
87.4
85.2
87
90.9
97.1
97.8
98
98
98
98
98
98
98
98
98
98
98
98
98
98
98
97.3
81.9
75.5
76.3
74.6
72
75
80.4
87.1
93.5
97.1
97.7
98
98
98
98
98
98
98
98
98
98
98
98
98
98
98
98
98
98
98
97.9
97.6
97.9
97.9
97.8
98
98
98
98
98
97.8
97.5
97
97.1
97.6
97.7
97.9
97.9
97.6
94.5
91.5
91.7
90.8
90.5
96.2
97.5
97.8
97.9
98
98
98
98
98
98
97.9
97.7
97.8
97.8
97.8
97.7
88.9
79.3
73.1
71.3
71.6
66
65.4
67.5
74.3
89.2
95.9
97.2
97.5
96.8
97.2
90.7
97.3
97.6
96.3
97.6
97.6
97.6
97.6
97.7
97.1
83.3
78.1
76.3
74
74.2
74.5
73.6
77.4
87.5
94.7
97.5
97.5
97.5
97.5
97.5
97.4
97.5
97.5
97.5
97.5
97.6
97.6
97.5
96.1
79.8
72.9
69.5
68.6
49.4
41.3
42.3
44.3
50.1
53.9
57.5
57.1
58.3
64.8
66.6
67
65.7
66.2
66.4
71.9
81.6
82.6
77.2
64.4
61.8
61.9
63.2
66.4
66.2
64.4
63.2
65.9
75.1
79.2
82.4
84.6
87.9
89.5
92.4
93.8
97.4
97.4
97.5
97.5
97.2
97.4
96.9
83
72.3
66.3
62.5
64.3
65.4
64.7
68
72.2
82.6
92.3
97.3
97.8
98
98
98
98
98
98
98
98
97.9
97.8
97.9
97.8
97.6
97.8
97.8
97.6
97.6
97.6
97.5
97.7
97.9
97.9
98
98
98
98
98
98
98
98
98
98
98
98
98
98
98
98
98
97.9
97.6
97.7
98
98
98
98
98
98
98
98
98
97.9
97.8
97.9
98
98
97.9
98
98
98
98
98
98
98
98
98
98
98
98
98
98
98
98
98
98
98
98
98
98
98
98
98
98
98
98
98
98
98
98
98
98
98
98
98
98
98
98
98
98
98
98
98
98
98
98
98
98
97.8
97.6
97.1
93.9
90.9
92.7
94.2
97.2
97.5
97.5
97.7
97.8
97.9
98
98
97.8
97.9
97.9
98
98
97.8
97.9
98
97.9
97.9
91.2
82.1
77.6
72.4
72.2
71.7
77.6
89.7
97.4
97.7
97.8
97.9
98
98
97.9
97.9
97.9
97.6
94.7
97.1
91.1
90.5
82.1
71
63.1
58
59.4
63.2
67.1
67.6
66.2
64.3
48.9
59.5
60.8
63.8
69.1
72.6
72.5
73.8
72.8
74.7
76.3
75.8
75.2
78.1
76.3
73.3
66.4
63.1
65.8
63.4
62
61.7
61.3
66.1
77.8
83.6
90.1
90
94.6
83.9
87.9
91.5
94.6
96.1
97.2
97.5
97.2
92.9
92.6
95.7
89.9
83.8
82.2
80.8
73
66.2
69.4
51.2
41.4
40.5
39.6
41.2
43.7
49.7
49.2
52.9
60
60.8
57.2
62.3
63.5
66.1
61.8
52.6
47.7
46.8
51.1
53.2
55.5
54.7
56.6
58.3
61.2
64.4
68.5
69.1
72.4
75.2
76.6
76
78.4
78.7
80.3
79.1
80.2
78.1
76
67.2
61.3
59.8
62
61.9
59.9
60.1
61.9
63.7
70.6
77.8
80.4
83.1
89.8
97.1
94.2
97.5
97.5
97.3
97.5
95.1
77.4
53.2
47
41.4
41.6
40.6
38.5
37.4
37
36.4
35.9
35.4
37.3
42.4
43.8
46.5
48.9
54.4
52.6
55.4
52.9
57.8
64.2
64.3
63.7
65.6
62.4
53.3
48.7
46.3
47.4
48.4
51.9
51.3
49.5
51.2
60.4
68.6
73.7
74.9
72
75.3
79.7
79.9
82.4
83.9
82.2
86.1
86.4
85.8
80.2
73.5
66.5
62.2
59.8
60.8
61.7
63.7
65.5
67
71.3
77.9
81.6
82.1
82.5
76.5
76.9
77.1
79.2
75.6
80.3
88
96.6
97.6
97.8
97.8
97.8
97.8
97.9
98
98
98
98
98
98
98
98
98
98
98
98
98
98
98
98
98
98
98
98
98
98
98
98
97.5
91.7
89.4
77.7
81.1
89
97.5
97.5
97.7
97.8
97.9
97.9
97.9
97.7
96.9
97.7
97.7
97.6
97.6
97.6
86.8
84.3
85.7
83.5
81.4
82
86.3
96.3
97.9
97.9
97.7
97.8
97.8
97.8
97.8
97.8
97.7
97.6
97.6
97.8
98
98
98
98
98
98
98
98
98
98
98
98
98
98
98
98
98
98
98
97.7
97.5
97.6
98
98
98
98
98
98
98
98
98
98
97.7
97.7
87.5
77.3
80.6
88.5
97.6
97.8
97.8
97.8
97.6
96.9
97.7
97.6
90.1
97.5
97.7
97.7
97.8
97.6
85
77.3
73.8
71.2
70.2
71.1
70.8
69.9
72.3
76.1
87.5
96.6
96.4
96.7
94.2
89.3
97.4
97.5
97.6
97.4
97.5
97.6
97.7
97.5
87
79.4
77.5
74.2
66.8
61.4
61.5
67.9
67.1
73.2
85.6
85.5
83.3
78.6
77.7
83.7
90
88.2
84.1
79.7
85
88.1
92.8
97.7
98
97.9
97.2
92.4
98
98
97.8
97.6
97.5
97.4
97.5
97.7
97.7
97.7
97.8
97.9
98
97.8
97.9
97.9
97.9
98
98
97.9
97.5
90.3
82.4
81.6
77.8
75.3
77
78.2
77.4
79.7
91.6
97.4
97.3
97.5
97.4
97.8
97.8
97.5
97.8
97.6
97.7
97.5
97.5
97.5
97.7
98
95.6
91.3
89.6
79.1
76.3
74.2
73.5
79.8
91.7
97.5
97.5
97.6
97.7
97.7
97.8
97.8
97.8
97.8
97.7
97
97.6
97.6
96.3
80.7
67.6
67.9
66.5
66.8
66.7
67.7
69.3
75.9
82.7
85.4
91.3
97.3
97.3
97.5
97.4
97.5
97.5
97.5
97.6
97.6
97.7
97.4
83.6
72.3
65.8
64.9
66.5
67.1
64.5
59.1
51.3
58.7
70
76.1
81.7
82.5
86.8
91.3
89.7
89.7
94
96.1
96.8
97.2
96.7
90.5
74.9
65.2
59.8
59.1
58.8
59.4
60.5
60.9
60.9
63.4
72.1
77.6
79.5
85.6
87.6
90.4
90.4
93.1
92.6
95.2
88.5
87
88.1
80.1
74.4
67.4
65.4
64.7
65.9
60.1
56.4
56.5
59.6
64.3
75.2
79.4
84
85.6
80.2
84.8
88.9
86.3
79.3
80.1
78.4
77.3
77.8
77
63.2
59.8
59.5
61.2
60.2
57.4
58.1
57.3
58.1
62.7
68
75.4
79.1
81
72.2
80.5
84
84
85.4
86.9
85.9
83
85.1
84.1
73.2
69.4
64.7
63.1
63.8
65.4
68.6
71.6
74.1
76.7
91.2
92
94.1
88.3
89.9
92.2
97.4
95.9
92.8
94.2
96.2
97.6
97.5
97.1
94.4
89.5
NA
NA
NA
NA
67.2
65
68
70
82.1
87.1
95
97.4
97.5
97.5
97.2
97.6
97.6
97.5
97.5
97.6
97.6
90.1
76.1
71.3
69.6
69.2
66.3
65.3
63.2
64.3
65.9
71.4
78.4
79.6
80.9
82.1
84.3
85.4
80.5
85.4
89.6
91.4
97.5
97.5
97.6
97
85.9
76.6
73.2
69.5
70
70.9
73.1
73.5
74.1
76.9
85.9
94.7
97.4
97.6
97.6
97.6
97.6
97.6
97.6
97.6
97.6
97.5
97.5
95.5
84.2
79
71.3
67.4
65.1
62.1
61.7
62.7
62.4
65
70.6
77.7
82.5
82.5
82.2
81.5
84.6
85.7
84.6
92
93.4
91.3
95
94.2
85.9
77.8
73.1
69.8
69.2
66.9
65.6
65.8
66.1
68.3
71
76.8
76.1
71.5
72.4
76.6
81.1
85.9
89.7
82.8
86.3
97.5
97.6
91.9
78
72.4
73.6
70.1
68
66.6
62.1
60.1
52.4
44.1
41.6
45.3
44.1
52.9
51.8
48.9
49.2
72.4
95.1
97.5
97.6
97.6
97.6
91.5
72
61.8
64.2
66.1
63.6
46.5
41.1
40.2
39.8
41.4
45.6
47.3
42.1
50.6
57
61.3
80.7
84
81.5
65.1
51.6
51
49.5
48.1
45.8
44
43.1
42.1
40.9
40.3
40.7
42.1
43.9
47.4
51.1
52.5
53.6
53.4
53.8
56.2
57.9
51.9
48.2
50.9
50.1
50
49.9
47.2
44.4
41.1
39.8
38.9
38.1
37.3
36.3
36.1
36.5
37.2
38
38.5
38.6
39.1
42.6
49.9
53.2
59.2
62.8
66.8
69.8
67.9
67.3
58.1
53.4
43.1
43.5
39.4
37.4
35.7
35.7
36.3
36.1
36.8
37.9
39.6
42.1
42.5
40.7
42.1
50.4
55
55.4
57.2
58
62.4
61.1
53.4
47.6
41.8
41.4
41.9
40.9
40.2
40.2
40.6
41.1
43
49.9
55
57.5
60.7
64.9
66.2
66.9
67.3
68.3
70
69.2
68.3
69.1
66
53.5
51
52.6
52
52.4
52.2
51.1
51
50.4
51.8
54.1
58.7
64.5
65.2
69.8
72.2
74.7
75.3
77.5
79
79.5
77.4
79.8
75.2
75.3
69.4
65.8
65.9
63.3
59.8
59
58.1
58.6
59.9
61.9
64.1
63.1
62.6
61.9
63.4
66.9
72
74.2
76.7
76.5
78.7
78.7
69.9
61.9
54.6
53.1
53.2
52.5
51.1
49.7
49.8
51.5
53
57
59.6
66.4
69.3
71.3
71.9
70.7
69.2
72.7
70.9
76.1
77.1
76.6
68.3
59.7
51.3
49
48.8
49.4
49
48.4
48
48.6
50.6
55.7
62.5
66.8
70.2
70.4
71.3
73.1
74.9
75.8
77.6
78.9
79.1
75.7
64.6
53.5
50.6
49.3
49.8
49.2
46.9
46.3
49.5
51.2
55.3
60.8
64.1
63.7
63.6
64.2
68
67.7
68.3
67.1
68.6
71
68.7
67.5
60.3
55.4
51.6
48.6
48.5
46.2
44
42.8
40.9
41.3
43.2
50.7
54.5
57.3
61
61
65.5
65.9
66.5
68.5
70.8
68.9
62.5
68.1
61.9
55.8
51.8
52.8
49.3
44.3
42.7
43.1
43.9
44.7
46
54
58.7
63.4
65.6
67.3
66.8
66.7
68.7
70.6
72
72.5
63.7
65.9
62.1
57.4
53.1
52.7
50.7
48.9
46.4
44.5
44.1
45.1
47
50.2
54.2
57.8
63.4
66.9
66.1
65.1
69.8
71.2
69.9
68.4
67.4
68.7
63.8
58
54.4
51
50.5
50.4
50.4
50
53.1
53.3
55.5
57.3
63.5
66.7
66.4
69.9
67
70.8
69.1
82.3
71.1
68.7
69.1
68.9
67.3
62.9
56.5
53.6
56.9
54.5
59.5
62.7
57.7
61.5
60.8
62.7
63.1
66.9
67.6
72.2
71.9
72.2
74
90.8
97.6
97.5
97.1
97.6
86.2
69.6
63.7
61.7
60.5
59.2
58
58.4
58
58.2
58.8
59.3
60.2
62.5
61.1
62.8
68.2
72.8
76.9
79.9
80.8
79
80.4
81.6
86.9
84.6
83.6
80.4
75.5
70.9
68.8
69.9
72.7
73.9
73.8
75.6
88.2
97.4
97.5
97.5
97.5
97.6
97.1
97.5
94.6
93.1
92.7
89.3
85.8
81.3
76.4
76.2
77.8
76
76.1
77.2
77.6
78.8
91.3
97.7
97.9
98
98
98
98
98
98
98
97.8
97.9
97.9
97.7
97.4
97.4
97.3
95.1
95.3
97
97.4
97
97.2
97.5
97.8
98
98
98
98
98
98
98
98
98
98
98
98
98
98
98
98
98
98
97.9
NA
97.8
97.7
97.8
98
98
98
98
98
98
98
98
98
98
97.9
98
97.9
98
97.8
97.2
94.1
87.2
80
74.7
70.9
70.5
71.6
72.5
74.6
78.6
80.8
87.6
83.9
86.1
87.9
91.7
95.5
89.6
94.2
96.8
89.3
92.8
93.4
87.9
84.4
81.9
79.4
84.8
97.3
97.6
97.9
98
98
98
98
98
98
98
98
98
98
98
98
98
98
98
98
98
98
98
98
97.9
97.7
97.6
97.7
97.7
97.7
97.8
98
98
97.9
98
98
98
98
98
98
98
98
98
98
98
98
98
92.5
85.1
75.5
75.5
95
97.8
97.5
91.2
90.4
91.1
96.6
97.8
97.6
97.6
97.7
97.7
97.7
97.7
97.8
97.7
96.5
84
77
73.1
71.6
71.8
71.5
76.5
69.4
71.7
73.7
88.4
97.8
97.6
95.9
97.5
97.4
97.9
98
98
98
97.9
97.8
97.6
98
98
97.9
97.7
96.5
92
87.1
79.6
79.5
79
80.2
83.5
90
97.3
97.6
97.5
97.6
97.6
97.6
97.6
97.5
95
89.1
87
88.6
83
81.8
80.1
80.5
96.4
97.6
97.3
97.6
97.5
97.7
97.7
97.8
97.8
97.9
98
98
97.9
97.8
97.9
98
98
98
98
92.7
79.5
78
74.8
72
70.7
68.4
66.6
66.3
75.8
82.3
88.1
96.9
97.5
97.6
97.7
97.8
97.9
97.8
97.7
97.9
97.9
96.7
94.9
84
72.8
68.8
65.2
63.2
63.5
62.8
62.3
61.1
60.3
73.1
83.5
81.7
82.4
88.5
80.2
80.3
89.3
96.4
97.5
97.5
97.6
97.5
97.4
87.2
73.6
67.8
67.3
67.6
67
68.4
63.8
62.4
62.9
65
67.5
69.7
96.8
97.2
93.1
95.8
97.6
97.8
97.2
97.8
97.8
97.8
97.5
86.3
81.9
79.5
77.5
74.3
74.9
75.6
77.5
77.5
80
83.8
78.5
83.7
87.1
85
91.2
92.6
95.3
94.3
97.3
96.8
95
79.2
75.6
84.3
78.9
64.3
57.5
54.1
53.9
56.7
61.3
62.8
63.4
63.6
73.9
79
79.1
81.9
87.5
84.8
90.7
93.7
95.6
96.5
91.7
81.1
78.6
70.8
63.8
63.8
63.4
64.3
64.2
62.2
60.6
58.3
59.3
59
66.4
69.6
76.6
85.2
85.8
84.7
83.2
78.3
80.7
89.9
93.5
97.5
86.7
73.8
64.6
60.1
58.7
58.1
57.2
56.4
55.1
55.6
55.2
56.4
59.8
66.9
72.7
76.3
78.5
81
83
85.1
85.9
83.3
87.5
87.8
85.4
78.6
71.2
62.7
59.6
60.8
59.9
57.5
58.3
60.2
60.9
62.1
66.2
68.8
67.4
68
75.4
82.8
94.7
94.3
95.6
97.5
97.5
97.5
90.7
72.3
67
64.9
62.3
62.1
61.5
61.1
62
60.9
61.4
63.2
66
71.7
77.9
80.6
78.5
86.1
90.4
89.7
92.1
90.2
93.6
95.9
84.4
72.2
65.5
62.5
61.6
60.4
60.2
59.4
59.6
59.5
61.6
63.6
63.9
69.3
67.5
67
70.9
75.4
78.6
82.4
94.8
97.6
97.7
97.8
97.6
95.8
85.6
76.9
68.8
55.9
57.9
41.4
37.8
34.9
34.8
35.6
79.7
79.9
82
86.7
94.8
97.5
97.2
93.9
94.5
93.7
96.3
97.3
91.8
81.1
77.9
72.1
68.3
63.4
61.8
62
63.1
64.5
65.9
66.4
69
75.8
77.9
78.9
82.8
86.9
92.9
89
85.2
87.7
91.9
92
88
86.6
82.5
92.8
87.1
95.9
97.5
96.4
91.2
77.8
73.8
76.9
85.1
97.4
97.5
97.7
97.7
97.7
97.8
97.8
97.7
97.7
91.5
97.6
94.2
87.9
78.8
73.1
75.9
73.6
70
68.6
66.9
65.2
64.4
65.2
70.4
77.5
84.1
88.6
88.5
80.3
77.8
79.5
81.9
87.2
85.1
85.5
88.6
89.5
75.8
72.5
70.7
67.7
64.8
63.7
63.3
65
72.2
72
81
86
82
82.6
86.1
87.6
82.1
84.3
85.6
89.9
96.9
97.5
97.6
97.6
97.5
97.5
97.5
97.6
91.6
79.9
81.8
96.7
91.7
94.2
97.6
97.7
97.8
97.8
97.8
97.9
97.9
98
97.9
97.9
97.9
97.7
97.8
97.6
97.3
91.2
92.7
97.8
97.7
97.9
97.7
93.8
86
96.5
98
98
98
98
98
98
98
98
98
98
98
98
97.6
97.8
98
97.9
98
98
97.9
88
78.7
81.9
86.3
85.3
89.5
86.9
85.9
86.7
89.9
94.5
93
93.4
97.6
97.5
97.5
97.1
96.5
93.2
90.9
97
97.9
98
97.7
81.8
84.4
97.7
85.3
72.7
79.5
96
97.3
96.1
97.4
89.1
93.4
89
94.2
91.4
81.6
93.2
87.6
81.9
71.6
68.6
68.1
67.1
66
65.3
64.2
64.7
68.7
70.7
71.7
74.5
89.7
92.1
96
95.5
94.7
96.9
97.5
97.5
97.5
96.3
82.2
71.8
62.1
55.6
56.4
54.9
53.9
55.3
55.9
57.8
58.4
58
59.4
62.7
66.1
65.8
75.4
74.3
74
75.9
77.1
81.3
81.6
85.7
92.1
96.8
90.1
75.9
81.2
82.5
87
97.6
97.8
97.8
97.9
98
98
98
98
98
98
98
98
98
98
98
98
98
98
98
98
97.8
97.9
97.8
97.7
97.5
97.9
98
98
98
98
98
98
98
98
98
98
98
98
98
98
98
97.8
96.4
96.2
94.7
85.1
79.5
77.7
71.1
69.1
69.3
79.1
85.2
86.5
92.4
97.9
97.9
97.8
97.9
97.3
97.9
98
98
98
98
98
97.5
87.5
86.3
82.4
76
79.7
76.6
74.5
69.2
72
73.6
77
85.4
84.9
91.4
88.9
93.6
97.6
97.7
97.8
97.8
97.8
97.9
97.6
87.4
84.2
78.5
73.8
71.3
70.3
69.3
68.8
68.8
72
88.4
97.8
97.8
97.6
97.5
96.2
97.8
97.9
97.9
97.9
97.9
97.9
97.8
97.6
96.6
87.9
80.4
74.7
72.4
69.3
68.5
65.9
65.8
65.6
68.9
74.7
88.8
96.4
97.5
97.6
97.6
97.6
97.7
97.8
97.8
97.9
97.7
90.6
79.2
75
73.2
72
69.5
69.2
66.7
65
63.2
62.7
65
68.5
76.6
84.5
96.2
97.6
97.7
97.8
97.5
96.4
94.5
97.9
97.2
88.5
79
73.9
72.1
70.5
69.1
68.7
67
65.9
64
64.5
65.8
71.6
79.1
84
89.1
96.7
97.5
97.6
97.6
97.7
96.4
97.6
97.6
97
90
73.8
68.8
66.7
65.4
64.7
61.8
60.7
59.7
59.1
60.8
63.1
72.5
80.2
86.3
89.1
95.5
96
97.4
97.5
97.6
97.5
96.6
86
75
66.2
64.4
63.8
63.2
60
58.1
56.9
54.5
54.8
53.4
61.7
66.1
68.3
69.8
75.2
77.6
81.8
86.9
91.9
95.7
96.8
95
86.2
79
66.8
58
57
57.6
55.8
57.6
57.6
59.9
60.8
64.9
70.9
73.3
81.2
86.1
94.9
97.5
97.6
97.7
97.7
97.8
96.7
96
86.6
79.1
80.8
76.5
75.2
74.2
71.5
68.5
73.2
76.4
83.4
74.3
72.5
72.1
74.9
75.2
86.2
91.4
95
97.5
97.6
97.6
97.6
97.6
95.5
82.8
75.6
74.4
71
71.6
68
65.7
64.9
63.8
65.9
67.4
69
71.9
72.8
73.9
76.1
77.7
92.6
97.1
94.6
95.5
97.5
97.5
95.2
78.4
70.3
67
64.5
61.3
60.7
61.9
61.6
59.8
60.3
62.7
65.9
74.2
80.9
89.6
93.5
95.3
91.3
88.9
93.8
97.5
92.3
96
87.4
74.4
71.7
70.3
69.2
68.2
66.4
63.2
62.7
65.7
66.4
68.3
72.7
78
86.7
82.7
76
75.9
78.4
90
95.9
93.5
96
93
96.2
90.9
90.4
97.5
97.8
97.8
97.7
97.8
97.8
97.2
92.2
89.3
88.9
97
97.6
97.7
98
98
97.7
88.8
88
95.5
97.7
97.6
91.2
78.4
69.1
67.5
62.5
61.8
62.2
62.6
60.4
58.9
58.8
60.6
66
75.6
88.5
96.6
93.1
97.5
97.7
98
97.9
97.9
97.6
97.6
94.1
81.9
74.9
74.7
75.1
74.6
72.2
71.5
71.9
72.7
72.2
76.4
96.9
97.9
95.8
92.9
83.7
86.9
94.6
97.6
97.8
98
98
97.8
88.5
77
69
68.3
69.4
70.2
70.7
69.1
66.2
64.1
66.9
70.6
70.3
81.2
86.5
97
98
98
97.9
97.5
94.9
90.4
93.3
97.4
96.9
91.7
94.2
94.5
95.1
89.6
74.6
74.5
76.9
82.3
82.6
80.6
85.6
84.7
83.9
84.6
87.3
91.7
93.5
94.9
92.9
96.3
97.6
97.7
89.4
85
74.1
71.7
70.8
68.1
64.7
61.5
62.6
61.1
60.1
61.4
64.2
66.4
72.4
80.1
88.3
96
97.5
96.7
97
97.5
96.9
92.3
76.5
69.4
61.4
58.3
56.2
56.1
55.4
54.3
53.4
53.7
54.1
55.8
61
68.1
75
70.7
70.7
76.4
85.4
83.3
82.7
89.8
94.4
94
82.1
71.5
61.7
59.7
58.7
58.8
58.7
55.6
54.8
54.5
53.6
54.4
62.2
70.4
72.9
79.9
82.8
84.6
79.5
83.1
93
97.5
97.6
97
84.9
74.1
63.3
57.7
57.7
55.3
55.3
56.1
58
57.6
58.5
60.6
63.5
71.2
78.4
88.1
84.5
90.9
94.9
97.6
97.6
97.6
97.8
97.7
91
81.2
73.8
65.4
63.3
64
63.7
61.9
59.8
59
61
63.5
65.4
73.5
79.8
87.2
91
95.4
97.5
97.5
97.6
96.3
96.5
97.5
87
79.3
75.8
72.1
69.9
67.4
66.6
65.3
64.2
64.5
63.9
65.9
66.5
68.8
72.5
77.8
79
77.6
78.6
82.7
79.8
79.3
86.1
83.5
78.4
75.3
71.4
67.7
66.1
64.7
66.5
67.8
70.4
72.9
77
78.6
81
82.8
82.6
84.7
91.1
90.2
95.9
96.5
97.5
97.5
97.5
97.4
88.4
85.6
76.9
77.1
74.9
72.7
71.7
69.4
68.8
71.9
74.3
83
91.6
97.8
97.9
97.7
97.5
95.4
97.5
97.5
97.8
98
98
98
97.9
97.6
96.6
97
90.7
91.9
97.7
97.8
97.3
89.4
83.9
82.4
80.8
79.3
82.4
81.5
81.2
80.4
91.6
97.7
97.5
97.6
97.8
97.7
97.9
97.5
88.8
76.8
70.8
81.8
93.3
84.9
95.3
98
97.9
88
93.1
97.6
97.5
97.5
96.9
97.7
97.7
97.8
97.9
97.9
98
97.9
96.7
87.1
81.1
82.6
75.7
72.3
71.4
71.4
73
72.2
73.4
75.1
81
88.3
94.5
97.5
97.6
97.8
97.6
97.6
92.6
90.8
91.4
97.4
93.8
83.3
87
81.2
77.6
78.7
75.2
66.9
67.7
69.5
69.8
74.7
80.4
87.9
97.4
97.6
92.9
87.7
97.4
97.6
97.8
97.8
97.7
97.7
97.7
97.6
96.9
95.9
89
85.7
81
81.5
90.8
96.3
91.7
83.6
88.2
97.5
97.8
97.8
97.8
97.7
98
98
98
98
98
97.8
92.1
80.3
73.2
67.5
67.7
66.3
64.6
59.5
50.9
49.4
48.2
48
53.4
60.4
64.1
65.8
71.6
73.5
76.2
78.9
75
80.6
81.3
75.8
73.4
65.1
61.7
58.1
58.6
60.3
59.8
59.6
62.7
60.6
61.8
63.2
67.7
71.9
79.9
86.9
94
88.9
95.5
97.5
97.5
97.6
97.5
93.1
97.9
97.8
95.4
73.6
70
68.7
67.2
66.8
65.6
65.3
67.4
67
71.2
81.9
95.1
97.5
97.6
97.7
97.8
97.8
97.9
97.9
98
97.8
95.1
81.7
74.3
71.4
67.7
67.5
65.8
64.6
63.3
63
64
65.2
71
78.9
88.5
96.6
97.6
97.6
97.6
97.8
97.8
97.8
97.9
97.7
92.2
77.6
72.1
69.4
66.6
65.3
63.9
62.1
58.6
56.4
57.2
61
70.7
78.7
90.5
97.3
97.6
97.7
97.7
97.8
97.8
97.8
96.9
94
86.9
74.8
69.7
68.4
67.5
64
60.4
58.7
56.6
57.1
55.8
56.4
62.3
71.5
79.3
85.3
87.5
91.2
94.5
97.3
97.6
97.6
97.6
89.3
79.2
70.5
66.9
64.5
61.2
59
59.1
58.8
58.6
59.5
62.3
64.7
67.7
63.9
67.2
70.1
77
76.2
81.5
95
94.8
97.5
97.5
96
81.9
71.5
66.3
64.2
63.5
63
61.6
61.4
62.6
62
63
64.8
66.3
75.4
89.5
96.7
97.5
97.6
97.6
97.6
97.7
97.7
97.8
97.6
93.3
80.8
73.4
68.8
67.6
67.3
65.2
64.7
63
64.3
67
69.1
72.1
85.3
96.6
97.6
97.6
97.7
97.7
97.8
97.6
97.7
97.8
97.7
95.6
85.3
75.3
72
69.3
66.2
64.3
62.8
62.8
63.6
63.9
65.3
68.1
73.8
76.8
83.3
94.2
88.9
96.9
97.5
97.6
97.7
96.9
97.4
89.2
77.2
67.5
57.2
54.3
56
52.5
53.2
53
53.3
61.7
66.2
67.5
73
72
74.9
74.4
69.4
71.5
72.4
79.8
89.8
87.3
83
92
95.3
74.8
67.7
60.9
60.2
58.7
58.6
60.2
59.5
63
64.9
73
79.2
82
87.9
89.1
97.4
97.5
97.5
97.6
97.6
97.6
95.8
81.9
72.9
69.5
67.3
64.6
63
61.3
57
56.1
57
57.5
58.5
61
68.5
78.8
82.6
81.4
79.1
78.7
78.9
85.3
88.9
97.4
97.4
85
76.3
69.5
64.6
60.2
57.5
55.1
54
53.7
54.1
55.5
58.4
61.1
67.4
75.6
74.5
70.7
71
70.1
72.3
75.7
79
86.4
91.3
89.9
76.3
62.8
60.8
59.7
59
58.2
56.1
55
55.2
56.4
60.8
64
65.3
69.9
69.8
88.7
98
97.7
94.7
97.6
97.7
97.6
97.5
90.5
85.1
77.7
69.4
71.7
69.7
71.4
70.9
71.8
71.2
72.7
73.6
70.3
71.4
76.7
91.7
97.6
97.7
98
98
98
98
98
97.9
96.9
88.2
79.6
78.8
74.4
65.6
62.2
61.4
60.8
61.2
61.1
62.6
67
75.9
82.1
89.8
97.5
97.5
93.6
97.5
97.5
97.6
97.6
97.2
89
74.7
66.6
64
63.3
61.9
61.9
61.6
62.4
64.3
65.1
65
70.8
75.3
77.6
93.2
88.5
82.5
84.5
94.8
94
97.3
97.9
98
98
97.7
97.6
95.8
96.9
97.9
87
76.5
72.4
64.8
61.3
61.6
64.5
59.6
53.6
50.7
50.4
48.5
60.4
70.5
85.3
97.1
97.1
97.3
82.2
78.7
71.1
70
63.4
65.1
62.9
59.1
57.9
58.6
57.4
59.5
62.4
67.1
70.4
69.8
68.2
73.2
85.3
88.8
88.4
75.9
73.4
72
73.9
82.2
79.1
75.4
64.9
60.5
58.8
56.8
56.1
56.3
56.6
58.3
65.8
71
80.9
92.4
97.4
97.5
97.6
97.6
97.7
97.7
97.8
97.6
85.7
73.5
68.1
66.4
63.5
61.3
61.7
59.2
55.4
56.7
59.8
60.7
61.9
66.2
74.1
77.7
75.2
97
97.6
97.5
97.6
97.3
94.7
88.7
82.6
87.7
84
77.4
70.3
68
69.3
68.1
66.1
64.2
65.6
68.2
71.1
72.3
75.9
80.9
95
98
97.8
97.9
97.9
97.6
97.3
97.7
97.7
97.7
97.6
97.5
95.3
89.3
84.9
77.7
73.8
72.8
73.9
73.1
71.6
80.5
95
98
98
97.9
97.8
97.8
97.7
97.7
97.8
97.9
97.3
86.1
76.8
70.3
63.6
53.4
48.9
47.9
48
47.8
48.3
48.7
55.3
61.5
59.7
59.7
62
68.5
83.4
92.8
96.8
97.6
95.1
85.8
87.5
74.8
71.1
63.3
60.1
59.3
58.7
58.3
58.2
58.6
59.8
62.4
63.8
66.3
69.6
70.7
73.4
72.8
76.6
77.9
78.3
77.7
79.4
81.8
92.3
97.8
95.7
80.2
70.5
66.5
65.7
65.7
75.2
97.8
98
98
98
97.9
96.7
97.9
98
98
98
98
98
98
98
97.9
94.1
81.5
72.7
69.4
68.4
65
63.5
60.4
57.2
56.5
55
56
61.1
70.9
82.5
96.4
90.8
91.9
97.4
97.6
97.6
97.6
97.7
97.7
87.9
76.6
68.6
66
64.2
63.8
63
60.4
59.6
58.9
58.7
59.9
61.8
67.5
82.2
93.4
93.8
95
93.1
97.5
97.3
97.6
96.8
97.5
85.7
76.9
69.1
63.9
65.4
63.7
62.1
61.3
61.6
59
58.2
62
68.9
72.8
80.1
83.7
93.4
92.4
89.7
91.8
92.7
92.5
97.3
90.4
78.6
73.3
67.6
63.9
64.4
64.8
62.6
60.2
57.2
57.7
58.3
60.7
67.6
75.4
86.8
90.3
92.2
97.2
97.6
97.6
97.6
97.6
97.7
97.6
93.9
82.2
74
70.4
68.5
68.1
66.4
66
66.4
65
61.7
63.7
69.8
73.9
89.5
97.4
97.6
97.6
97.2
96.6
95.1
97.6
96.9
97.1
94.3
79.3
70.9
68.4
66.6
64.2
65.3
65.1
64.2
60.5
58.8
60.4
66.3
69.8
77.2
76.6
74.7
77
84.5
97.7
98
97.9
97.6
94.4
83.2
94.8
88
97.3
92.5
85.6
68.5
64.8
67
66.6
66.9
72.8
74.2
88.1
94.4
87.3
86.5
87.6
97.4
95
96.4
97.4
96.2
97.3
98
98
98
98
97.8
97.6
95.7
92.8
89.2
92.6
94.8
95.6
95
97.6
97.9
97.8
98
98
98
98
98
98
98
98
98
97.7
97.6
97.6
96
97.7
97.9
98
98
98
98
97.9
98
98
98
98
98
98
98
98
98
98
98
98
97.3
97.6
97.7
97.9
97.9
97.7
91.2
80.5
87.3
98
98
97.9
97.8
98
98
98
98
98
98
98
98
98
98
98
97.6
93.9
90.4
92.4
87.5
83.7
81.4
76.1
78.4
79.7
85.9
84.6
88.3
96.6
97.5
97.6
97.7
97.8
97.6
97.9
97.8
97.7
97.7
97.6
94.7
85.6
85.7
81.4
79.1
75.9
73.9
70.5
70.1
71.8
67.3
91
97.6
91.8
91.4
97.4
97.7
97.5
97.7
97.4
98
97.9
97.9
97.8
92.3
76.7
72.7
70
68.6
69.8
69.6
69.7
66.6
64.7
66.1
68.8
70.5
76.3
95.3
97.6
97.6
97.6
97.8
97.9
98
97.9
98
97.9
95.5
83.1
74.6
72.5
72.2
68.5
66.4
63.8
62.6
62.1
62.5
64.7
72.3
81
89.1
96.4
96.8
97.6
97.7
97.8
97.8
97.8
97.9
97.8
96.9
84.4
76.3
80.6
80.5
77
83.4
82
77.2
71.5
71.1
74
80.5
86.7
95.2
97.6
97.6
97.7
97.8
97.9
98
97.9
97.9
97.7
91.8
79
77.2
77
76.5
73
68.8
66.4
64.2
66.5
67.1
70.2
74.8
83.1
83.2
92.4
94.6
97.3
97.6
96.6
97.6
97.6
97.7
97.6
89.5
79.6
79
70.8
67.7
67.2
69.5
69.2
68.3
66.4
67.9
70.8
76.8
88.2
97.1
97.7
97.8
97.9
98
98
98
97.9
97.5
97.7
97.6
93.1
85.6
78.6
74.4
72.4
70.3
72
69.7
69.4
71.8
71.8
72.2
76.6
89.6
94.2
95.6
97.7
97.6
97.6
97.8
98
98
97.9
97.6
93.3
76.5
69
64.8
59.9
59.4
60.4
60.1
59.8
63.3
67
69.2
79.8
96.8
96.1
97.6
97.8
97.7
97.6
97.6
97.6
97.7
97.7
91.3
75.6
67.5
67.4
62.8
61.9
61.8
60.7
60.5
62
61.7
64.1
66
68.8
74.6
87.3
81.5
85.1
91.7
95
97.6
97.6
97.6
93.8
89
77.6
67.4
68.3
64.6
65.9
66
66.3
64.1
64.4
63.9
66
69.6
76.1
90.8
97.2
97.3
97.5
97.4
97.5
95.7
93.4
96.7
95.6
93.5
80.4
66.4
61.4
61.7
59.3
57.4
58.1
57
57.5
58.3
60
63.7
70
74
88.1
84.1
81.8
86.7
89.6
91.8
88.4
86.4
84.7
78.2
76.2
69.7
64.6
62.8
60.9
59.2
58.2
60.9
80.4
81.2
78.4
70.2
71
75.9
77
81.9
89.1
78.9
90.2
95.5
96.9
97.6
97.6
96.4
74.5
64.7
62.4
60.2
60.1
58.3
57.2
55.5
53.8
55
60.8
66.7
71.8
78.2
81.1
89.6
97.1
97.5
97.2
97.6
97.6
97.6
94.9
91.4
81.7
73
67.3
67.1
67.4
66.1
70.3
69.4
66.5
76.1
93.7
97.9
97.8
97.9
97.6
97.9
98
98
97.8
97.8
97.8
98
98
97.1
85.8
81.4
77.8
75.1
72.2
73.2
98
95.1
95.6
95.6
96.7
91
96.6
97.7
97.7
97.7
97.9
98
97.9
97.9
98
98
98
97.7
91.9
80.3
72.9
70.6
67.5
65.5
62.6
61.9
58.9
58.6
60.7
66.9
77.8
89
96.6
95.7
95.4
97.6
89.9
88.2
89.6
78.7
84.3
90
77.8
69.3
67.8
66.5
66.8
66
68
66.5
65.9
69.4
72.2
75.2
79.2
79.8
83.8
97.8
97.8
96.8
98
98
98
97.8
97.9
97.1
93.7
86.9
77.6
81.3
82.4
75
73.5
70.9
67.3
69.2
81.7
97.9
97.9
98
98
98
98
98
98
98
98
98
98
95.4
83.4
83.8
82.6
80.2
77.9
74.4
71.6
69.1
68
68.6
77.4
97.8
97.8
97.9
98
98
98
98
98
98
98
98
98
97.8
97.6
97.6
98
96.1
93
83.9
78.4
73.3
73
73.3
77.3
88.9
97.6
97.5
97.3
97.6
97.7
97.7
97.6
93.9
87.7
82.5
77
73.2
69.2
64.4
60
54.3
50.7
50.1
49.9
48.6
48.2
48.9
52
51.4
49.8
51.2
49.6
50.7
53.8
60.5
64.4
62.5
64.2
71.8
82.6
68.2
63
61
56.5
53.5
52.4
53.3
52
53.1
53.5
53.7
56.7
64.2
73.4
77.1
73.6
74.2
74.3
79.5
97.9
98
98
98
98
98
97.9
97.6
97.5
96.2
95.9
89
82.3
92.9
97.4
96.4
96.6
97.6
97.5
97.5
97.7
97.7
97.6
96.4
96.9
96.7
97.7
97.5
97.6
97.6
97.6
97.7
98
98
98
98
98
98
98
98
98
97.9
97.8
97.5
97.8
97.9
98
98
98
98
98
98
98
98
98
98
98
98
98
98
98
98
98
98
98
98
98
98
98
98
98
98
98
98
98
98
98
97.8
91.4
83.1
79
67
58
54.8
52.5
50.2
48.4
47.8
47.8
47.5
52
54.7
51.9
59.2
63.4
64.4
70.2
67.9
71.2
68.5
66.3
62.7
66.5
62.7
56.4
55.3
59
61.6
57.5
57.7
58.5
60
61.6
66.1
70.1
75.6
75.3
76.4
80
86.4
91.4
90.5
97.6
97.8
97.7
90.6
75.9
68.2
62.8
59.5
60.5
60.4
60.9
61
60.6
61
64.3
71.6
83.9
97.1
97.5
97.6
97.7
97.7
97.8
97.8
97.8
97.8
97.8
97
85.7
75.6
69.2
68.2
68.1
66.4
65.6
67.7
67.5
68.6
69.7
75.7
83.1
97.3
97.6
97.6
97.6
97.6
97.5
97.5
97.5
97.5
97.7
96
83.1
76.4
69.1
66.4
65.8
65.6
65.3
66
66.4
67.4
69.3
78.4
90.7
96.3
96.9
97.6
97.7
97.6
97.5
97.8
97.9
97.8
97.9
97.6
87.7
77.8
70.3
66.7
65.5
63.9
64.4
65.1
64.8
64.8
69.2
78.2
80.1
87.8
85.7
85.4
82.5
80.8
88
95.6
88.5
93
93.3
97.4
87.6
77.1
70.7
68
67.2
68.1
68.7
69.2
68.7
68
69.8
73.7
87
93.2
96.6
97.4
97.2
97.6
97.5
97
97.7
97.8
97.7
97.5
94
80.3
71.2
68.9
69
68.1
67.4
66
68.6
88.5
88
94.6
95.5
97.6
97.6
97.6
94.9
89.4
85.1
95.2
97.7
97.7
97.7
97.6
87.5
75.1
68
64.7
63.3
64
63.7
63.9
67.2
77.6
79.8
80.9
87.6
86.5
97.9
97.8
98
98
97.9
97.8
98
98
98
97.9
97.4
94.1
85.6
83.1
78.4
78.4
75.1
70.9
72
85.6
97.9
97.8
97.5
96.3
94.8
96.7
97.5
97.6
97.8
97.7
97.8
97.7
97.7
94.2
93.2
88.4
85.5
77.2
74.5
72.7
71.5
71
69.5
69.4
71.4
76.1
85.9
97.6
97.7
97.4
94.3
97.5
97.5
97.5
97.5
97.7
97.8
98
98
98
97.8
97.6
87.4
75.5
72.1
71.6
71
74.7
80.3
94.4
97.6
97.7
97.5
97.4
97.9
97.8
97.7
97.9
97.9
97.8
97.8
97.7
90.2
78.9
75.6
76.6
75
71.6
69.1
67.9
70.7
67.9
69.9
84.2
96
92.6
97.6
97.6
97.1
97.6
97.7
97.7
97.8
97.7
97.9
97.7
95.9
86.4
74
71.6
70.2
72
68.6
66.6
65.8
66.2
70.3
77
89
89.5
96.3
98
97.9
95.2
91.8
96.3
97.8
97.8
97.7
97.7
97.6
94
84.7
78
75.1
74.5
74.1
73.9
89
97.2
96.9
97.5
97.8
97.6
97.6
97.7
97.3
97.6
97.9
97.9
98
97.8
97.7
97.5
96.6
86.5
80.4
79.4
75
73.6
71.8
68.3
66.1
67.3
72.7
85.7
92.9
97.5
97
97.4
92.4
94.6
97.1
97.7
97.5
97.7
97.7
95.7
83.8
74.7
70.2
71.2
69.6
68
70.8
69.2
78.9
74.7
79.9
94.6
97.7
97.8
97.8
97.8
97.6
97.7
97.8
97.8
97.6
97.6
97.7
97.6
87.4
78.4
72.8
72.8
71.7
72.8
71.2
71.5
92
93.2
95.2
97.6
97.9
97.9
97.9
98
98
97.9
98
98
97.9
97.8
97.7
97.6
97.4
87.4
73.7
67
63.9
65.4
63.5
63.4
63.1
63.1
66.2
72.7
75.4
83
92.7
96.3
94.5
90.5
97.5
97.6
97
97.6
95.3
95.7
83.3
74.8
71.2
71.2
69.1
67.1
64.1
64.5
82.2
96.7
95.1
90.7
84.2
87.1
97.3
94.5
85.5
87
97.2
97.3
94.3
90.4
90.7
97.5
91.1
79.2
71.3
71
68.9
68
68.5
68.7
76
73.8
73.7
73.3
73.7
95.3
97.7
97.7
97.6
92
91.4
97
97.7
97.8
97.8
97.3
87.1
77
69.2
61.1
61.4
61.9
61.1
60.1
59.8
65.8
74.7
82
84.3
87.9
89
81.6
82.5
80
75.8
78.6
81.1
80.5
84.2
88.6
85.8
82
81.1
79.7
76.4
77.2
92.6
98
98
97.1
91.3
84.5
83.4
80.7
97
96.4
96.9
98
98
98
98
97.7
97.7
97.7
97.8
97.8
97.6
97.7
97.5
92.8
89.8
90.9
92
97.4
97.6
97.7
97.7
97.7
97.2
97.4
97.8
98
98
98
98
98
98
98
97.2
86.2
76.7
72.8
70.4
71.2
69.6
68.2
70.3
72.3
81.5
92.1
96.2
97.5
97.7
97.8
97.8
98
98
98
98
98
98
98
97.8
95.3
89.7
84.3
84.2
81.3
89.9
98
90.6
85.7
97.2
97.7
97.7
97.5
97.1
97.8
97.7
97.7
97.8
97.8
97.7
97.7
97.8
95.9
86.8
78.2
72.3
69.3
67.4
68.5
67.7
71.3
74.5
84.2
97.6
97.5
97.1
97.6
97.7
97.6
97.7
97.9
97.8
97.8
97.9
97.8
97.8
97.7
97.6
87.1
75.6
73.6
70.9
75.6
74.1
69.6
72.2
70.8
76.7
90
93.8
95.4
97.7
97.7
97.7
97.8
97.7
92.9
96.5
97.7
97.7
96.6
88.3
93
78.9
69.7
69.4
69
65
64.4
66.6
66.2
81.3
94.7
83.4
95.2
92
86.3
85.6
97.8
97.9
98
98
97.8
98
97.4
91
79.9
70.6
69
70.7
71.1
69.4
69.6
70.3
71.3
78.4
96.6
97.5
95.4
97.7
95.9
85.6
86.4
93.1
97.5
97.7
97.9
98
97.7
97.1
91.3
89.5
80.3
69.3
62.9
66.1
72.1
74.3
75.5
83.6
92.9
83.1
80.8
85.5
87.9
92.6
93
92.7
97
97.6
96.7
97.6
97.6
95.7
96.3
91.3
74.4
64.6
65
63.5
63.1
64.2
66.1
77.9
84.9
97.7
98
98
97.8
98
97.7
97.9
97.7
97.9
98
97.4
97.7
97.6
96.1
86.4
70.7
67.9
66.3
64.5
64.9
63.2
64.6
80.1
86.9
96.9
97.6
95.8
93.2
97.5
97.5
97.6
97.7
97.7
97.8
97.8
97.7
91.2
78.3
68.3
66.5
65.6
65.3
64.2
62
62.5
63.6
76.3
87.8
96.5
97.5
97.6
97.6
97.7
97.7
97.8
97.8
97.9
97.9
98
97.9
93.2
78.4
71.8
69.5
66.5
67.4
65.2
65.7
65.3
65.9
79.7
94.6
95.3
82.4
85.6
93.2
97.4
97.5
97.6
97.6
97.5
97.6
97.6
97.6
96.8
88.2
78.3
74.3
71.7
69.9
67.8
68.2
67.8
67.1
73.1
87
97.5
97.5
97.5
97.5
97.6
93.1
86.2
97.4
97.6
97.7
97.8
97.7
95
79.8
72.8
72.3
71.4
70
68.5
67.4
67.2
68.7
80.1
89.6
96.3
97.6
97.7
97.7
97.8
97.9
97.9
98
97.9
97.9
97.9
97.9
97.7
91.3
77.7
80.8
79.7
74.1
69.4
66.7
67.4
72.6
83.2
96.9
97.5
97.5
97.6
97.7
97.7
97.8
97.8
97.8
97.7
97.6
97.7
94.9
97.5
97.1
93
79.7
83.8
78.4
74.2
75
76.5
82.1
93.2
97.6
97.8
97.9
97.9
98
98
97.9
98
98
98
98
98
98
97.3
89.5
80.3
73.3
73.9
72.4
71
70.8
71.2
74.6
86.4
97.2
97.5
97.7
97.8
97.9
97.9
97.9
97.9
97.8
98
98
98
97.9
97.5
94.6
90.9
97.5
97.6
97.6
96.5
85
75.3
73.5
87.1
96.4
97.9
98
98
98
97.9
97.8
97.9
97.9
97.7
97.6
97.5
97.8
97.9
98
97.9
96.8
93.6
87.2
81.3
80
83.5
94.8
97.8
98
98
98
98
98
98
98
97.9
98
98
98
98
98
98
97.8
97.7
98
98
97.9
98
98
98
97.8
97.8
97.9
98
98
98
98
98
97.9
97.9
98
98
98
98
98
98
98
97.7
97.6
97.4
97.4
97.7
97.6
97.5
97.6
97.8
97.9
98
98
98
98
98
98
98
98
98
98
98
98
97.8
97.7
97.6
97.5
97.7
97.8
97.8
97.9
97.9
97.9
97.8
98
97.9
98
98
98
97.9
97.9
97.8
97.8
97.9
97.9
97.8
97.6
87.6
81.9
73.9
71.3
69.3
67.2
65.2
66
67.3
68.6
87.8
97.4
92.2
92.6
96
89.1
92.1
96.3
97.4
95.1
97.5
97.6
92.5
97.2
85.4
74.2
68.7
65.6
66.4
61.6
59.8
59.7
62.1
62
69.8
80.4
90.9
86.6
91.4
95.8
97.4
96.6
82.1
81.1
87.9
83.9
90.1
96.1
80.9
72.3
69
74.8
78.1
74.2
71.5
71.8
69.4
70
76.1
79.3
81.4
82
94.4
92.3
77.2
90.3
79.5
94.8
93.4
97.1
97.5
95.4
82.7
76.5
70.1
67.7
65
64.4
63.5
61.3
60.3
62.8
75.3
86.6
96.7
97.5
97.5
97.6
97.6
97.7
97.7
97.7
97.8
97.8
97.8
97.8
93.3
77.5
72.5
69.4
68.2
66.9
65.4
64.9
65.8
68.2
81.4
94.2
97.5
97.6
97.6
97.7
97.6
97.7
97.8
97.8
97.9
97.9
98
98
97.2
84
77.3
73.6
71.3
70.5
69
68.3
68.2
73
87.9
97.1
97.6
97.7
97.7
97.8
97.8
97.8
97.9
97.9
98
98
98
98
97.7
90
82.8
75.6
72.2
69.8
69.6
69.4
71.1
80.9
89.7
95.7
97.6
97.7
97.8
97.7
97.7
97.8
97.9
97.9
97.9
98
98
98
97.8
97.5
89.3
78
74.4
74.1
72.2
70.9
74
80.6
95.9
97.6
97.7
97.8
97.8
97.9
97.9
97.9
98
97.9
97.9
97.9
97.9
97.7
97.7
96.8
90
84.4
82.7
83
81.4
82.3
84.9
90.2
97.5
97.7
97.8
97.8
97.8
97.9
98
98
98
98
98
98
98
98
97.7
91.5
84.2
81.5
79.1
75.6
72.6
70.3
70.9
75
88.2
97.5
97.7
97.7
97.8
97.8
97.8
97.8
97.8
97.8
97.9
97.8
97.8
97.7
97.7
97.6
95.2
88.2
84.8
84.5
81.1
78.8
81.8
87
90.8
94.9
97.7
97.7
97.8
97.8
97.8
97.7
97.4
97.3
97.7
97.6
97.8
97.8
97.5
86.8
76.1
76.5
78.1
76
75.3
73.1
70.9
74.2
83.8
90.7
89.1
92.9
95.7
97.7
97.7
97.8
97.8
97.8
97.9
97.9
97.8
97.8
97.6
95.2
82.2
NA
NA
NA
84.4
84.6
83.6
85.5
92.7
94.7
97.3
97.6
97.7
97.6
97.7
97.5
97.6
97.8
97.9
98
98
98
97.7
97.6
97.8
97.7
89.9
81.8
83.8
87.5
93.1
95.9
94.8
96.2
97.3
97.5
97.6
97.7
97.5
97.5
97.1
95.1
92.2
95.6
92.5
86.7
94.7
91.7
92.9
95.2
87.8
90.3
96.7
97.7
97.7
98
98
98
98
98
98
98
98
98
98
98
98
98
98
98
98
97.7
97.6
97.5
97.5
93.9
96.1
95.8
97.2
97.7
97.6
97.9
98
98
98
98
98
98
98
98
98
98
97.9
97.9
97.8
97.7
97.5
95.1
88.8
87.2
93.1
93.8
95
96.4
97.5
97.6
97.7
97.7
97.6
97.6
97.7
97.8
98
98
98
97.9
98
98
97.7
90.1
84.7
78.5
80.3
86.8
83.1
83.7
85
90.7
96.8
97.7
97.7
97.7
97.7
97.8
97.8
97.7
97.7
97.9
97.8
97.7
97.8
97.8
97.7
95.5
85.8
82.2
81.9
87
89.6
92.3
96
97.5
97.6
97.6
97.7
97.8
97.9
97.9
97.9
97.9
97.9
97.9
98
98
97.9
97.8
97.8
97.6
96.6
88.6
87.7
86
84.1
91.2
97.5
97.7
97.8
97.9
98
98
98
98
98
97.9
97.9
97.9
98
98
98
97.9
98
97.9
97.7
97.5
89.6
84.6
92.7
97.4
97.3
97.3
96.7
90
87
84.4
86.9
91.7
90.6
91.4
96.4
91.5
89.8
93.4
91.4
91.8
92.2
88.6
88.4
88.1
88.4
89.6
92.1
95.5
96.3
94.1
95.8
90.6
82.9
85
87.2
74.8
79.3
97.6
97.4
97.7
88.9
82.2
90.2
94.9
75.9
64.2
59.2
54.1
49.2
45.8
46.4
44.9
46
54.5
65.6
70.8
67.8
63.3
68
80
84.2
84
86.7
89.7
89.3
90.2
94.8
92.1
78
68.1
62.1
58.9
57.5
56.5
57.3
46.5
48.9
59.3
60.5
64.2
67.2
57.2
63
69.5
70.2
73.8
80.3
80
84.4
91.5
93
94.9
88.7
73.6
64.2
64.3
65
62.7
59.7
64.2
67.3
70.6
82.5
86.5
93.7
96.7
95.6
97.5
97.3
97.5
97.5
97.5
96
87.9
87.9
91.5
96
90
86.6
80.5
81.1
84.6
94.2
97.5
97.6
97.9
98
98
98
98
98
98
98
98
98
98
98
98
98
98
98
98
98
97.8
96.1
87.4
88.9
90.8
94.1
96.9
97.6
97.7
97.7
97.8
97.8
97.7
97.8
98
98
98
98
98
98
98
98
97.8
93.6
92.4
87.2
81.9
79.6
82.4
84.9
94.9
97
97.6
97.6
97.7
97.8
98
98
98
97.8
83.1
80.3
85.8
65.4
76.2
75.2
70.3
60.5
66.8
71.1
68.8
69.2
71.2
73.4
77.9
86.9
88.6
91.5
87.5
84.7
90.9
91.5
90.3
84.6
97.4
97.3
97.5
97.5
97.5
97.5
93.6
87.4
86.4
86.1
82.1
84
84.6
88.6
94.7
97.4
96.1
95
97.6
97.6
97.7
97.7
97.7
97.6
97.6
97.7
97.8
97.9
97.9
97.6
87.7
77.7
72.1
70.1
66.5
65.1
64
65.5
71.2
83.8
93
97.3
92.1
94.9
88.6
69.1
68.1
71.6
85.1
94.1
97.6
97.7
97.8
97.8
94.6
84.5
79.9
76.8
77.2
74.2
71.5
74.3
79.8
92.4
97.4
97.6
97.6
97.6
97.6
96.7
94.6
97.6
80.1
49.1
43.4
49.2
46.5
39.1
38.3
41.8
39.1
38.7
39
38.7
44.5
52.2
59.3
67.9
73.4
69.3
70.6
74.6
78.1
77.3
80.8
80.2
80.2
81.8
83.2
83.5
65.4
70.3
66
60.2
51.8
52.5
53.8
54.6
55
57.1
63.9
76
82.7
89
91.5
92.4
95.8
96.7
97.4
97.5
97.5
97.5
97.5
97.5
97.5
96.5
80
63.5
62.7
64.5
66.2
65.9
63.1
68.2
79.1
84.8
85.6
87.8
92.7
84.9
83.5
84.1
91.9
94.9
93.7
95.7
96.7
94.4
92.3
94
97.5
90.1
79.1
76.3
74.1
72.5
71.9
75.8
88.8
97.5
97.6
97.7
97.8
97.8
97.8
97.8
97.8
97.9
97.9
97.9
98
98
98
97.9
97
82.8
80.2
75.8
72.7
70.7
70.9
74.6
89
97.6
97.7
97.7
97.7
97.7
97.8
97.9
97.9
97.9
97.9
97.9
97.9
97.6
97.7
97.4
97.4
91.4
80
79
79.8
80
73.2
71.7
81.5
90.3
95.8
95
97.5
97.5
97
97.5
97.5
91.2
86.6
96
97.5
97.5
97.4
94.5
97.5
96.8
94.2
94.4
85.7
91.3
97.1
97.5
97.5
97.6
97.7
97.7
97.6
97.7
97.8
97.9
97.9
97.9
97.8
97.8
98
98
97.9
97.5
87.8
76
79.6
81.8
73.4
73.2
74.4
75.4
85.4
96.1
97.4
91
73.9
73.8
71.1
72.2
69.8
69.3
70.7
70.4
72.5
67.1
66.5
68.1
64.6
68.3
59.7
54.9
62.9
52.7
46.2
44.9
46.6
56.3
57.2
62.8
84.6
97.5
97.5
97.5
97.6
97.7
93
97.4
97.5
95.1
96.4
85
85.1
85.2
80.9
81.4
80.2
76.6
76
75.6
79.1
80.7
83.1
85
88.3
89.3
92.2
92
93.4
91.6
88.6
86.3
88.6
89.3
89.7
89.7
89
86.7
85.3
85.2
83.7
82.8
81.5
83.7
84.9
87.3
90.4
96.8
97.4
97.3
97.4
97.4
97.4
97.5
97.5
97.5
97.5
97.6
97.7
97.6
96
83.7
78
74.9
72.5
72.6
73.6
77.1
85.3
94.4
97.3
90.2
96.5
94.9
93.1
96.6
96.9
94.1
97.3
97.5
97.5
97.6
97.6
97.5
84
68.9
61.6
59.2
58.8
58.8
59.8
65.6
75.7
81.8
83.1
88.8
91.3
91.5
83.9
86
78.1
73.4
79.2
87.6
90
89.5
87.7
77.9
78.9
71
70.6
65.8
61.9
60
57.6
62
73.8
74.9
76.9
76.6
75.3
79.7
78.9
78.5
83.1
88.9
95.7
97
96.2
93.3
93.1
92
68.9
69.5
71
70.6
69.4
68.5
69.2
73.5
85.8
96.9
97.5
97.5
97.1
96.8
96.3
97.5
97.5
97.5
97.4
97.5
93.6
97.4
96.5
94.8
80.9
70.7
67.4
70.5
68.5
69.5
70.2
85.6
96.4
97.3
97.5
97.8
97.9
97.8
97.8
97.7
97.9
97.9
97.9
97.8
97.7
97.7
97.9
98
98
98
98
98
98
98
98
98
98
98
98
98
98
98
98
98
98
98
98
97.9
97.9
97.9
97.9
98
97.9
97
85.4
84.9
85.7
86.8
85.7
90.8
97.8
97.8
97.9
97.7
90.9
82.6
93.6
88.4
94.3
97.5
97.7
97.7
97.6
87
80
84.7
95.1
96.9
97.6
97.7
97.7
97.5
96.5
97.6
97.6
96.1
88.6
87.9
85.6
88.5
95.5
91.7
83.4
82.6
89
97.5
91.1
84.1
76.1
70.3
69.9
67.5
66.9
69
78
95.3
97.8
97.8
95.3
88.8
87.2
80.5
84.6
85
85.4
95.3
95.2
91.6
84.8
83.6
83.5
95.7
97.7
97.9
97.9
97.9
97.6
97.5
97.2
94.9
92.6
95.6
97.5
97.5
97.2
97.5
96.7
96.6
97.7
97.7
97.8
97.8
97.7
97.6
94.7
96.3
97.1
97.6
97.8
98
97.9
97.8
97.6
94
97.1
97.8
97.8
97.8
98
98
98
98
98
98
98
98
98
97.9
97.8
98
98
98
98
98
98
97.9
97.5
96.9
97.6
97.6
96.2
97.4
97.7
97.6
97.7
97.7
97.6
97.7
97.8
97.9
97.8
97.9
97.8
97.8
97.8
97.7
95.4
82.1
85.5
96.2
97.5
97.4
96.7
97.4
97.7
97.8
97.8
97.9
97.9
97.9
97.7
97.7
97.7
97.8
97.9
97.7
97.6
97.7
97.7
97.7
97.9
97.7
97.6
97.8
97.8
97.8
97.8
98
98
98
97.8
97.6
97.7
97.8
97.9
97.9
97.9
97.9
97.9
97.8
97.8
97.8
97.8
97.6
94.2
93.9
94.7
94.3
92.7
91.4
97
97.6
97.7
97.8
97.8
97.9
97.9
97.8
97.8
97.2
94.4
96.7
96.8
84.3
90.2
90.4
94.6
94
80.6
74.5
67.6
67
68.9
71.3
74.9
83.4
97.4
97.6
97.6
97.7
97.8
97.6
97.6
97.6
97.7
97.8
97.8
97.8
98
97.8
97.7
97.6
96
97.1
97.9
98
98
97.9
97.7
96.7
96.2
97.8
97.9
97.8
97.7
97.8
98
97.9
97.6
97.7
97.6
93.5
94.2
97.6
96.8
95.2
94.1
93.7
94.4
95.9
97.2
97.7
98
98
98
98
97.9
97.7
98
97.8
97.7
97.8
97.9
97.9
97.7
97.7
98
98
98
97.9
98
98
98
98
98
98
98
98
98
98
98
98
98
98
98
98
98
98
98
98
98
98
98
98
98
98
98
97.9
97.6
96.6
91.7
88.8
97.2
97.6
97.8
98
98
98
98
98
98
98
98
98
98
98
98
98
98
97.7
93.7
93.5
90.8
92.6
91.9
89.6
97.1
97.7
97.8
97.9
98
98
98
97.9
97.8
97.8
97.8
97.9
98
97.9
97.8
97.7
97.7
97.7
97.9
97.8
97.4
97.7
97.7
96.9
94.8
90.9
96.8
96.4
97.6
97.5
97.6
97.3
95.2
86.7
85.9
82.4
83.5
95.5
97.7
97.7
95.4
81.4
73
72.3
72.9
79.1
86.3
94
97.5
97.6
97.7
97.8
97.8
97.6
97
97.7
94
89.5
97.5
97.6
97.8
97.8
97.7
97.7
97.1
81.6
67.8
60.9
59.1
60.3
70.4
84.5
97.4
97.7
97.9
97.9
97.9
97.9
97.8
97.9
97.8
97.7
95.9
96.1
86.9
96.8
94.9
94.8
97
97
97.5
97.6
97.6
97.6
97.6
97.7
97.6
97.7
97.7
97.7
97.8
97.7
97.7
97.6
97.6
96.7
96.6
97.4
97
97.5
97.5
97.6
97.5
97.8
97.8
97.8
97.8
97.8
97.8
97.8
97.8
97.9
97.9
97.9
97.9
97.8
97.8
97.9
97.9
97.9
97.8
95.9
97.6
95.2
96.8
93.5
95.6
86.3
79.1
70.4
67.1
72.4
75.5
83.5
85.9
86.7
83.9
80.4
94.1
94.6
95
92.4
93.2
88.8
95.4
95.9
82
81.9
91.4
95.2
97.7
97.8
97.7
94.9
87.1
81.7
86.2
92.1
97.5
97.7
97.8
97.8
97.8
97.9
97.9
97.9
97.9
97.9
97.9
98
98
97.9
97.1
97.6
97.7
97.7
97.3
96.3
93.4
96.3
97.5
97.5
97.6
97.7
97.7
97.8
97.8
97.8
97.7
97.8
97.7
97.7
97.7
97.7
97.5
97.6
97.5
97.6
97.7
97.6
96.5
88.3
84.9
87.8
89.6
95.3
97.6
97.6
97.5
97.6
97.6
97.6
93
97.5
94.7
94.1
97.4
97.4
97.5
97.5
97.5
96.4
85.6
88.1
81.2
82.2
80
78.6
81.3
82.5
84.8
82.9
83.7
85.6
87.9
97.4
97
97.5
97.4
87
75.9
76.5
77.4
79.2
79.4
78.8
80.4
83
86.9
90.2
88.2
83.3
79.2
80.2
82.1
84.5
83.9
83.3
82.4
80.5
76.5
76.7
78.9
76.6
75.6
76.8
75
73.8
75.3
74.9
69.1
67
65.7
64.3
66
66.2
65.2
69
75.6
77.3
80.4
85.7
87.2
87.4
92.6
89.7
89.3
88.6
89.6
87.6
87.2
86.9
86
84.3
87.1
83
80.7
80.4
78.2
78.7
79.5
81
83.6
85.4
86.3
86
85.5
86.1
87.7
90.6
91
90.4
90.7
90.5
95.5
96.1
95.2
97.2
97
94
90.2
88.4
88.8
90.6
94.1
97.4
97.5
97.5
97.6
97.7
97.7
97.7
97.7
97.8
97.9
97.9
98
98
98
98
98
98
98
97.8
97.5
92.6
88.8
95.1
97.5
97.6
97.8
98
98
98
98
98
98
98
98
98
97.9
97.8
97.9
97.9
97.9
97.8
94.6
97
87.6
81.8
75.4
76.7
84.2
95.6
97.6
97.8
97.9
97.9
97.4
97.3
97.7
97.7
96.9
97.6
97.6
97.6
97.6
97.6
97.6
97.6
97.7
97.7
97.8
97.8
97.8
97.8
97.7
97.8
97.9
98
98
98
98
98
98
98
98
98
98
98
98
98
98
98
98
97.6
96.4
97.9
98
97.8
96.7
97.7
97.8
97.8
97.8
97.8
97.7
97.6
97.7
97.6
97.6
97.6
97.6
97.8
97.8
98
98
98
97.9
97.6
97.5
97.6
97.5
97.5
97.5
97.6
97.7
97.8
97.8
97.9
98
98
98
98
98
98
98
98
98
98
98
98
98
98
97.7
97.8
97.5
96.7
90
91.4
97.6
97.7
97.8
97.7
97.9
97.9
98
97.9
97.9
97.9
97.9
97.8
97.8
97.8
95.5
97.5
97.5
88.5
80.1
76.7
78.3
78.1
81.2
84.1
93.5
97.5
97.7
95.6
93.5
91
95.4
94.7
94.4
96.6
97.5
97.5
97.8
97.8
97.9
98
97.9
97.8
97.8
97.7
97.5
97.4
95.4
95.9
97.5
97.5
97.6
97.7
97.7
97.6
97.5
97.6
97.6
97.7
97.7
97.7
97.7
97.7
97.7
97.6
97.6
97.5
96.9
92
85.7
89.7
92.7
97.4
97.5
97.5
97.6
97.6
97.6
97.6
97.5
97.5
97.5
97.5
97.5
97.5
97.5
97.6
97.6
97.6
97.6
97.5
97.4
97.3
97.3
97.5
97.5
97.5
97.6
97.6
97.6
97.6
97.6
97.6
97.7
97.7
97.6
97.6
97.8
97.9
97.9
97.9
97.9
97.8
97.7
96.4
84.8
82.1
85.2
87.6
95.5
97.6
97.7
97.7
97.7
97.8
97.8
97.7
97.7
97.7
97.8
97.8
97.7
97.6
97.6
97.6
97.6
97.7
97.8
97.6
97.5
97
92.1
93.4
93.7
95.9
97.5
97.6
97.7
97.7
97.7
97.4
97.6
97.5
97.6
97.6
97.7
97.6
97.6
97.5
97.6
97.6
97.6
97.5
97.5
97.6
97.7
97.6
97.7
97.8
97.8
97.9
98
98
98
98
98
98
98
98
98
98
98
98
98
98
98
98
98
98
98
98
98
98
98
98
98
98
98
98
98
98
98
98
98
98
98
98
98
98
98
98
98
98
98
98
98
98
98
98
98
98
98
98
98
98
98
98
98
98
98
98
98
98
98
98
98
98
98
98
98
98
98
98
98
98
98
98
98
98
98
98
98
98
98
97.6
96.7
97.7
96.6
86.2
72
66.6
68.2
75.3
73.6
71.7
88.9
97.6
97.7
97.6
97.5
93.4
84.2
91.2
92.6
87
84
84.1
87.7
84.8
84.8
86.7
84.6
75.6
67
63.2
68.8
74
87.2
90.4
96.1
97.6
97.7
97.9
97.9
97.9
97.9
97.8