52
55
59.8
58.8
59.3
56.7
55.2
55.3
51
44.8
48.2
43.2
41.8
41.7
46
39
41.8
44.7
44.7
57.2
58.8
50.8
45.7
51.2
56.8
57.8
61.5
60.3
59.5
58
55.8
54.5
55.8
52.5
50.7
52.2
46
44.8
48.2
55.2
60.5
59.3
59.2
61.5
61.8
62.3
63.2
64.3
65.2
66.7
68
69
69
73.7
72.2
68.8
65.2
58
60.3
56.2
54
46.2
47.2
46.5
48.2
46.7
53
53
52.3
49.3
46.7
50
50.7
54.5
60.8
61.7
64.2
62.3
60.8
59.8
57
53.7
49.8
44.3
41.3
37.2
41.2
51.7
50
44.2
47.8
55
49.8
51.8
52.5
53
56.5
60.7
62
62.8
64
73.5
77.7
75.5
71.3
67.2
66.8
68.2
63.7
58.8
53.3
48.2
44.7
45.8
71.2
68
58.8
60.7
56.8
53
56.2
53.7
50.5
51.2
55
54.5
50.5
51.7
50.7
53.8
49.7
45.5
39.3
35.7
36.7
42.5
42.8
31
38.2
41.5
39.2
42.3
49.8
53.5
50.7
38.8
35.5
35.2
32.8
37
38.7
37.2
38
39.3
39.3
34.8
33.5
31.3
33.3
40.7
47.5
46.2
51
47.7
52.2
55.5
56.2
56.8
60.4
61.8
64.2
61.8
57
52.2
54.2
55.3
49.8
44.5
43
37.2
34.7
36.7
39.2
39.7
38.7
38
41
40.7
37.3
38.3
38.2
39.2
42.7
43.8
49
53.5
54.3
57.8
57.7
59.2
57.7
53.2
51
46.8
43.8
43.3
41
42.8
43
47.5
44.8
40.5
41.2
40.8
44.7
46.2
46.8
58.2
68.8
64.3
64.8
66.7
68.5
69.7
67.8
61.3
54.3
46.7
46
42.7
43.3
41.8
41.5
42.5
42.2
39.5
53
56.5
59.5
58.2
58
58.7
59
60
59.8
61.7
63.5
64.2
62.2
59.7
56.3
51.8
44
38.8
41.7
36
40.2
41.5
43.2
46.7
45.5
48
51.7
56.2
58.7
61.8
63.8
65.2
67.2
66.2
63.5
60.2
57.8
53
52
48.7
43.5
43
47.3
43.2
40.2
39
39
39
40.8
44.2
44.8
48.8
57.7
60.8
63.8
64.2
62.7
63.7
63.5
62
57.8
54.8
52.2
50.3
47.3
54
68.2
76.3
75.8
70
73.3
75.3
75.5
76.3
78
76.8
80.8
82.3
85.5
86.8
88.5
87.8
84.3
84.7
81.3
76.5
76.7
73.7
64.7
63.2
66.8
58.2
64.8
57
63.8
69.3
70.8
73
78
79.5
81.5
82.7
82.7
83.8
84.7
85.8
85.3
85
81.5
73.5
66.2
61
43.2
44.5
46
43.7
39
44.3
53
50
55
52.5
54.8
56.7
60.5
62.8
63
63.2
64.7
65.5
64.4
63.7
73.2
77.2
76
72.3
68
65
58.7
53.5
56.2
64.3
67.5
74.4
78.3
78.2
78.2
80.2
80.2
80.7
79.2
80.2
79.2
77.3
75.2
75.2
76.5
67.2
71.7
67.8
64.2
63.7
62
61
62.3
63.2
63.3
68.3
76.7
80.5
79.7
83.2
82.3
79.7
81.7
82.7
84.2
85.3
85.8
85.7
86.2
78
72
65.8
60.5
47.3
40.2
38.7
31.8
30.2
35.2
37.3
41.3
43.8
50
55.3
59.2
59.8
60
58.8
51.8
53.3
51.2
50.2
48.2
46.7
44
41.3
39.8
39.5
35.2
32.8
38.7
37.3
47.7
46
46.7
48.8
53
58.2
56.2
56.5
67.3
53.5
44.7
41.7
40.3
39.7
38.7
38.2
37
32.7
33.2
35.3
45
50
47.7
45.5
52.2
46.3
45.7
49.3
54.7
52.5
42.7
39.8
42.7
43
42.7
42.7
43.7
45.7
47.5
45.8
45.3
43.3
40.5
39.7
40.3
45.2
51
56.2
60.5
61.2
62.2
64.3
67.8
68.7
57.8
55.2
54.2
53.8
55.3
57.7
56
57.5
59
56.7
56.8
50.5
51.4
52.2
51.2
53.3
48.8
49
53.8
57.5
56.3
55.5
59.8
57
55.7
56.7
61.7
66
67.3
69
77.8
80.7
81.4
81.2
77.7
64.3
61.8
78.3
76.5
68.8
59.5
56.3
54.8
51.5
49.5
49.3
47.8
47.5
45.7
45.5
46
43.2
41.8
43.5
45
50
45.7
42.5
39.5
39.8
38.5
37.5
37.2
38.5
38.8
40
39.7
39
39.5
38
39.5
39.8
39.5
39.5
41.3
41.7
42.8
43.2
42.7
42.2
41.5
39.7
37.5
38.3
41.7
39.8
35.5
40.4
41.2
48
56.3
59.2
60.2
59
63.3
69.5
74.3
75.5
78.7
80
78.7
75.7
75.3
70.2
65
56.7
53
47.8
43.7
44.2
44.7
48.2
53.8
61
58
58
58.2
60.2
66.8
66.7
69.3
71.5
75.5
75.2
75
81
84.5
85.7
86
83.2
74
68.7
66
60.3
54.3
51.3
50.3
54.8
57.2
59
60.7
60.2
63.3
65
66.2
59.7
59.5
62.3
60.3
58.5
57.3
56.8
56.7
57.7
53.5
47.7
45.3
NaN
NaN
NaN
NaN
NaN
NaN
47.2
48
47
48.7
52
52.3
55.2
56.3
49
41.5
42.3
42
41.5
40.3
38.6
39.2
33.8
32.8
37.3
38
35.3
33.8
34.8
34.5
34.7
38.8
40.3
40.2
42.7
43
45.5
48.3
51.2
53.2
57.5
57.8
57.2
55.7
50.8
47.5
47.5
43.3
40.8
41.5
42.2
42
40.8
39.3
41.2
43.8
42.7
36.8
39.3
48.6
51.3
44.7
56.5
55.2
54.5
55.2
54.8
51.5
45.7
48.2
46.3
45.8
44.7
45.7
42.5
43.5
51.7
52.3
53.7
55
54
56.5
57.8
60.5
59
54.7
54.8
53
53.7
53.2
57
57.2
55.3
52.7
51
51
49
50.5
56.8
62.5
63.2
62.2
64.2
63.5
66.2
79.5
79.8
79.7
74
69.3
68.7
74.3
81.3
82
79.3
79.3
73.5
69
65.8
59.5
62.5
62.8
60.7
64.7
72.7
74
77.2
76.3
72.2
75
76.5
78.2
79.5
84.5
86
86
87.7
88.5
88.5
88.2
84.7
78.3
71.8
65.5
66.2
79.2
77.5
79.2
77.5
76.8
78.7
81
78.3
76.5
75.8
73.2
73.2
68
65.5
63.8
63.5
60.7
60.8
61
58.5
54.2
50.7
46.7
47.2
45.7
52
48.2
57.8
61.8
65.7
68
72.2
73.5
75.2
77.2
77.7
72.7
70.2
71.5
72
71.2
68.2
64.5
64.3
64.3
62
59.8
61.5
64
65.8
69.5
71.3
75.2
78.8
85.2
86.8
87
87
87
87
87
87
84
75
71.5
71.8
69.8
70
63.7
59.8
52
52.2
55.8
56.2
56
62
67.8
73.3
81
82.2
80.2
82.5
86.5
87.7
88.8
89
89
88
85.7
87
87.2
84.5
72.2
66.3
59
59.5
57
55.2
61.2
69.7
72.3
73.5
73.5
74.5
73.5
74.3
75.2
79
80
80.2
79.2
80.7
84.3
84.7
84
82
77.8
76.2
70.2
67.5
67.7
68.2
66.7
66
71.8
73.7
74.8
78.3
78.7
77.7
75
76.7
75.8
72.8
73.2
70.8
67.5
63.3
61.3
62.2
59.7
57.3
56.3
58.3
59.8
58.2
57
64.5
65.3
67.3
69.8
71
70.5
69.7
71.3
71.8
74.3
78
77.5
77.7
77.7
78
79.5
74.2
67.2
65.2
55.5
52.5
50.8
52.7
59.2
52.3
49.5
52
60.3
62.5
66.3
69.3
70
72.7
74.8
76.3
75.5
74.5
73.3
69.8
71.2
74.8
67
61.5
54
48.5
49
44.3
48.7
50.3
52.3
57.8
56.3
56.3
61.8
73
72.5
77.2
83.2
85.8
87
87.7
88
88.5
89
89
85.3
78.5
77.5
77.2
77
79
83.5
85.7
86.7
87
87
87
87.7
88
88.3
89
89
88.8
88.3
89.5
89
89
89
83.2
80.2
75.5
78.7
77.2
69.7
72
75.2
71.5
70.2
77.5
76.8
82.5
80.8
81.5
83.2
84.2
81
81.8
77.7
77.8
74.7
75
73.5
72.3
66
65.2
60
64.7
75
76.3
72.8
69.5
76.2
79
78.2
76
60.5
55.5
65.7
67.5
67.3
77.5
78
79.2
78.2
79.3
83.2
84.3
82.8
80
73.3
69.2
65
59
62.2
71.5
72.5
75.7
75.3
74.5
73
73
76
76
77.2
78.5
77.8
76.3
74.5
73.7
72.3
67.7
64
60
58
54.7
50.5
46.8
53.3
58
67.3
69.3
68.7
70
70.8
69
NaN
71.2
74
75.8
76
75.2
73.3
77
82.7
80.5
75.8
68.3
64.8
62.3
61.7
63
68.2
72.3
73.5
76.5
78.2
78.7
76.5
74.7
74.3
71.7
73.5
72
72
73.5
74.2
74.2
72.5
66.2
57.8
50.8
49
46.7
47.5
47.7
38.2
35.5
36.2
33.7
35.3
36.5
36.2
37.7
37.8
37.2
37.2
39.3
41.2
40.8
38.2
39.8
41.7
41.8
41.2
35.3
31.3
31.5
31.7
37.2
46
52.8
51.3
50
50.2
55.5
59.8
63.2
62.7
58.2
57
49.8
50.3
52.2
50.8
48.7
53.3
48
48.7
44.5
38.2
42.3
34.7
33.7
45
54
51.2
47.3
54
57.3
61.8
59.8
58.7
57.8
60.3
62.7
64.7
63.2
65.4
65.8
64
58.5
52.3
47
44.5
40.8
39.5
41.3
46.3
59.3
59.7
57.7
60.8
64.7
67.3
67
70.2
69.3
68.2
71.8
75.8
77.2
78.7
79.3
79
76.5
63.5
54.2
50.8
48.7
49.5
50.5
55.3
66.8
66.8
67.7
71.7
73.2
74.2
70.8
71
69.3
65.8
65.7
64.8
61.7
63.7
61.7
65.2
63.2
55
48.5
45.5
42
46.5
48.7
57.2
65.2
66.8
66.5
69
64.8
64.3
62.4
63
65.3
60
58.2
57.7
55.7
53.2
52.2
52.7
51.2
47
42.7
41
43.5
47.5
55.7
59
63.7
64.5
64.2
66.3
68.7
65.2
68.5
64.2
57
57.8
59.3
59.7
59.3
58.3
55.2
55.3
56.5
52.2
45.5
42
42.2
45.3
47.2
56.2
61.7
59.2
60.5
63.7
67.5
70.7
73
74.8
71.7
66.2
62.8
62.7
62.8
65.2
62.2
64
62.2
54.7
48.3
45.2
43.7
45.5
46.2
54.5
61.5
66.3
63.8
69
72.8
74
72.7
66.8
68
66.2
65.7
66.8
65
71.5
76
79.5
79.7
77.2
76
77.8
79
78.8
79.7
78
76.5
78.8
77.7
79
70
68
70
74
82.3
85.8
86.8
87.8
84.8
80.8
82.5
82.3
81.8
77.3
73.7
78.8
78.7
77
77.7
77.8
79.8
83.3
85.7
86
86
86.7
86
86.2
86.3
81
81
84.7
80.8
78.2
78.3
78.3
78.2
72.3
64.3
60
56.8
53
54.3
63.8
76
75.2
75.7
81.2
81.8
82.2
81
79.2
81.7
81
75.3
75.5
79.8
73.7
72.5
72.7
70.8
65
58.8
55.3
56.7
55.5
56.3
63.7
73.3
75.7
73.7
74.8
78.7
78
78
79
82
83.5
84
83.2
81.2
72.5
69.3
68.7
64.8
55.5
50.5
44.2
40.7
47
46
57.3
65.8
62.8
61.7
67.2
69.8
74.7
78.3
79.5
79.8
75.2
72.3
72.7
63.8
62.3
62
59.3
61
46.8
40.5
37.2
33.7
34.8
34.2
49.8
57.2
58.2
58.3
62.3
61.8
60.8
52.2
48.5
50
52.5
52.3
49
52.2
52.8
51
51
51.5
42.2
36.5
35.2
34.7
36
34.2
47.2
53.5
57.2
60.5
60.2
61.7
56.2
59.7
55.7
52.3
51.7
58
56.5
53
51.5
50.7
50.2
53.5
49.2
44.2
43.7
41.8
41.3
51.7
58.5
67.2
69
67
70.5
72.7
75
75.3
75.8
71.8
73
66.5
71.8
69.5
74
70.7
67.5
65.7
56.8
51.5
45.7
41.8
44.5
51
60.7
69.5
72
72.8
75.3
75.8
73.7
72.3
68.5
66.8
67.8
67.7
68.2
67.2
64.2
59.3
56.7
56.3
53.2
47.2
44.7
44.2
40.7
42.2
54.8
62.5
63
65.2
67.8
66.3
60.7
58.3
58
59.5
62.7
59
58
57.2
59
60
59.7
56.5
49.7
44.7
42.2
43.5
36.2
41.2
51.8
61.2
61.3
64.5
67.7
61.3
58
56.8
56.5
55.7
55.5
54.7
55.8
58.3
59.2
56
54.2
55
52.3
47
44.3
44.2
40.5
46
58.2
66.2
64.2
66
69.5
73
73
72.7
74
69.8
62.2
60.8
60
61.4
59.8
59.8
61
61.5
56.7
51.3
46.8
52.2
50.3
49.2
61.5
67.2
65.3
69.3
71.2
72
73.5
77
73.3
66.5
60.8
65.8
73.8
73.7
57.8
52.3
52.2
49.2
43
38.8
39.3
52.3
58.8
59.3
65.8
70
69
70
69
72.7
73.2
72
74.3
77.7
75.5
71.2
64
65.2
69.3
65.7
60.7
60.5
59.2
54.2
58
59.7
58.7
57.5
66.5
75.2
74.7
74.7
77.2
76.2
76.2
75
69.3
66.7
67.3
62.2
58.7
57
56.3
56.3
57.2
55.5
50.5
42.3
41.2
43.7
36.8
37.3
53.3
60.2
60.3
60.8
65.5
65.7
63
60.7
58.8
60.7
58.8
57.5
57.7
58
58.3
59.7
61
60.2
55.2
47.5
44.8
40.7
52.2
59
70.5
77.7
83.7
85
84.2
84
83.7
82.7
83.7
85
84
82.7
81.8
80.2
76.3
77
78.5
80.8
75.7
75.7
77
75.8
73.2
72.3
73
73.2
75.5
74.5
71.5
70.8
72.5
77.8
80.8
83
82.7
83
83
81.8
80.8
77.2
78.7
76.2
73.2
67.3
59.5
54.8
54
54.7
58.7
66.7
70.3
71
72.7
74.7
75.5
76.3
77.8
78
75.3
72
71.8
76
77.5
77.8
79.2
72.3
65.3
66.8
62.8
59.6
61
62.2
69.8
77
81.2
82.5
83.7
83.7
79.7
77.8
81.2
84.7
85.5
86.2
87
87
86.8
86
86
86
82.8
70.5
64.5
65.7
64.7
66.3
72.8
76.2
78.5
79
78.7
78.8
78.7
78.8
77.7
78
78.8
79
77.8
75
75.3
74
76.3
78.3
72
64.2
60.7
60.5
68
70.3
72.2
74.8
77.7
77
78.3
79.3
78.8
77
73.8
71.7
70.7
70.8
68.7
68.2
67.7
67.8
68
68.3
66
64.5
62.8
54.7
56.7
63.3
71.8
75
77.5
77.2
76
75
77
71.8
74
76.5
74.3
73.7
76.7
74.7
70.8
71.3
69
69.2
66.2
64.5
63.2
62
67.7
67.3
66.5
67.2
66.2
69.7
72.3
77
75
76.8
NaN
82.2
82.8
83.2
83
82.2
75
74
75.8
81
81
70.8
63.3
67.7
75
75.5
76
78.3
74.3
64.3
70.8
74
72
68.7
70.7
70.8
71.5
73.2
70.7
70.7
70.7
74.5
65.5
65
63.2
51.2
50.2
53.3
54.7
58.8
61.3
58.3
51
58.2
60.2
59
61.8
65
61
45.7
34.3
34
40.2
38.2
40.8
38
48
63
62.5
59
48
42.7
35.5
34.3
35.8
39
47
56.7
60
61.7
60.5
NaN
NaN
42.3
38.8
37.2
38.8
40.3
42.7
44
43.3
46.3
40.3
32
32.3
30.5
27.8
31.7
46.2
48.3
49.8
53.3
57.3
56.3
57.8
63
64.2
63.5
64
59.3
62.2
57.7
57.3
62.8
59.7
55.5
50.8
45.2
43.2
44.5
43.7
43.7
44.7
49.7
55.2
55.5
55
53.5
55.5
55.2
51.8
50
49.7
50.2
51.5
52.2
51.5
51
50.5
50.2
47.2
29.5
28.8
36.2
45.8
45.7
51.8
59
39.8
18.3
17.8
18.5
19.2
19.3
19.5
19.5
22.7
26.3
25.2
24.2
24.8
26.2
26.8
27.8
28.8
27.2
26.7
25.3
25.2
27.2
38.8
44.8
43.3
50.2
51.8
51.2
56
56.7
61.2
64.7
67.7
68.7
67.2
62.7
62.8
65.3
66.2
62.8
53.7
48
42.8
44
44.8
43.8
51.3
56.2
53.5
54.7
51.8
48.5
47.5
46.8
49.2
50.3
48.5
52.3
51.8
52.2
47.2
52.2
49
46.2
47.7
42.2
38
36.3
36.8
46.5
59.2
61.2
61.3
62.5
59.8
58.5
59
60
61
