77.5
78.2
79.5
79.3
79.2
80.7
80.7
77.5
71.7
55.8
47.5
43
37.8
43.8
46.5
48.7
56.2
61.2
65.7
68.5
72.5
75.8
77.8
77
76.2
76
75.3
76.3
76.5
75.3
74.2
75.2
73
68.2
65.3
67.5
70.7
83
85.5
77
78
72.8
78.3
82.8
83.5
84.5
85.7
83.5
85.8
92.2
94
95
95.3
96
96
96
96.2
93.7
75.3
69.8
66
67.7
74
80.5
84.5
83.8
85.2
92
93
95.5
95.8
96
96
96.3
96
96.5
97
97
97
97
97.7
93
76
64.3
65.8
69.3
64.7
64.5
65.2
70.2
79.7
84.8
88.2
88.8
88.5
88
86.8
86.5
87.3
91.2
92.8
93.5
95.2
96
96
96.2
97
95.7
92.7
88.8
84.5
87.7
92.5
93.2
92
93
95
95.3
95.5
95
94.7
94
94
94
93.2
92
90.5
87.8
82.8
59.5
47
43.3
40.5
38.7
36.8
37.2
35.8
34.7
49.7
57.8
58.3
63.7
65.7
66.3
67.5
67.5
67
66.8
67.5
67
65.8
66
64.3
52.7
43
34.5
34.5
33.5
34.8
36.2
43.2
54.2
58.8
66.3
71.3
76.7
79
79.7
80.3
81.3
81.7
80.7
80.5
80
80
81.3
81.5
71.5
58.2
59.8
59.5
57
52.5
50.7
48.5
54.2
65.7
75.5
80
82.2
83.7
84
85.5
86.8
88
88.8
89
87.3
86
85
85.3
77.2
65.5
68.5
59
54.8
57
61.2
64.7
68.8
71.8
76.3
81.5
84.7
85.3
86.5
88
91
93.8
95
94.2
93.3
92
91.3
91.2
93.7
89.5
84.2
81.5
74.8
72.3
83.5
78.8
81.7
87.2
91.8
93.5
94
94.2
94
94.2
95
95
95
95
95.2
95.7
96
96
95.8
84.7
85.2
86.7
82.5
74
71.2
78.5
83.8
87.8
89.7
91.8
93
92.7
92
92
92
91.5
92.3
92
91
90.3
91
89.2
86.8
77
74.5
72.8
69.3
67
68.7
69.2
68.3
77.2
82
86.5
88
88
87.8
88.3
90.2
92
92
91
89.7
89.7
89.7
88
83.3
79.7
77.2
74
79.3
91
93.2
95.7
94.7
95
95
95.7
96.5
97
97
97
97
98
98
98
98
98
98
98.7
98.5
96
93.3
93.3
94.5
94.7
96.3
91.2
94.3
95
96.7
97
97.7
98
98
98
97.3
97
96.3
96.8
97
97
96.2
97
94.5
79.3
79.5
73.8
65.5
62.5
57.7
56.7
55.8
72
82.7
86.5
84.7
85.8
86.8
87
86.5
86.8
86
87.3
89.5
90
92.8
94.8
95
95
95
95.7
96
96
95.2
95
95.8
96
95.2
95
95
93.8
92.5
92.5
88.7
87
81.7
82.5
82.5
78.8
73.3
72.2
68.7
61.8
57.2
81.5
89.7
77.7
79.3
74.5
78.5
72.7
79.8
84.8
86.7
88.7
88.7
87.8
88.7
88.5
87.3
85.7
84
82.7
82.3
83.8
81.8
64.7
57.8
55.3
42.3
31.3
30.7
34.2
40.5
53.3
66.3
71.3
72.5
73.8
73.7
73
72.5
73
74
71.2
69.5
68.2
65.8
64.2
51.5
43.8
40
34.2
35.5
40.5
51
56.3
56.2
62.5
73.2
79.3
84
88.5
83
78.7
88.8
92.3
92
91
89.7
87.8
85.8
83.3
69
54.2
48
44.2
39.3
39.3
42.3
39.8
45.2
54.4
66
70.7
73.2
74.3
72.7
73.5
73.7
74.5
74.7
74.5
75.2
74
73.2
73.8
66.7
53.8
50.7
47.5
49.3
50.2
50.7
52.8
64.5
76.2
83.7
86.7
87.3
87.3
88.8
90.3
91.7
92.5
93.8
95.2
95.5
95
95
95
89
85
84.2
83.2
79.3
79.7
85.7
90.3
92
93.2
93.7
92.8
90
89.8
91
93.5
94.5
95
95.2
96
96
96
96
93.8
89.5
91.2
93.8
95
95.2
94.5
91.3
91.8
93.8
94.8
95
95
95
95
95
95
94.5
94
94
93.5
93
92.3
92
91
90.7
73.8
58.5
56.7
54
62
72.7
65.2
80.3
85.2
85.7
86.8
86.2
85.8
86.7
85
83.2
82.8
80
79
77.8
77
77.3
76.7
66.8
50.3
46.8
42.3
40.2
40.3
44.8
53.8
60.5
70.2
76.7
81.5
83.7
84.8
85.2
84.2
84
85.7
85.5
85.2
85.7
86.7
87.7
88
83.3
71.3
67.3
59.7
54.3
54.8
58.2
65.5
74.2
82.7
87.8
91.3
93.2
94.7
95
96
95
93.2
92.2
91.7
92
90.7
89.2
88.7
86
80.8
77.2
68
67.8
66.7
68.8
76.3
85.7
91.3
94.7
96
96.7
97
97.7
98
98
98
98
98
98
97.7
95.5
95.3
94
76.8
73.8
72.5
71.8
67
68
75.3
84.5
88
90.7
91.8
92.5
93.7
94.2
94.8
91.3
90.5
82.2
77.7
77.7
79.5
83.2
82.2
78.2
62.2
59.3
47.3
39.8
42.3
50.3
57.5
65.5
76
80.2
82.5
84.2
85.2
85.2
86.7
87
88.2
89.7
90
89.8
89.7
88.5
88.7
84.2
78.2
72.3
68.2
64.5
68.3
74
83.8
89.3
91.7
92.3
93.3
93.7
94
94.5
95
95
95
94.8
93.2
85
81.7
79.7
83.2
77.3
59.2
55.2
50.5
49.3
54.7
56.8
60.8
62.5
68.7
71.7
75.7
73
73.7
73.7
74.3
72.5
73
74
72.3
73
73.8
78.3
83.2
82.3
71.8
65.2
77.2
82.5
86.7
90.8
93.3
94
95
95.7
96
96
96
96.3
97
97
97
97
97
97
97
97
97.8
97.2
97.8
78.8
73.8
86
87
86.8
88.7
88.3
91.2
94.8
94.2
93.7
93.8
92.3
92.3
92.3
93.7
94.5
95.2
95.7
95
96
96.8
97
95.3
94.3
93.8
94.2
94
92.8
94
92.8
94.5
95.3
96
96
95.5
95
95
94
92.2
89.7
85.8
81.8
77
76.7
73.7
67.2
54.3
41.7
40
43
42.7
43.3
48.5
62
75.2
79.8
79.8
72.8
72.8
76.8
81.3
78.5
78.8
78.7
87.2
88
87.3
86.7
84.8
86.7
88
81.7
74.3
74.5
79.7
81.2
84.3
89.5
91.7
91.8
94
96.3
97.2
98
98
98
98
98
98
97
95.5
95
94.8
92.3
81.8
79.7
62.5
48.3
49.7
61.7
60.8
80.5
87.7
93.2
94
92.3
93
93.5
93.8
94
93.8
93
93
92.3
92.2
93
93.2
91
86.3
78.8
71.5
64.5
70.7
73.3
84
87
89.5
92.2
93.5
94
94
94
94.5
95
94
93.2
93.2
92.3
91.3
91.2
91.3
89.5
86.5
80.8
64.8
59.2
60.3
64.7
77.5
86.8
89.8
93.3
94.5
95
95
95.7
96
96
96
95
95
94.3
94.3
93.3
93.2
89.7
84.5
77.8
62.8
55.3
49.8
51.8
63
84.5
92.8
95.3
95.3
92.3
87.8
86.2
82.8
81.2
81.5
81.8
82
80.7
80
79
77.7
74
61.7
51.2
52.7
47.8
53.7
53
61.3
71.2
79.7
87.3
89
90.3
90.7
90
90.8
91.5
93
94
94
94.2
94
93.2
91.7
90.2
84.5
67
58
50.7
46.7
49
59.8
77.5
87
90.3
92.5
93
92.3
91.7
91
90.5
93
94.5
95
95.3
94.7
95
95.2
96
95.5
96
94.7
92.3
91.3
90.8
93
95.2
96
96.7
97
97
97
97
97
97
97.2
97.8
98
98
97
97.3
98
97.5
98.5
95.5
87.5
90.7
91
89.3
92.7
94.5
95
95
95.3
95.7
95.2
95.7
96
96
96.3
96.2
96.7
97
97
97
97.3
97.2
98.3
88.8
79.5
87.3
91.6
93.5
94.3
95.5
95.7
96
96
96
96
96
96
96
96
96
96
96
96
96
96
96
96.8
96.2
95
87
85.5
88.7
91
92
94.3
95
96
96
96
97
97
97
97
97
97
97
97
97
97.3
98
96.3
86.7
87.8
86.8
87.3
85.8
87.2
89.3
91.7
91.7
92
92.8
93.8
94.3
95
95
95
95.3
96
96
96
96
96
96.5
96.8
95.7
89.7
86.7
86.5
80.7
81.3
86.8
91.5
93.3
94
94.3
94.8
95
95
95
94.8
94
94.2
94.3
94.8
94.5
93.8
91.5
69.7
45.3
43.7
41
36.8
36.8
36.5
45.7
68
69.7
70.3
70.3
67.8
65.2
66.2
66.2
66.3
63.5
63.2
63.5
61.5
61
61.5
58.3
41.8
35.3
32.8
32
30
34.5
48.7
62.3
73.3
74.5
70.8
68.5
66.8
63.5
63.5
61.8
64.5
62.2
61.5
60.5
61.3
60.8
61.3
61.8
53.8
41.7
37.7
39.2
41
43
49.8
64.8
75.8
78.5
79.3
79.7
77.8
76.2
77.2
78.3
81.2
81.7
79.8
76.5
67.3
63
58.8
56.3
42
42.3
48.8
46.2
46.2
47.5
51.8
59.5
63.7
59
58.7
58.8
60.3
63
66
66.8
66.7
67.5
67.7
67.3
67.7
68.7
68
66.8
59.5
46.2
40.7
39
46.5
53.7
54.7
63.7
74.7
77.5
73.3
68.8
65.7
61.7
60.7
59.5
53
47.5
42.5
38.8
38.5
37.7
37.5
36.5
26.3
20.7
22.7
24.3
28.5
32
37.3
50.7
58.3
57.7
54.2
50.5
47
45.5
44.3
44.5
40.8
37.8
35.8
35
35.3
33.8
34.2
33
28.8
24.3
24.8
27.7
28.8
31.7
35
44
48.7
50.5
51
51.3
53.7
54
53.8
55.3
55.7
56.2
56
56.3
57.3
57.5
56.5
54.8
45.3
37.5
37.3
38
40.3
43
44.2
55.2
64.5
67.7
68.2
68
67.7
67
67.7
69
67.3
66
64
62
59.2
56.8
53.5
53.5
45.5
35.5
34.2
36.8
43.8
43
49.3
61.2
74
75.8
73.3
69.7
67.8
68
67
68.3
67.2
65.3
67.5
72.7
72.5
73.3
78.3
80
76.8
77.3
78.8
85.3
93.5
95.8
96
94.3
95
94.3
94.5
95.2
96
96
96
96
94.7
95
95.8
96
96.2
97
97
97
97.5
97.3
90.5
86.5
88
84.3
90.5
94.2
95.8
96.8
97
98
98
98
98
98
99
98.8
98.8
98.8
98
97.5
97
96
90.3
72
59.8
57.5
52.2
57.8
62
75.3
82
82.5
81.7
80.2
78
74.2
72.7
68.5
71.5
76.2
72.8
71
67.7
61.5
56.5
50.8
43.7
44.7
57.2
61.8
58.3
57
60.2
67.3
57.2
51.3
45.5
43.2
44.8
44.8
46
46.2
49.3
48.8
46.7
45.5
48.5
49.5
44.7
43
35.8
28.5
27.2
22
19.5
18.5
20.5
29
37.5
30.5
20.8
19.8
17
20.3
24.3
22.7
21.2
19.3
20.7
20.8
18.3
17.3
20.2
19.3
13.5
17.5
22.3
28.5
35.2
36.7
38.7
50.7
56.2
41.3
29.7
25.8
26
28.5
27.8
27.5
24.8
27.3
27.8
25.7
25.7
26
27.7
28.7
25.2
18
18
22.3
26.3
27.7
32.2
42.7
45.7
46
43.7
43
45.5
48
48.2
48.5
51.7
54.7
62.2
68.7
68.5
68.8
72.8
74
69
65.5
56.8
57
54.3
60.3
62.2
72
79
80.5
80.5
80.2
79.5
78
77.8
77.7
76
74.5
72.8
71
69.8
68.2
67.5
66.3
63
54.2
43.3
41.5
44
47.5
53.3
63.3
70
69.8
70
70
71
70.8
71
70.7
70.2
69.5
67
64.8
58.7
56
52.8
51.3
45.3
37.7
33.3
38.2
36.7
39
42.8
54.7
62.2
60.5
59
59.2
58.7
58.3
58.2
55.8
54.2
54
52.5
53.5
48.2
45.5
41.3
40
36
29.2
25.5
27.3
28.8
33.7
36.8
47.8
50.5
50.3
49.5
51.7
53.5
53
54.7
55.8
55.5
56.2
54.7
53.7
53.2
52.2
52
52.3
46.7
42.7
33.7
33.8
36
37.8
41.7
52.8
58.8
60
60.5
59.5
59.5
60.2
60.7
61
60.7
59.5
57.8
57.5
55.7
55
53.3
52.3
46.8
36.2
29.5
26
25.8
26.7
28.5
33.5
36.5
35.3
41.7
41.7
41.2
38.8
36.5
35.5
36.2
37.2
39
40.5
41.5
40.7
41.2
40.7
38.8
36.8
28
28.5
28.5
32
34.7
44.5
49.5
50.2
50.8
51
51.2
51.2
51.2
50.5
50.5
49.5
46.2
43.8
40.8
38.5
37
36.7
33.7
25.8
24.3
28.7
30
31.5
29.7
41.2
45.7
47.5
47.3
47.2
46.2
46
47
47.7
48.5
48.5
48.7
47.5
45.5
46.2
41.8
42.8
44
36.5
30
29.2
29.2
34.3
36.3
48.5
51.7
50.2
48
46.3
46.3
41.8
42
43.5
43.5
42.7
44.7
41.7
41.8
48
44.8
42.7
38.7
40.5
37.8
38.3
39.3
42.8
46.3
57.5
64
66.7
66.3
65.2
64.8
64.5
63.7
61.6
60.2
57.8
47.2
38.2
33.2
32.3
35.8
29.7
21.5
17.3
15.7
15.2
14.3
20.8
24.2
32.8
32
28.3
28.5
28.3
28.5
30.5
31
33.2
38.2
40.3
41.5
41.3
47
48.3
48
48
46.2
42.3
38.3
38.7
38.2
35.5
37.2
37.7
39
41
42.7
42.7
44.8
46.3
47.5
48.8
49.5
52.3
51.8
51.8
53
52.7
51.8
49.2
45.2
37.2
30
30.2
28.7
30
35.5
45.2
49.2
49.2
46.7
42.8
42.8
40.8
37.3
41
41.8
40.5
39
41.2
40.2
42.2
41.5
42.3
43.3
38.3
35.3
32
31.8
33.7
39.2
47.2
45.7
47.5
45.7
41.7
41.3
42.7
42.5
42.2
43.7
43.5
43.3
43.8
47.8
48
47.8
47.7
41.5
34
24
26.5
25.2
25.8
29.3
35.8
31.2
22.5
21.8
22.7
22.5
22
22.5
23.5
23
22
22.3
22.5
21.7
21.2
22
22.7
21.7
18.5
17
18
19.7
29.8
35
35.5
32.7
31.6
29.7
30.7
31.2
32.2
33.2
36.8
36.7
40
42
41.7
43.5
45.2
46.3
48.5
49
45.8
42.2
52.8
63.7
74.8
78.7
82.3
88.2
89.8
91.3
92.5
94.2
95
95.5
96.5
97
97
97
97
97
97
96.5
95.5
94.2
91
79.2
56.8
39.3
44.2
42.5
33.5
25.8
30.7
40.3
47
51.2
42.8
40.7
40.3
40.8
36
35.3
36.2
35.2
39
35.8
33.7
34.5
31.2
30.3
27.5
27.3
29.8
29.3
35
42.3
40.5
42.8
45.8
44.2
44.5
44.3
43.3
41.5
40.8
42.8
43
42.2
43.7
43.3
42.7
38.7
32.8
33.3
25.7
25.3
27.3
29
37.3
44.7
44.8
47.3
47.3
46.3
46.8
46.2
48.3
47.8
49.2
50.5
50.3
49.8
50.2
50.3
50.7
48
42
36.5
30.8
29
31.3
36.7
46.2
48.8
49.2
49.5
51.3
51.7
51.5
49.5
47.3
46
47.7
47
48
46.5
48.7
50.5
51.8
47.3
44
42.8
41.2
39.5
42.5
42.2
49.3
58.8
57.5
57.2
55.5
55
52.3
53
53.8
52.8
52.2
51.5
52.3
50.8
49.5
46.7
41.2
37.3
35.7
35.7
37
33.2
33
32
34.7
36.7
39.7
41.3
42.5
43.3
44.5
45.3
46.5
47
46.7
45.8
44.8
44.3
43.2
44.3
43.8
42
41
34
27.8
25.2
25.3
28.5
36.7
42
44.7
45
46.5
47.2
48.8
48.5
49.3
50.2
49.3
47.3
40.8
38.5
37.2
29.3
25.7
23.2
24.2
26.7
27.5
36.5
31.5
27.5
31.7
36.7
36.7
38.8
39.7
39
38.2
36.2
34.5
33.5
34.3
35.5
35.7
35.5
38.8
39.3
39.3
35.2
32.2
31.7
32.2
28.5
28.8
33.7
37.5
41.3
44.2
47
46.3
46.7
46.3
49.2
