90.8
87
85.8
85
83.8
82.8
81.8
79
72.8
58.2
44.8
41.7
40
40.8
39.7
38
39.3
40.8
49
64.8
68
69
69.3
70.7
71
71.3
71
71.3
71.8
71.8
70.8
71.5
68.7
52.2
43.5
39
42.3
42.5
40.2
40
39.8
46.2
51.7
55
64.3
65.8
67.8
68.2
68.7
66.2
65.3
71.2
73
79.5
83.7
86.5
87.3
87.2
84.5
80.2
67.3
57.7
52.8
52.5
57.3
58.2
74.3
78.2
80.7
79
77.2
81
88.3
87.7
87.2
86.5
85.5
85.6
85
84
83.3
80
79.3
72.2
70.8
71.2
75.3
73.3
73.5
76.8
79.2
83.7
85.3
85.8
85.7
84.7
85
85
86.7
87
87
87
87
87.5
86.7
78
79.2
77.8
77.5
83.2
86.2
89.5
91.8
92
92
93
94
93.7
92.7
92
91
90.8
89.3
89
88.3
87
85.8
85.3
83.5
70.8
68.3
67.2
69.7
66.2
59.7
65
75.5
70
83.5
89
90.7
92
92
92
91
91.5
91.8
91
90.7
90.3
90.5
90.5
90.5
78.3
67.5
65.8
64.3
62
60.3
59.5
68
78.3
82.8
87.5
89
91
91.3
92
91
91
91
89.7
89.2
88.2
89.3
89
88.3
78.8
65.7
61.8
61.5
72.2
82
80.8
71.3
85
90.2
92.5
93
93
93
93
93
92.2
92
91.2
89.8
88.7
86.7
84.5
83.5
74.7
62.5
60.2
56.5
62.5
72.2
76.8
86.2
89
90.8
91.7
92.3
93
92.3
90.7
90.5
89.5
89
87.5
87.5
86.3
84.5
83.7
83.3
83.5
64.5
56.2
54
63.3
72.5
83.7
82.3
89.8
89
90.5
91.7
91.5
91.5
91.3
92
91.5
90.5
90.5
89.3
89
90
89
88.3
77.5
62.8
52.2
50
59.7
62.5
71.8
71.5
74.8
82.3
89.5
90.5
84.2
74.7
72.8
72.2
73
73
71
71.2
71.5
71
73
74.2
62.8
48.8
42.8
42.2
37.7
40.3
42.2
58.2
74.7
84.7
87
89.5
88.8
87.2
86
84.5
83.7
82.7
81.5
80.2
79
77.3
76.2
76
64.5
54.3
44.8
41.2
38.7
41.7
48
58
66.8
73.8
81.7
85
86
84.7
83
82.5
81.8
80.7
79.5
76.8
76.8
76
75.8
75.5
64.8
53
51.3
48.3
46.7
48.8
53.8
58
67.5
77.5
83.3
87
88
88.5
88.3
88
87.8
87.8
88.3
88
86.5
87
85.7
85.7
79.8
65.8
60
60.3
63.2
67.8
79.2
83.2
85.3
90.5
92.3
92.5
92
92
92.8
93
92.5
92.5
92.2
91
91.2
91.5
91
90.3
89.2
85.7
78
69.7
65
70
82.2
84.7
84.2
85.8
90.3
91.5
91.7
93
93.2
93.8
93.5
94
94
94
94
94
94
94
93.2
92.3
88
83.3
85.8
88.3
90.8
89.2
88.7
87.7
91
92.2
92.8
93
93
93
93.3
94
94
94
94
94.8
95
95
94.8
92.8
85.2
83
87.8
89.2
91.5
92
91.2
92
92.3
93
93.2
94
94
94
94
94
94
94.2
94.2
94.8
95
95
95
92.5
83.5
85.2
87.3
89.8
91.5
91.5
93.5
94
94
94
94
94
94.3
95
95
95
95
95
95
95
94.2
94.8
94
93.3
88.3
85.7
87.8
86.8
80.8
83.2
87.8
91.7
92.5
93
93
93
92.7
93
93
93
91.8
90.7
89.7
88.7
88
87.2
78.5
61.5
59.5
60.5
74.2
74.8
72
80.2
86
89.7
90.5
90.5
92.5
92.7
93
92.2
91.5
90
88.8
86.5
85.7
84
80.7
79.3
65.2
45.2
39.8
35.2
26.7
24.5
24.7
22.3
22.2
37
42.8
48.7
49.2
42.2
37.7
44.5
51.8
53.5
56.2
57
56.8
55.3
55.8
56.5
43.5
35.7
29.8
28.7
26.3
38.2
41
46.2
56.2
67.3
75
79.2
80.2
80.2
80.5
81
81.2
82
83.5
83.7
83.3
83
82.7
83
79.2
70.7
69.7
70
63.7
56.7
58.8
61.5
69.3
77.3
82.8
86
87.7
88
89.2
90.5
91.7
91.3
92
91.2
91
89.3
88
86.7
79.3
51.7
44.7
38.7
44.2
50.7
54
56.7
65.3
76.8
82
84.3
84.3
85.8
83.3
84.7
85.3
83.8
84.7
83.3
78
74.8
74.7
70.8
61.3
51.3
45.2
53.2
57.5
55.7
59.2
65.5
67.7
76.7
78.7
70.3
66.8
67
66.2
65.2
65.2
64.5
64
63.2
63
62.8
62.2
63.8
56.8
44.2
40.8
36.2
35.3
37.2
41.2
46.2
56.5
70.3
76
76.7
74
72.5
71
71.2
73.5
74.2
75.2
75.3
74.8
75.5
77.7
78.7
74.3
62.3
62
63.2
62.8
62.8
62.8
67.2
74.3
81.5
84.8
87
89.8
90.5
89.3
86.3
86.3
86.2
85.7
86.5
86.3
84
80.7
80.3
74.8
50.8
47.3
38.7
41.7
46.3
48.2
54.3
67.2
82.3
85.8
86.5
85.8
86.3
86.8
85
84.7
83.8
82.5
81.5
81.5
81.5
82.5
81.7
77.5
61.8
62.5
65.2
63.7
65.5
62.2
76.5
82.8
86.7
88.7
89.7
90
90.7
92
92
92
92
92
92
92
92
92.8
93
94
92.5
89.2
89.2
87.3
88.2
85.7
85.8
88
90.5
91.7
91.8
91.3
91.2
91
90.7
89.3
88
87
85.5
83.7
81.3
80
78.3
70.8
55
54.5
49.5
45
44
46.7
53.5
65.8
77.3
83.7
86.2
88
87.2
87.5
88.7
90
91.2
92
91.3
92
91.5
88.3
88
88
76.7
72
64.5
63.2
60.8
61.3
67.3
75
84.3
89.8
91.3
90.8
91.7
92.8
93
93
93.3
94
94
93.7
93
92.5
92
90.8
83.5
77.8
67.7
64.5
62.3
67.5
72.5
81.5
83.5
88.2
90.7
91
92
92
91.7
92.5
93
93.8
94
94
94
94.2
95
95
93
90.7
84.5
80.8
76
70.5
77.7
84.7
89.2
90.3
90.8
90.8
89.5
89.3
90.5
88.2
87.8
87.7
86.8
86.3
84.8
83.5
86.5
86.8
79
72.3
63.3
56.3
53.5
70.3
81
82
82.2
86.3
87.8
88.7
87
88
87.3
89.3
90.3
89.5
90.7
88.7
87.7
88
87.2
86.5
82
81
82.8
78.2
74.8
73.8
85.2
91.2
92
92.7
92.7
93
92.7
93
93
93.7
94
94
94
94
94
94
94.2
94.8
94.3
94.3
94.3
94
94
93.2
91.3
91.8
92.3
93
93
92.8
93
93
93
92.7
92
92
92
91
91.2
90.8
90.5
89.7
83.5
78.7
77.2
81
85.8
83.2
83.3
84.8
88.2
90
90.3
90.8
89.7
89
89.7
89.2
91.5
92.2
93
93
92.7
92
92.3
91.7
89.8
84
82.5
79
79.3
82.5
85.7
89
91.8
92.3
93.2
94
94
94
94
94
94
94
94
94
94
94
94.2
95
94
92.5
91.3
92.5
92.7
91.3
93.2
92.8
93
93.8
93.8
94
93.8
93
94
93.8
93.7
94
93.5
93
93
93
92.5
90.7
86.7
83.8
83.2
83.8
79.5
81.7
84.3
87.8
90.2
91.8
92
92
93
93
93.2
94
94
94
94
94
94
94
94
94
94
93.8
94
94
94
94
94
93.5
93.8
94
94
94
94.3
94
94.2
94.5
94.7
94.2
95
94.7
94.5
94.2
95
94.5
93.5
84.2
79
73.8
75.8
70.2
79.5
85.8
89.5
90.8
91.7
91.5
90.7
90.3
91.7
92.7
93
93.2
93
93.7
93.3
93
93.2
92.5
89.8
73.3
69
70.3
74.2
80.2
84.2
85.8
88.5
90.2
92
91.8
92
91.5
91.5
91.5
91
91
91
90.7
89.8
89.8
90
88.3
81.2
75.8
75.2
73.3
75
77.5
81
84.8
88.3
89.8
90
90
90.2
91
91
91
89.8
89.3
91.5
92.8
93
93
92.8
92
92.7
87.7
76.7
69.2
70
73
68.7
77.7
87.2
87.8
81.3
72.3
62.7
59.7
56.5
54.3
52.2
59
63.5
60.2
60.3
61.2
62.2
60.5
50
42.7
43.2
42.5
52
58
64.5
74.5
83.5
85.7
85.7
85.5
86.5
85.2
83.8
83
81.2
83.7
83.5
83.8
85.8
85.7
85.5
85.8
82.5
63.2
62
58.3
56.5
58.7
63.8
73
82
84.5
85.8
85.8
85
84.2
77.3
70.8
65.8
62.5
61.8
59.3
54.3
49.2
48.2
45.5
46.3
48.2
54.5
54.8
56.2
65.3
68.5
77.8
81.5
76
78.7
79.7
83.5
84.8
86.7
86.2
85.3
86.3
86.3
84.2
80.8
79
78
78.8
81
72
66.7
65.3
64.2
64.2
69
77.8
86.7
90.8
91.8
93.3
92.8
90.2
83.5
74.5
51.5
49.7
43
42.2
43.3
42.7
41.5
70
69.8
52.7
39.2
36
37
35
33.7
36.5
43.8
44
45.3
54.5
68.3
75.8
83.7
88
85.2
75.7
73.7
67
64.5
51.5
48.7
45.7
44.2
39.2
37.2
36.5
37.2
36.7
38.7
43.8
50.3
55.2
59.2
60.8
60.7
60.7
60
59.8
56.8
56.8
56.3
53.2
50
47.5
45.5
42.2
28.5
24.7
25.8
24.7
29.3
31
34
45.8
54.3
58.3
57.2
54.7
54.5
54
53.5
51.3
49.2
47.2
42.7
44
47.2
51.2
56.5
58.8
63.2
62.2
50
48.2
52.8
56.3
66.5
70.2
77.5
79
78
77.5
76.7
78.5
79.2
79.7
78.3
77.5
77.2
74.5
73.7
72.7
72.7
70.2
62.8
55.8
55.8
58.8
61.3
62.5
68.2
78.8
84.3
86.3
87.3
87.2
86
86.5
87
88
88.5
89
88.8
89
89
90.5
90.3
90
90.2
81.3
65.8
61.7
63.3
65.5
70.3
85.8
90
92.2
93
93
92.8
92.8
93
92.2
92
92
91.5
90.3
89.8
89
88.7
87.3
86.2
74.7
61
57.5
55.3
59.5
65.5
76.3
82
83.3
84
82.5
81
81.7
82
81.2
80.7
80
80
79.7
78.3
77.7
76.3
72.3
66.5
54
53.8
54.7
56
56.5
61.5
71.3
77.8
80.2
79.5
74.5
68.2
63.8
59.3
55.3
52.3
50.2
45.3
40.8
38.7
37
36.7
35.7
25.5
28.8
31.3
30.3
30.2
37.2
40.2
51.7
59.3
61
60.2
60.7
62.2
63
62.7
62.2
62.8
62
61.5
60.3
60.5
59.3
58
57
50.3
41.5
40
45
44
43.7
46.5
57.3
64.5
64.3
63
62
60.5
60.7
62.2
61
61.3
60.7
58.3
56
53
52.3
52
51.8
50.8
40.7
36.7
38.4
37.8
40.8
44.7
54.8
64.2
66
66.3
66.2
66.3
66.7
66.5
66.8
66.5
66.8
66.7
66.3
66.2
65.8
65.3
64.7
59.7
48.7
39.2
38.7
41.7
45.3
50.7
61.3
67
68.8
68.7
69.7
70.8
72
72
72
72.3
73
73.3
74
76.3
77
77.8
77.5
73.3
71.7
73.7
69.5
57
59.5
74
81.3
85.7
86.2
86.5
89.3
90.2
91
90.7
91
91.8
90.7
86.2
88.3
88.8
89.3
89.8
90.2
90.7
86.5
86.2
88
90.5
89.5
88.8
89.8
90.3
91.8
92
92.3
93
93
93
93
93.8
94
94
94
94
94
94
94
94
94
94.5
94.3
94.5
94.5
94
94
94
94
94
94
94
94
93.5
94
94
94
94
94
94
94
94
94
94
93.7
92.5
92
92
91
91
91.8
92.3
93
93
94
94
94
94
94
94
94
94
94
94.8
95
95
95
95
94.8
93.5
92
92.7
90.8
90.7
92.2
93
93.3
93.8
94
94
94
94
94
94
93.3
93.3
93
93
92.5
93
93
91.8
88.2
68.7
62
53.3
63
74.8
82.7
87.8
88.7
89.2
89
88.8
86.7
85.8
85.2
85.8
87.3
86.2
86.3
87.3
88.7
87.3
84.5
78.3
72.3
66.3
67
66.8
70.5
79
88.5
91.8
91
88.8
88.3
88.2
88
87
86.2
88.7
90.2
90.8
92
92.8
94
94
93.8
92.5
92
91.2
90.3
92.3
93
93
93
93.3
93.2
93
93.7
92.2
92
93.3
93.7
94
94
94
94
95
94.2
94
95
95
94.7
93.3
93
91
91.5
92
92
93
93
93.2
94
94
94
94
94
94
94
94
94
94
94
94
94
94
92.7
86.8
82
84.2
87.3
90.2
91.2
92
92
92
92
92
92.2
93
93
92.3
92
91.7
91
91.5
92.5
93.2
93.8
94
92.5
76.7
70.8
79.5
85.3
87.3
86.7
89.7
90
90
91
90.5
88.5
88.3
87.2
88.8
89.3
90.3
90.3
89.7
89.2
88
87.3
85.2
77.7
78.8
76.3
73.3
76.2
78
81.8
87.5
88.7
88.8
88.3
88.7
88.8
88
87.2
87
87.7
88.7
89
88.2
88.3
89
90.2
90.7
90.2
89.3
88.8
86.8
81
87.7
90.2
91.7
92.5
93
93
93
93.7
94
94
94
93.8
93.8
93.7
93.2
93.8
94
94
93.5
91.8
81
74.8
79.8
76
83.3
86.8
90
91
91.3
91.7
91
91
91
91
92
92.5
93
93
93
93
92.2
92
90.5
86.5
82.8
79.8
74.2
80.5
84.7
87.2
89.3
90.7
91
90.2
91
91.8
92
92
92.5
93
93
93
93
93.2
93.2
94
94
93.3
82
65.8
64
73
76.7
84.2
89.8
90.8
89.7
88.5
88.2
86.8
85
83.7
83.2
81.5
81.3
80.7
79.5
79.2
77.8
76.3
72
57.3
51
48.7
46.2
46
48
67.7
71.3
72.5
70.5
71.2
72.2
69.5
69.3
66.2
67.8
67.8
68.2
65.5
60
63.3
59.7
58.2
52.7
44.7
41.5
39.8
40.7
45.5
46.8
63.3
68.2
67.3
65.7
62
61.2
58.5
55.7
57.2
56.5
58.7
56.5
56.7
56.2
55
54.8
59.7
54
55.5
49.8
45.7
45.5
53.3
60.8
64.7
66.7
68.3
69.3
69.5
70.5
71.5
70.8
70.5
68.7
69.2
67.8
66.5
68.5
66.7
66.5
66
62.2
56
55.2
49.7
49.7
54
57.5
69.2
68.5
68.5
70.2
68.3
70.2
71.3
67.7
67.2
68.7
67.8
66.3
66.5
66.3
65.5
68.8
68.7
65.2
57.5
52.2
45.5
46.7
49.5
51.5
66.2
70
68.7
67.3
69.7
69.7
68.3
64.7
64.5
65.2
64.8
63.8
64
62.2
61.7
60.5
58.2
59.7
55.5
50.3
43.5
44.2
44.8
51.3
60.7
62.2
60.5
58.5
58.3
57.8
59.2
61.2
61.8
61
61.2
62.7
64.5
64.3
63.7
62.2
63.3
63.8
56.8
51.3
49.8
54.5
59
65.3
67.3
70
75.7
80.2
79.2
78.7
87
88
88.2
90.7
91
90.5
89.3
89.8
90
91.3
92.5
93
94
94
93.2
93
94
94
94
94
94
94
94
94.5
94.7
95
94.8
95
94.7
95
94.7
95
95
95
95
95
95
95
95
95
95
95
95
95
95
95
95
95
95
95
95
95
95
95
95
95
95
95
95
95
94
93.5
92.8
91.7
89.8
91.7
92.5
93
94
94
93.8
94
93.2
93
93
92.2
91.7
90.8
91
91
91
90.3
89.3
89.2
86.5
78
70.7
68.2
72.5
82.7
84.8
86.3
85.3
84
81.7
83.5
83.5
80.2
