89.6
90.5
91.2
91.7
91.8
91.6
92.1
86.1
87.5
88.6
80.3
67.8
62.1
59.5
57.3
55.7
57.3
63.9
77.1
82.3
85
85.3
85.6
87.3
87.1
86.8
85.7
86.1
84.9
83.8
84.6
86.2
87.8
85.6
72.7
64.7
60.6
59.2
56.1
61.2
65.8
71.2
78.3
80.6
80
80.3
80.7
81.1
81.7
79.2
77.6
81.1
82.6
84.5
82.1
85.9
85.6
87.8
82.7
67.3
57.1
56.2
55.2
53.7
55.7
65.5
76.1
79.5
83.4
85.4
88.6
89.4
92.6
89.4
88.7
92.3
92.2
92.2
74.6
45.1
43.3
42.1
34.4
55.2
60.9
59.2
25.1
17.6
17.7
19
21.2
24.7
27.7
29.5
28.6
27.1
26.1
25.9
28.6
35.7
44
50.7
52.1
54.2
56.1
55.8
40.4
35.1
32
32.6
31.6
34.6
37.4
43.5
54.1
63.6
61.9
66
65.7
66.2
65.9
65
66.1
65.4
63.7
65.5
61
62.5
62.5
60.7
58.4
53
50.1
49.2
46.7
47.9
54.5
63.9
76.8
82.2
84.5
86
87.9
89.9
91.3
89.8
89.4
89.3
90.1
92.2
93.4
94.3
95
95.5
94.7
86.2
76.2
68.6
65.1
62.7
62.7
70.4
82.2
87.4
89.4
91.5
90.5
92.2
92.4
90.6
85.3
82.6
82.6
77.4
81.3
80.9
84.7
87.9
87.1
69.3
59.9
56.2
56.1
54.9
55.7
62.4
67.9
72.3
77.5
80.7
83.4
84.4
87.2
89.5
86
87
86.8
89.6
91.6
92.7
87.8
88.6
89.6
79.7
73.5
69
66.8
68.5
71.7
78.1
84
86.4
81.8
68.9
64.4
57.4
55.8
64.5
64.6
74.5
78.3
68.6
67.6
76.7
83.2
84.4
60.4
55.7
51.6
55.6
55.8
55
61.8
74.9
86.4
88.5
90
93
94
93.9
94.5
95.3
96.1
96.5
96.8
97.3
96.8
96.7
97.1
97.4
97.1
93.6
85.8
85.2
43.2
20.5
19.4
22.3
25.2
26.2
23.2
26.2
25.9
26.2
26.8
28.5
31.8
33.6
38.5
41.2
43.1
53.8
58.9
56
45.7
37.8
32
31.3
36.5
30.6
27.6
36.1
45
48.8
58.2
60.7
62.8
64.7
66.3
64.6
67.3
71.6
73.9
68.9
66.6
72.4
70.1
66.9
57.7
58.7
59.8
58.1
58
59.4
61.6
63.4
65.9
67.4
74.8
84.6
87.9
91.9
93.9
94.8
95.4
96.1
96.6
97.1
97.5
97.8
97.9
98.1
98.1
98.1
98.1
98
97.5
97.1
96.7
96.5
96.5
96.9
97.1
96.9
95.9
96.6
97.1
97.1
93.7
93.2
92.1
92.9
94.1
92
89.1
89.5
86.5
76.2
73.4
76.7
79.8
80.8
78.2
82.4
89.7
93.3
95
95.8
96.2
97
97.5
97.9
98.2
98.5
98.6
98.7
98.9
99
99.1
99.2
99.2
99.2
99.2
99.3
99.1
97.5
94.5
94.7
94.2
95.5
94.3
90.1
85.6
86.2
88.8
92.9
91
90
94
96.7
97.7
97.9
97.9
97.8
96.9
96.6
97.3
95.2
90.3
86.9
89.7
91.3
92.5
92.1
94.6
96
95.8
93.2
90.1
89.8
91
90.9
93.7
95.6
96.8
97.6
97.8
95.5
94.8
89.3
86
81
71.5
64
66.3
71.4
83.8
89.9
92.6
86.8
91.2
89.1
83.2
88.1
92.2
93.1
93.9
94.1
94.3
93.7
93.8
92.2
85.7
78.4
69.7
66.6
67.7
64.9
63.3
78.8
86.3
90.7
89.3
88.9
81.5
83.3
76.8
80.3
83.2
82
85.8
87.8
88.7
86.2
89.6
89.8
82.7
68
61.8
61.9
59.4
59.6
62.8
67.4
82.6
89
91.2
92.9
94.3
95.1
95.6
96.1
96.5
96
85.7
86
84.7
78.5
77.8
82.2
85.7
88.6
90.6
92.3
94.2
95.4
96.1
96.6
97.2
97.6
97.7
98.1
98.3
98.7
98.6
97.3
95
96.1
97
97.7
98
98.3
97.9
97.6
96.4
96
95.9
95.3
94.2
94.6
95.3
95.3
96.2
97.2
97.9
98.4
98.7
98.8
98.8
99
99.2
99.3
99.5
98.9
97
96.1
94.4
94.9
94.3
92.4
82.1
72.9
62.8
53.1
54
67.6
86.5
91.7
94.5
94.1
93.2
94.9
95.3
95.3
95.7
95.6
94.5
94.5
94.2
94.2
93.9
91.8
81
62.7
52.8
49.5
48.2
48.2
53.2
63.2
80.3
85.8
84.7
84.1
86
73.2
56.8
61.7
61.6
64.5
58.7
58.8
61.4
50.1
62.6
64
47.6
37.3
29.9
30.1
29.2
30.7
33.1
43.7
61.2
44.6
29.5
27.1
25.4
26.1
25.8
26.2
33.7
36.4
38.3
50.4
58.4
71.3
76.9
72.9
53.7
43.7
39.2
35
31.3
32.2
34.3
42.3
58.6
67.1
66.7
70.4
74.7
77.6
80.5
81
80.7
80.7
78.1
76.1
77.4
76.5
75.3
74.6
59.2
55.3
52.2
53
52.8
50.6
56.3
58.5
71.1
79.2
78.9
79.8
80.3
73
64.4
61.1
50.8
52.1
50.2
57.1
53.7
54.9
48.7
49
39
35.8
35.4
32.5
31.1
32.2
36.1
51.8
61.1
68.5
74.9
76.8
78.9
80.6
79.6
80.1
77.9
77.4
73.9
66.7
60.1
56.2
56.9
60.5
61.4
57.7
56.5
54.1
59
69.6
67.9
67.6
67.5
68.4
69.5
71.6
78.2
80
80.2
82.1
88
92.2
94.2
95.2
95.8
96.3
96.5
96.7
96.6
93.2
88.4
78.2
55.3
30.2
29.3
30.7
34.2
45.1
47.9
57.1
59.5
57.8
61.1
59
64.2
64.5
54
59.7
59.8
57.5
55.2
57.7
46.8
42.8
39.2
43.3
45.6
45.7
47.5
55.2
67.3
72.1
73.5
75.3
70.3
79.1
81
80.7
83
80
82.2
81.2
81.7
77.1
80.2
74.1
58.2
52.8
51.1
44.1
44.7
45.6
43.3
46.6
53.8
58.5
60.7
61.8
61.9
59.3
57.2
57.3
59.9
58.7
59.3
53.9
59.3
72.8
77.5
77.8
56.4
44.1
41.4
43.6
45.7
35.7
31.4
36.9
43.6
46
54.4
56.7
58.5
49.3
48.4
48.3
60.7
65.3
65.2
65
63.7
66.8
65.9
50.6
51.7
54.1
49.1
48.8
49.3
56.2
59
63.1
69.2
76.5
78.3
79.6
82.6
84
82.6
81.4
79.7
79.6
78.3
74.9
75.4
76
72.3
64.3
56.1
55.5
55.5
56.4
52.2
55.9
53.4
53.7
60.2
60
54.1
60.7
58.4
60.8
68.3
69
74
74.9
73.7
72.8
75.3
74.9
70.5
76
85.4
86.7
89.1
91.6
93.9
95
95.2
95.3
95.6
95.9
96.3
96.7
96.9
97.1
97.4
97.6
97.8
97.9
98.1
98.1
98
98
98.3
98.3
98.4
98.2
97.7
97.6
97.5
97.3
96.5
96.1
96.6
97
97.2
97.3
97.5
97.5
97.7
97.8
97.9
97.9
98
98.1
98.1
98.1
98.1
98.2
98.1
97.7
95.4
92.8
89
86.3
81.7
78.6
85.4
89.4
91.8
94
95.2
96.3
96.7
97.1
97.6
97.9
98
98.2
98.1
98.3
98.3
97.4
91.1
81.7
76.6
71.8
70.7
71
74
80.6
78.3
47.6
42
56.7
62.9
66.3
74.8
79.1
81
79
82.5
83.6
83.9
82.5
81.2
70.4
57.2
49.8
42.7
40.9
49.5
54.7
55.8
61.7
70.2
75.6
78.5
76.5
77
77.4
78.5
80.4
84.2
86.9
85.4
83.2
84
84.1
83.6
71.8
57.8
52
54
52.1
49.8
49.4
49.2
50.3
61.3
70.5
76.6
77.2
78
82.6
81.6
82.5
83.9
84.8
82.9
79.2
84.7
86
86.2
79.8
65
58
55.8
53.2
54.2
53.4
58.3
64.1
74
83.1
87.1
84.7
85.6
80.6
83.4
85.3
81.5
81.7
83.7
85.7
85
86.1
87.9
87
75.4
65.7
68.4
67.8
65.8
62.4
61.8
65.6
71.3
80.8
85.6
88.6
88.8
91
90.8
88.8
87.2
87.5
85.6
85.3
84.4
81.6
85.7
85.6
82.8
80.5
82.7
82.5
80.6
77.8
78.4
80.1
81.7
85.7
89.1
91
91.8
92
92.5
93.9
94.9
95.4
95.8
96.2
96.6
96.8
97.1
97.3
97.3
97
96.1
95.7
95.9
95.7
95.6
95.9
96
96
96.3
95.6
95.8
96.2
96.5
96
95.7
95.9
96.5
97.1
97.4
97.3
97.3
97.4
97.8
98
98.3
98.4
98.5
98.4
98.5
98.5
98.2
97.5
95.6
94
91.8
93.9
94
94.6
95.3
96
96.3
96.7
97.3
97.1
96.9
96.9
95.9
90.9
84.9
77.8
63.8
65.2
65.5
67.1
79.7
83.6
84
88.3
89.8
91.5
91.1
91.7
91.8
91.4
90
89.5
87.4
85.8
83.8
77.9
63.4
60.2
55.9
55.6
53.7
54.4
53.2
54.7
61.3
73.3
77.7
82.3
85.5
87
87.2
84.2
85.9
86.1
87
87.8
81.4
75.6
83.2
78
64.7
59
57.8
57.6
58.1
57.4
57.3
59.8
66.1
76.8
83.7
86
88
88.8
90.9
91.3
92.6
93.2
94
94.7
95.2
95.6
95.8
94.6
82.9
66.9
60.9
57.7
56
55.2
54.5
57.1
66.7
76
81.6
87.2
90
91.3
92.7
93.9
92.9
91.1
93.2
94.5
95.1
95.7
96.1
95
82.6
65
57.7
61.5
59.6
57.3
54.6
54.2
61.3
68.6
73.7
75.3
75.7
75.6
72.4
71.6
71.7
77.2
76.5
78.5
79.2
77.3
77.6
78.3
84.7
88.1
91.7
94
95
95.2
93.8
93.3
92.2
90.5
89.5
92
91.7
91.2
93.5
94.7
95.4
95.8
95.9
96.5
97
97.1
97.6
97.8
97.8
97.5
97.1
93.1
85.9
75.9
73.7
73.2
73.1
85.3
89.8
92.2
92.8
94.6
95.1
96
95.1
91.2
92.8
93.9
94.1
94.6
94.8
83.3
67.2
58
55.2
57.5
60.6
61.5
63.7
66.9
72.8
79.4
80
83.7
89.4
91.8
89.6
81.7
83
86.9
82.8
81.2
77.8
80.6
84.3
87.8
91
91.3
93.4
93.2
89.2
87.5
89.8
91.2
86.8
66.6
58
64.3
55.6
55
59.3
62.2
66.3
61.4
54.8
64.7
66
69.2
61.7
56.8
61
62.4
59.2
53.8
64.4
66.5
66.4
65.8
68.4
81.5
85.4
88.4
89.8
90.9
89.8
89.2
89.7
89.7
85.7
74.1
70.1
77.4
75.6
75.9
64.6
51.5
40.8
42
43.9
43.3
48.9
56.1
59.2
67.6
73.3
78.6
80.6
80.2
77
74.3
73.9
72.1
70.5
72.5
74.9
76.9
79.1
79.3
73.4
66.2
60.4
56.6
53.3
52.1
50.6
54
62.6
71.4
73.1
74.6
70.8
70
71.8
73.7
75.5
74.1
77.1
80
74.9
77.9
68
60.8
58.8
63.8
62.7
58.7
53.6
58.6
60.5
61
60.8
70.4
74.6
77.4
79.9
83
85.9
87.5
87.5
88.9
89.9
90.5
90.7
89.6
84
82.8
79.1
64
53.3
50.6
46
44.5
44.2
48.1
53.5
59.7
66.7
70.9
70.4
76.3
78.1
78.5
75.9
69.8
68.4
73.4
67.9
68.8
74.5
75.3
78.2
76.2
74.4
73
70.2
63.5
62.4
63.1
64.4
72.1
78.7
71.3
42.2
73.4
80.2
63.3
61.9
61.7
45.6
49.5
56.1
53
34.8
41.3
34.1
35.6
51.3
50.6
47.6
44.4
41.8
39.5
41
51.3
62.2
78.5
87.7
90.5
91.6
92.7
92.8
92.5
90.9
84.9
77.7
84.7
85.3
80.1
72.3
64.4
59.6
58.3
57.4
56.2
61.7
69.3
75.7
82.7
89.9
92.2
82.7
79.8
76.5
61.9
48.9
68.7
77.6
84.6
89.7
92
92.5
74.5
55.5
32.8
24.5
22.9
22.4
21.1
19.5
19.3
20
28.2
40
36.6
43.6
47.8
51
55.2
52.8
55.5
56.9
56.4
58.5
58.5
50.1
39.8
34
27.5
27
27.1
26.3
25.9
25.8
28.4
34.9
41.6
45
52.3
61.6
49.9
60.1
58.3
66.5
70.2
72.3
74.7
77.1
78.6
76.2
59.7
50.8
45
41.8
40.7
40.2
36.9
33.9
33
37.8
45.6
53.1
61.9
64.4
65.8
63.8
58.5
61.7
63.7
64.3
65.2
73.4
76.2
71.4
59.4
50.2
49.3
47.7
47.2
45
42.8
43.6
47
51.7
61.1
69
74.7
76.6
79.1
79.2
80.5
78.2
73.7
82.4
85.4
86.9
87.2
84.9
80.7
69.7
60.8
53.5
50.9
49.5
49.2
51.4
51.3
52.6
56.5
62.8
69
72.1
74.5
77.8
79.2
79.8
81.7
82.3
83.8
84.9
85.3
80.4
62.6
50.6
47.7
46.5
45.5
47.4
46.4
45.7
48.1
51.3
59.6
68.4
71.6
74.2
74.2
74.2
75.2
76
77.6
78
77.7
79.6
81.3
82.2
71.2
57.9
49.4
46.8
45.6
43.5
43.7
42.9
43.8
49.5
55.8
61
63.4
72
66.3
65.5
73.6
79
76.8
83.4
83.3
78.5
70.4
60.7
50.2
39.7
37.3
38
39.6
39.8
39
37.4
36.4
39.4
44.9
54.2
59.8
64.3
67.2
67.6
68.2
67.3
72.9
74.6
75.9
75.9
77.9
74.6
60.8
48.4
42.8
41.3
41.6
39.5
39
37.3
36.3
37.9
43.3
47.6
48.6
52.5
57
63.1
68.5
65.9
64
66.8
68.8
69.6
69.2
69.4
63
50.8
50.9
49.1
47.6
47.1
48.1
47.9
47.1
49.2
57.1
63.1
68.9
69.2
63.5
70.7
61.6
62.6
64.4
66.7
67.2
75.2
76.6
77.1
69.4
59.2
52.2
49.6
50.1
49.5
47.1
48.8
48.3
50.2
52.5
57.6
60.4
63.2
57.6
59.1
64.8
65.6
66.1
68.2
71.2
76.6
77.8
79.5
79.6
77.7
80.7
77.4
76
74.7
80.8
85
86.7
87.6
89.7
91.7
93.1
93.7
94
94.4
95
95.4
95.6
95.6
95.6
94.5
94.8
95.7
96.1
95.9
95.1
91.5
80.2
74.6
72.5
69.2
67.2
66.7
75.2
80.8
83.6
84.8
85.4
85.5
87.5
88.9
90.1
91.2
92.3
92.6
90.9
90.6
74.3
65.6
66.1
64
65.1
65
62.6
61.2
59.5
60.9
66.6
69.8
76.3
79.8
83.7
81.7
86.2
84.4
87.4
89.9
91.3
92.2
93.1
93.1
82.8
65
60.2
58.4
57.3
55.4
54.2
53.6
55.8
57.8
61.4
66
69.3
75
78.7
76.3
70.7
78.4
78.3
74.8
74.2
77.2
77.1
77.9
77.4
64.9
58.7
60.2
56.8
53
52.8
49.9
49.3
51
60.9
63.8
64.6
57.2
55.9
58.6
62.1
67.2
65.9
70
71.5
71.1
70.4
71.1
69
57.5
47.3
46.6
47.8
51.2
51.3
48.5
50.2
52
58.3
59.3
62.7
67.7
79.3
88.2
91.8
93.8
94.9
95.5
95.9
96.4
96.8
97.1
97.2
97.2
96.4
91.3
78.4
76.7
77.4
78
79.3
77
78.7
84.6
87.1
85.3
84.3
85.7
86.5
88.4
89
89.2
89.6
90.7
91.8
86.2
68.5
55
51
52.6
52.1
52
51.8
49.9
51.5
56.1
61.5
68.4
74.3
77.1
79
77.3
79.1
83.4
83.2
77.7
74.9
74.3
71.2
73.9
71.9
64.9
56.9
59.6
65
70.2
65
59.7
63.1
66.8
69.1
71.9
69.4
70.8
73.1
72.9
77.9
81.3
89.7
89.1
90.2
90.9
90.6
89.5
82.8
74.8
70.7
62.5
64.2
72.9
74
76.5
84.7
90.4
92.8
94.2
95.1
95.7
96.1
96.6
96.8
96.9
97
96.9
97.1
97.2
97.3
97.4
97.3
97
93
86.1
85.3
84.1
78.5
75.9
75.6
80.4
83.1
90.4
92.2
91.6
91.8
92.7
93.7
94.7
94.8
95.4
96
96.5
97.2
92.9
78.3
63.7
43.5
36.4
36.9
43.4
40.6
39
49.8
61.6
72.1
79.5
84.4
87.5
89.7
90
90.3
88.7
72.1
59.8
57.9
69.1
60.5
47.6
48.9
48.9
45.5
45
39.8
39.1
38.1
35.9
33.2
34.1
44.3
53
54.2
54.7
60.6
62.4
62.8
66
70.7
73.3
74.2
75.6
76.9
65.5
53.2
41.7
42.4
38.4
37
39.1
40.5
43.1
42.8
46.2
53.3
60
65.7
67.6
69
70.5
72.1
74.9
76.4
79
81.2
84.7
85
73.3
59.5
58.5
55
51.9
45.9
40.2
36
31.5
32.1
33.7
38
41.8
44.8
38.9
44.5
51.5
55.1
61.4
59.4
57.9
72.1
71.7
69.2
56.8
50
46.1
45.4
44.7
45.1
40.3
40.1
39.4
35.9
34.6
24.7
26.2
29
30
26.3
29.6
26.1
21.7
20.3
20.5
23
25.9
28.1
22.1
20.9
19.6
19.6
18.9
19
19.1
18.1
17.7
17.9
19.8
21.2
24
25.3
26.9
32.1
34.7
28.3
31.1
30.5
36
32.3
43.8
47.8
38.7
32.1
26.6
27.7
28.2
27.4
26.7
26.6
26.9
26.6
28.7
30.8
33.8
37
37.7
36.3
35.1
42.5
46.8
56.1
72
77.3
79.3
76.8
57
40.1
43.5
38.1
36.7
35.3
34.5
33.9
33.7
35.3
36.8
42.7
44.3
43.9
41.6
41.4
43.6
49.2
52.7
56.8
57.4
52.1
61.7
64.9
61.1
55
50.7
49.5
50.2
49.1
51.9
51.6
55.5
58.4
60.3
62.6
65.4
67.7
69.7
72.5
74.1
77.1
78.6
81.4
81.9
83.7
86.8
87.2
90.1
91.6
92.8
92.4
92.1
91.4
90.6
85
82.4
82.4
82.8
88
88.2
83.4
85.6
85.1
85
88
90.4
92.4
93.4
91.5
85.3
76
65.9
55.3
47.1
45.6
43.9
42.9
41.5
40.7
37.6
36.4
40.7
44.5
51.8
61
44.9
37.4
34.8
31.7
33.4
27.1
28.5
30.2
34.5
35.1
32.8
31
27.8
28.4
27.9
28.1
27.2
26.7
26.3
25.6
26.7
30.2
41.7
49.7
53.5
44.4
52.5
56.8
62.5
66
60.7
63.3
64.4
63.8
48.8
33.1
29.1
28.6
28.5
28.1
28.5
27.2
26.1
26
27.3
30.7
35.3
36.5
35.9
43.2
53.2
59.5
61.2
63.6
65.1
65.3
66.4
65.7
52.3
40.2
36.3
35.2
35.3
34.6
34
32.3
31.1
30.8
33.6
37.6
44
50.5
58.9
63
63.8
66.1
67.3
67.2
71.9
75.8
77.9
76.2
63.3
49
43.8
42.2
39.9
38.4
37.1
35.3
34.5
34.7
37
39.1
48.2
56.6
60.4
61.4
69.1
73.2
77.5
78.9
81.4
83.9
84.9
85.1
70.8
60.3
55.1
49.4
38.6
39.6
40.6
40.8
41.4
43.1
46.9
51.9
61.2
66.3
72.7
77.2
80.4
84.1
85.4
87.1
88.1
88.4
86
87.7
68.5
56.6
54.5
55.3
54.2
51.1
45.1
45.4
44.9
45.1
46.7
50.5
61.3
70.1
75.2
78.5
80.1
81.5
82.6
84.6
85.6
86.9
88.2
81.9
69.1
55.8
49.8
45.2
44.8
42.6
39.1
37.3
36.1
34.3
34.8
37.7
42.8
51.1
44.1
27.5
24.4
41.1
43.6
41.9
44.4
44.6
30.9
32.7
36.7
34.7
39.1
38.1
33.8
27.2
28.3
27.4
25.7
26.7
30.7
36.3
46.7
53.7
56.8
54.7
54.1
55.2
64.6
68
67
69.3
68.8
66.3
50.9
38
33.5
34.8
36.6
37.5
37
34.6
32.1
31.7
32.1
38.7
49.6
54.1
60.3
65.3
66.3
69.4
72.9
72.6
66.7
66.3
71.9
71.3
56.8
47.7
42.7
40.9
40.1
40.4
39.9
42.1
43.6
45.8
50.5
56
63.5
66.9
69.8
69.9
73.7
68.8
65.8
63
60.6
59.8
55.7
56.3
61
76
87.9
90.7
92
91.4
88.4
77.1
69.3
62.5
69
76.7
81.7
86.7
89.9
90.9
92.7
93.6
94.4
95.1
95.1
93.7
93
90.4
83.3
67.1
63.8
62.5
62.4
61.2
58.5
56.9
58.7
60.7
66.6
72
89.7
91.8
85
79.5
76.4
72.3
76.7
80.9
78.6
66.2
58.2
63.9
52.3
43.6
43.5
42.1
41.4
40.2
40.1
40
39.2
39.8
45.2
49.7
59.2
68.5
75.1
79.4
83.1
85.8
86.2
87.9
89.4
90.1
87.2
84.8
66.4
53.6
47.7
45.9
45.4
40.1
37.4
37.1
37.8
38
39.5
44.2
54.9
60
61.9
67.1
69.6
72.3
73.7
76.6
80.1
73.5
77.9
77.7
57.6
46.7
34.5
33.3
34
35.4
35.6
35
33.4
31.9
33.9
39.3
51.2
55
46.4
60.5
65
65.4
59.4
59.9
59.7
71.2
69.7
65.8
51
34.8
29.8
30.1
31.4
30.9
30.7
31.6
30.5
30.6
31.4
31.8
40.7
49.1
52
47.3
58.8
63.6
66.7
70.3
73.6
77.2
78.5
72.4
60.7
52.9
46.8
43.7
41.5
38.6
38.5
37.8
36.2
31.7
35.3
41.6
50.6
58.3
58.6
56.5
59
68.8
75.3
78.1
81.7
79.5
79.4
78.3
61.7
55.4
56.6
56.1
53.5
50.6
47.5
44.6
47.8
47.3
48.8
50.9
55.6
59.1
59.4
61
64.7
64.1
71
76.5
79.4
80.9
77.3
77
73.7
64.5
58.9
59.7
59.3
61
61.4
61.8
62.9
64.2
64.9
67.3
72.6
75.4
77.2
77.7
80
80.7
81
80.9
82.6
85
84.8
81.9
82.4
85.8
84
80.6
76
74.2
71.6
64.8
70.3
88.6
87.8
87.9
83.6
82.1
80.5
81.8
88
91.2
92.7
93.2
92.1
90.9
89.3
90.7
93
93
92.4
93.4
94.2
92.2
89.1
91.9
93.4
94.2
95
94.7
94.5
94.6
95.2
95.7
96.2
96.5
96.7
96.9
97
97
97
97
97
94.7
87.8
80.9
74.3
71.8
63.7
66.1
68.4
73.5
74.7
53.9
47.9
82.9
83
64.9
60.2
60.4
58.3
77
82.4
84.5
86.2
78.2
60.2
43.4
60.1
67.2
63.3
59.2
57.1
55
59.4
63.3
63.8
67.3
86.8
93
94.3
95
94.5
91.7
91.9
93.4
93.4
92.7
93.5
93.1
92.2
87.8
75.4
67
65.8
61.6
59.8
56.2
52.2
51.8
50.4
57.5
69.2
71.6
87.5
91
91.4
92.2
92.8
92
90.8
88.3
88.3
89
87.5
86
81.5
81.4
87.2
88.8
87.9
87.6
88.2
89.6
90.5
92.2
93.7
94.6
95.6
96
96.3
96.6
96.8
97
97.3
97.7
97.8
97.7
95.7
88.1
77.3
68.6
61.8
61.4
62
65.1
68.5
63.4
64.5
65.7
71.7
76
80.1
82.6
88.4
93.7
95.5
96.1
96.3
96.5
96.8
96.9
97
96.6
93.6
88.5
87
83.3
82.1
81.6
74.8
73.6
75.3
78.2
82.2
87.1
88
87.9
88.7
88.8
90.1
90
85
85.5
84.9
86.8
89.4
87.8
83.5
79.7
82.1
82.4
67.3
60.7
61.8
63.1
65.8
74.8
79.3
85.9
81.8
81.2
80.6
80.9
84.3
88.7
92.2
93
93.3
92.1
88.1
81.1
76
67.1
61.5
63.4
63.2
61.6
62.7
62.6
63.2
68
79.1
84.8
87
87.8
88.4
81.1
83.6
87.4
82.4
88.3
90.1
83.5
77.9
75.4
73.1
72.1
72.1
71.7
66.3
54.9
50.7
50.8
57.1
66.1
74.3
75.9
75.3
83.9
82.4
78.8
85
87.8
88.9
87.6
86.5
81.3
66.6
61.6
55.6
54.6
54.1
52.2
48.5
46.5
45.1
48.4
48.7
53.8
65
72.9
79.4
80.5
73.9
74.9
81
87.8
85.2
84.5
85
82.7
75.4
71.5
78
64.3
59.7
56.4
52.9
51.4
48.1
51.4
56.3
77.6
84.6
87.5
84.9
86.8
90.9
90.7
90.2
86
89
87.6
78.6
73.7
68.1
59.8
54
55.1
56.4
54.2
52.2
51.4
54.8
56.3
57.5
62.2
72.1
73.6
59.2
57.5
53
46.7
46.2
53.8
53.7
56.5
67.9
64.4
53.9
47.8
41.9
41.2
38.2
37.9
37.8
35.2
33.5
30.3
32
37.6
49.8
58.8
62.6
59.7
67.1
74.7
76.9
74.5
69.7
72.9
75.1
68.9
58.3
48.1
42.1
44
43.9
42
40.9
39.8
38.8
40.2
41.4
46.4
56.2
62
62.4
66.2
65.2
66.5
74.3
73.5
72.5
75.2
81.2
74.8
65
50.3
44.7
42
42.8
42
41.5
41.1
40
41.1
44.1
53.5
60.5
66.1
71.1
73.5
77.2
78.4
81.1
84.3
72.4
77
81.5
80.4
72.8
66.3
60.4
56.6
54.2
52.6
49.7
47.6
47.6
47.8
52.3
58.6
61.7
68.5
71.6
69.9
71.4
75.1
80.2
85.3
87.5
90
91.5
87.2
71.6
60.4
57.5
53
50.9
50.1
47.3
45.2
43.8
44.9
46.5
49.9
52.8
57
61.1
67
67.6
67.1
63.4
63.3
64.9
63.9
65.8
63.3
69.1
74.1
69.6
64.2
60.8
57.9
55.1
60
62
75.9
90.4
93.8
95.1
95.5
96
96.5
96.6
96.8
97.1
97.2
97.3
97.5
97.8
97.4
96.9
86.4
71
59.3
53.9
55.9
53.6
52.7
51.5
51.8
54.1
60.2
64.7
68.9
74.9
78.9
82.7
88.4
90.3
93
94.4
95.3
95.8
95.1
85.1
62.5
56
56.9
55.2
51.3
50.8
52.2
53.9
52.6
53.7
58.6
63.3
66.4
68.7
67.5
71
76.1
77.4
73.7
80.5
87.6
85.6
82.9
70.7
55.1
54
52.1
51.4
49.6
48.1
47
47.8
49.2
49.5
51.6
57.5
65.9
66.6
65.6
64.7
65.5
64.8
72.8
83.9
82.7
80.2
79.7
71.7
68.5
63.7
60.2
57
53.5
51.9
51.4
49.5
48.7
52.4
75.6
77.2
76.7
75.8
76.3
79.8
80.8
82.6
83
82.3
87.9
92
94.3
95.6
96
96.4
96.4
96.3
94.1
89.1
76.9
63
64.3
71.7
85.6
89.4
82.8
81.8
83.8
80.4
81.8
83.2
84.2
90.2
92
92.7
92.7
88.1
75.3
70.2
65.9
69.8
77.8
76
70.8
64.6
59.6
65.8
71.1
74.5
79.5
84.4
83.6
79.4
84.4
87.8
90.2
89
90.3
92.6
91.4
84.7
72.9
60.4
58.1
60.8
60.4
57.6
56.5
61.3
61.6
62
67.5
73.7
80.4
84.6
86.4
88.1
89.1
88.8
87.7
88.7
87.9
88.9
85.2
75.9
66.6
63.2
56
55.7
56.9
63.5
79.5
87.5
91.4
93.9
94.7
95.1
95.2
95.2
95.5
95.9
96.2
96.4
96.4
96.9
97.2
97.4
96.9
92.7
80.1
69.2
56.4
51.2
49.4
50.2
49.9
46.4
45.4
49
51.9
56.2
65.2
73.6
78.5
82.2
83.3
86.6
87.7
89.4
89.5
89.2
82.7
69.3
57.6
51.8
51.3
49.9
49.8
50.4
70.4
65.5
58.5
54.2
56
57.6
64.9
79.6
85.4
85.9
86.5
80.2
75.4
75.8
78.2
81.6
83.6
82.8
84.1
82
82.1
66.9
62.4
57.6
54.1
47.4
46.9
49
62.5
69.6
76.8
86
90.4
92.2
92.7
93.2
94.3
93
92.2
91.1
79.7
70.4
63.4
63.7
57.4
55.4
51.3
48.9
46.2
46
45.2
47.1
49.5
53.4
59.7
63.7
64.8
71.2
80.2
81.8
80.6
82.3
86.3
88.2
79.9
63.5
56.8
54.5
52.6
53.4
51.1
47.6
46.4
45.8
44.8
45.3
49
59.5
64.1
73.4
75.1
76.1
70.5
74.8
82.5
84.7
88
89.9
81.4
70.1
61
55.5
52.6
50.5
49.6
52.1
49.4
46.4
44.9
44.9
49.5
56.2
66.8
73.8
77.9
78.2
70.6
80.1
85.1
88
86.9
90.3
90.6
80.3
62.1
64.6
60.5
59.2
53.2
49.7
49.3
48.7
47.6
50.1
53.5
56.2
67.1
72.7
79.6
82.5
87.4
89.5
91.5
92.8
93
89.8
84.4
82
78.8
69.1
67.5
69
68
67.2
61.6
60
57.8
59
64.8
69.6
72.5
72.7
84.4
91
90.3
88.9
88.3
89
92.9
94.3
93.3
83.5
71.1
61.9
56.6
54
53
52.7
48.7
48.9
49.7
50.4
54.4
63
63.5
67.1
75.9
77.1
76.8
81.9
85.6
88.8
87.8
89.5
78.8
67.5
59
57.3
52.9
48.5
47.1
43.8
38.8
36.9
36.7
37.4
41.6
52.4
60.2
62.1
69.6
72.9
74.3
77.7
81.4
83.7
85.2
85.1
72.4
59.1
49.8
47.5
45.5
43.3
43.2
41.8
41.8
40.6
40.4
41.9
51.5
58.7
64.9
68.4
71.4
74.4
77.2
75.8
79.7
81.8
83.7
84.2
71.7
64.1
57.9
48.4
45.6
45.7
44.2
42.7
39.2
38.6
36.9
37.2
48.8
56.7
63.3
69
68.4
73.6
72.1
68.3
71.3
77.1
80.2
81.2
72
61.7
54.6
47.1
44.5
43.7
43.1
42.3
41.6
40.6
41.3
42.9
46.4
50.7
62.8
68.7
68
72.9
74.3
76.3
77.5
80
82.1
84.1
74.5
63.3
56.7
49.9
47.1
46.6
45.6
45.2
44.3
43.6
46.6
45.8
55.1
56
55.7
57.1
62.4
59.7
66.3
72.8
72.6
74.8
76.4
77.8
69.3
56.1
49.1
44
42.4
42.3
42.2
44.5
43
40.9
40.4
44.4
47.2
53.3
60.9
63.3
63.6
88.4
92.9
92.7
62.3
52.3
49.6
55.7
57.8
61.4
55.8
55.2
43
42.6
42.9
44.2
45.8
47.5
66
63.5
55.9
71.5
78.4
80.2
82.4
82.1
79.5
82.2
84.8
80.9
80.4
86.6
88
87.7
82.1
69.3
68.9
63.9
49.5
43.6
39.2
34.4
35.8
37.8
48.5
50.7
52.3
58.2
55.3
53.8
54.7
53.7
59
62.1
67
70.6
77.7
83.4
84.7
71.5
58.1
54
52
49.3
48.9
45.5
48.4
53.6
60
67.7
75.6
80.6
79.7
82.1
84.9
85.3
84.5
84.1
86.9
87.8
77.2
64.8
54
51.8
50.6
47.1
45.7
46.5
46.5
45.3
42.1
44.3
52.4
61.5
59.3
58.3
59.7
62.8
66.7
66.6
74.2
78
71.3
71
60.9
59.3
54.2
50.8
58.6
54.2
50.7
49.6
50.7
58.2
53.2
58.8
65
70.8
72
67.9
77.5
73.4
72.6
72.3
65.2
67.8
85.4
91.7
88.5
84.8
81.1
70
58.9
54.9
54.4
53.8
53.9
70
88.1
83.4
80.9
82.1
72.6
68
66.9
68.7
73.5
73.7
71.2
72.4
65.9
68.3
74.8
73.1
77.4
70.6
61.1
70.9
86.7
86.1
84.3
92.6
94.5
95.3
95.5
95.8
96.1
96.4
96.6
96.8
97
97
97.2
97.3
97.4
97.4
97.3
90.2
80.5
78.5
69.7
65
58.9
62.6
62.3
76
91.1
94.3
95.6
96.3
96.8
97.1
97.4
97.5
97.7
97.8
98
98
98.1
98
97.8
97
92.6
87.3
75.5
66.7
70.2
80.1
89.9
92.7
91.1
87.7
86.1
85.7
76.2
78.6
82
79.1
83.3
84.3
87.2
82.7
81.7
80
76.3
74.3
76.1
71.8
69.4
66.3
63.9
64.7
60.8
59.8
58
59.1
64
66.7
68.8
71.2
77.6
80.4
75.2
80.6
82.3
85.5
85.5
87.5
86
74.3
69.5
63.5
62.7
60
57.4
55
53.7
52.7
53.4
54.2
58.2
62.7
69.2
75.2
80.2
78.8
83.6
84.7
84.8
85.8
85.5
86.4
86.3
79.8
64
57.3
56.5
57.8
55.8
56.2
53.4
52.1
52.1
53
58.6
61.6
65
71.9
78.3
82
83.6
86.4
88.8
88.3
87.4
87.8
74.5
61.3
54.3
53.8
51.3
49.4
50.7
49.6
48.5
53.4
51.8
53.1
54.7
63
68.3
77
84.7
88
88.8
87.6
88.5
90
90.8
90.1
84.6
74.8
63
61.6
56
55.8
53.3
51.6
48.4
46.5
49
51.4
52.7
55.7
63.9
66.2
69.2
69.4
70.7
72.4
78
83.9
88.3
88.4
74.9
70.9
63.9
45.5
47.1
46.2
45.6
46.1
45.7
47
49.7
52.1
54.1
58.4
62.8
65.6
76.2
76.2
80
80.3
81.2
82.2
85
85.8
88.3
91.7
90.9
79.7
72.1
62
56.9
49.3
43.3
44.7
49.5
51
43.4
41.5
41
32.3
45.7
69.1
77.8
77
77.8
79.4
79.8
80.8
75.5
70.9
62.9
56.1
51
47.4
47.9
46.7
43
42.5
44.2
43.3
47.3
52.3
57.8
66
73.8
74.3
71.9
68.2
74.3
77.6
80
77.4
63.7
59.9
50.3
49.5
43.5
40.3
40.3
40.3
40.4
40.6
41.6
43.4
46.4
52.1
61.4
69.4
74.6
77
75.8
76.8
80.2
73.2
80.4
80.1
72.2
62.2
54
45.5
44.1
43
43
42.7
41.1
38.6
38.3
41.4
45
52.4
61.4
64.8
64.6
66.4
69.1
74.3
77.7
73.2
79.1
74.2
69.2
60.3
53.8
44.6
43.8
43
45.1
43.6
44.2
44.2
44.2
44.4
78.3
88.5
80.7
70.4
78.4
82.1
77.1
78.7
83.8
85.1
88.5
91.4
82.7
66.7
54.4
52.1
50.8
47.2
45.4
44.7
44.2
42.6
43
44.8
46.3
48.6
56.1
64.6
65.7
63.9
68.2
64.7
76.3
77.9
81
80.3
75.5
63
49.2
44.4
42.8
44
41.2
40.7
39.4
40.3
41.3
43.9
47.6
50.9
56.3
61.3
69
64.3
64.2
71.9
80.3
82
83.6
80.4
73.4
61.4
48.1
44
42.9
43.3
42.6
41.9
40.6
41.3
42.1
41.7
45
50.8
58.6
65.7
73.7
77.9
79.7
82
72.7
73.1
76.1
79.1
72.8
64.3
50.9
44.9
43.5
43.1
42.7
42.7
45.5
46.3
44.9
45.5
47.1
49.9
55.6
64.3
69
71.2
62.8
72.5
73.7
75.6
77
76.7
66.8
57.3
51.1
41.4
38.1
38.1
37.8
38.1
39.2
38.7
39.7
41.1
45.8
50.6
56.6
61.3
61.9
64
64.5
68.7
72.8
75
77.7
77.2
70.1
62.3
52.7
44.4
41.4
42.2
43.1
41.9
41.5
44
46.7
47.3
55.7
58.4
61.9
47.5
45.1
48.6
58.3
53.7
61.6
69.8
73.9
76.8
66.1
56.9
48.2
43.4
42.9
43.2
41.5
38.1
36.3
37.2
36.7
42.4
46.1
51.2
57.9
65.4
62.8
62.7
67.3
75.8
77.9
79.4
82.4
83.1
78.7
65.3
52.2
48.4
46.5
46
45.1
45
43.9
44
44.2
45.5
49.8
54
62.8
67.7
63.8
65.5
69.4
68
65.3
62.3
69
72
62.6
53.4
47.1
44.5
41.8
40
39
39.1
37
36.5
38.7
43.3
52
55.2
57.5
62.7
65
68.6
73.5
76.7
79.5
82.7
82.3
82.2
77.2
70.1
61.2
57.5
55.4
51.6
49.4
46.8
46.1
45.1
45.6
47.6
53.1
57.4
66.2
69.2
68.4
69.1
77
77
79.4
77.3
79.3
76
76.1
67.8
63.6
61.2
62.8
57.6
54.6
54
50.3
50.4
50.6
51.9
57
60.3
64.8
69.2
71.8
79.2
75.5
69.6
71.7
76.4
82.5
78.6
72
58
54.1
52.8
49.7
48.1
45.5
41.9
43.6
43.6
43.5
48
49.7
52.7
57.2
61.7
70.6
74.9
76.1
77.4
78.6
81.1
83
80.6
67.1
59.3
50
39.9
37.1
38.1
36.4
34.9
34.5
34.3
34.9
36.2
39.4
42.1
50.7
59.1
65.6
69.2
68.2
67.1
66.8
71.4
74.4
71.9
64
54.9
47
41.4
38.9
39.1
38.7
37.9
36.9
36.6
36.6
37.7
41.4
45.7
54.3
57.2
62.2
56.2
61.4
64.3
71
76
76.4
78.1
70.7
58.4
48.7
44.8
43.7
41.8
41.2
40.6
38.7
39.1
39.7
42
45.9
52.5
60.8
67.7
71.1
73.1
75
76
77
78.6
79.3
80.4
69.6
62.7
56.5
54.7
54.9
50.2
46.6
44.6
43.3
43.7
44.6
48.3
51.9
54.4
61.3
64.4
70.1
75.5
76.5
78.1
78.4
76.6
79
82
72.6
61.2
52.7
49.8
46.9
44.3
41.3
37.5
37.1
37.1
36.4
38.5
41.6
46.2
54.7
61.7
61.8
65
65.8
68.3
70.5
77
77.4
76.6
70.9
59.6
51.1
47.5
46.1
45.2
44.9
43.3
42.8
43.9
42.7
45.4
47.8
50.8
57.4
63
62.7
65.4
63.1
71.9
72.9
74.9
74.3
73.1
70.4
63.5
58.3
52.4
46.5
43.2
42.4
39.3
38.6
31.3
33.2
37
42.7
50.7
58.4
64
66.6
70.4
71.7
66.7
64.9
69.6
73.9
75.7
69.5
58.1
51.5
49.7
47
46.4
43
36.9
32.5
30.3
32.4
32.4
35.8
40.4
41.3
42.9
43.6
46.5
52.5
56.8
58.4
58.2
59.9
66.2
59
49.6
42
40.3
36.8
36
35.7
35.7
35.5
34.6
36.8
36.8
39.6
44
50.3
50.9
51.8
54
61.7
64.4
64.3
67.1
71.2
69.1
63.3
54.9
46.7
43.3
42
40.6
38.6
36.3
33.8
32.5
33.3
37.2
43.7
50.8
59.7
66.3
68.5
70.8
74.1
74.9
78.2
79.5
81
77.7
64.6
57.3
51.2
48.4
46.3
45.3
43.2
39.4
37.6
36
36.9
36.6
40.7
45.8
55
62.2
66.2
71
73.2
72.4
75.4
73.7
74.7
70.7
66
54.8
46.6
43.9
41.9
40.4
39.7
37.9
36.3
38
38.1
39.2
40.5
41.6
50.6
57.7
55.3
56.7
58.6
65.7
68.3
65.5
71.2
74.8
64.3
54.4
45.7
39.6
37.4
36.5
35.7
34.4
31
30.4
30.4
29
34.3
41.6
51.1
61.1
62
64.5
65.9
68.7
69.8
71.2
70.4
66.7
61.1
50.3
41.4
37.2
39
38.7
37.7
36.1
33.6
32.2
29.6
28.9
36.6
41.1
47.7
51.4
49.4
53.2
60.9
60.7
59.7
57.9
65.4
67.7
64
60.9
55.3
53
50.8
41.8
40.5
35.5
34.1
32.9
34.2
38.1
47.3
54.4
58.3
59.4
58
58.7
56.9
52.1
54.3
79.2
83.9
81.2
80.5
74.5
63.6
51.8
49.4
49.9
49.1
47.3
44.9
41.3
40.7
47.2
50.1
53
64.4
67.9
68.6
70.1
68.6
62.9
64.8
64.6
67.1
70.3
62.4
54.3
51.2
49.3
45.4
42
38.3
36
36.4
37.7
38.4
41.5
43.3
46.5
50.7
58.7
62.7
67.2
68.2
69.7
85.1
93.4
94.9
95.5
95.8
93.9
80.4
74.6
59
49.7
47.1
43.3
37.9
35.6
39
41.4
40.5
45.8
60.1
70.4
74.9
77.8
78.4
68.1
68.2
78
74.8
72.5
78.3
88
91.5
90.1
75.1
63.8
56.7
51.8
50.1
49.4
49.1
48.6
53.9
65.9
70
73.5
74.3
73.6
70.4
70.9
76.3
79.5
81.2
80.5
80
69
67.5
68.8
60.6
56.7
52.1
51.6
49.3
47.2
45.9
76.1
85.7
86.5
90.1
87.5
85.3
79.2
76.2
80.4
85.6
86.7
84.1
87.2
86.9
82.6
78.5
64.6
61.9
55.1
52.7
51.8
53
53.3
54.6
56.4
58.8
62.1
65.1
66
66.7
73.5
76.3
77.8
81
83.5
76.8
77.9
79.3
78
76.2
68.1
60.2
52.6
51.3
48.7
46.4
45.1
44.9
45.5
46.8
48.8
53.5
54
59.4
61.1
60.6
61.8
70.4
70.3
73.7
72.2
78.1
72.6
72.3
72.9
78.2
79.4
70.9
65.2
68.3
73.7
85.5
90.6
93
93.9
93.6
92.5
94.1
94.6
95
95.2
94.2
93.8
93.6
94.2
92.8
84.2
73.4
63.1
57.7
53.7
52.6
52.1
49
48.5
48.1
52
54.7
60
67.7
78.4
82.8
85.9
82.2
87.5
89.6
91.4
92.5
93.3
87.9
73.7
63.2
58
55.1
52.5
49.9
47.7
46.9
47.6
47.6
49.7
53.6
58.4
66.4
76.1
80.1
76.8
72.3
70.2
75.8
81.3
86.4
88.5
82
68.6
59.3
52.6
49.4
49.2
45.2
47.3
52.8
51.8
50.2
52.4
55.9
64.4
68.2
71
72.3
77.1
71.6
71.8
71.7
76.1
83.4
84.6
76.9
67.8
57.2
50.3
46.9
45.8
45.1
44.3
42.4
40.7
41.7
42.8
45.4
52.1
60.1
70.5
69.6
65.6
76.1
79.2
80.6
75.2
77.4
80
76.2
64.1
55.4
49.1
46.5
44
42.2
40.5
40.2
38.9
40.3
41.8
46.7
53.4
65.2
68.8
72.4
72.4
76.9
77
78.4
76.9
78.3
78.3
72.7
59.5
48.4
42.9
42.1
39.7
39.6
38.8
37.6
37.7
38
40.1
41.3
47.1
59.6
63
67
65.8
70.7
71.8
69.4
74.4
77.9
79.8
76.3
63.9
55.3
48.5
44.6
43.2
42.1
41.2
40.1
37.4
43.2
46.7
61.3
66.8
70
73
77.5
80.6
81.2
72.6
79.1
80.9
81.8
81.8
76.5
64.8
55.1
46.2
39.7
39.1
37.2
35.5
34.7
35
38.2
44.5
51.9
52.7
54.1
56.3
56.5
55.9
56.1
62.1
67.7
74.3
73.7
76
71.8
68.1
63.9
59.4
57.6
51.8
54.8
53.6
47.6
41.7
42.8
48.1
53.2
58.6
69.3
73.4
76.1
75
75.5
75.4
77.8
82.1
81.2
77
73
58.9
48.3
38.7
34.2
31.4
31.9
31.8
31.9
33.8
33.7
32.5
35.7
45.9
52.8
57.1
61
61.3
61.2
60.7
66.8
62.9
63.6
67.1
65.9
55.9
49.3
41.8
36.8
34.4
32.3
31.4
30.4
33.8
34
36.4
38.1
44.7
47.8
51.1
54
53.2
59.5
60.6
47.9
53.1
59.5
59.9
64.3
52
44.5
38.5
36.5
35.2
31.3
29.2
28.5
27.5
29.3
30.7
30.6
39.2
46.8
46.9
42.2
43.2
44.4
45.2
47.7
58.8
61
56.5
63.1
58.2
51.7
46
42.3
40.8
49.5
58.8
59.3
55.9
57.7
55.6
67.8
73.5
72.5
72.3
71.2
71.2
76.7
82
82.5
81.4
83.3
80.5
76.8
67.7
59
53.3
51.2
53.2
56.6
59.8
58
56.3
50.5
49.2
52.9
61.1
69.8
79.2
83.6
82.3
89
90.2
88.1
88.5
86
86.1
84.1
78.7
73.2
68.8
64
57.7
63.7
60.6
69.1
89.6
93.3
94.3
94.7
94.5
94.8
95
94.8
94.8
92.5
93.4
94.2
94.3
94.3
94.3
93.5
87.1
80.1
77.3
69
64.9
56.2
50.2
46.3
47.9
47.8
51.6
56.8
64.8
70.5
68.6
70.5
69.8
83.1
86.7
85
89.4
88.9
87.4
87.6
71.9
62.8
58.7
61.4
55
52.5
49.5
46.6
54.5
50.1
56.2
52.8
56
64.6
69.9
70.7
72.5
75.7
82.1
92.2
94.3
95.2
95.7
94.7
89
86.5
84.2
73.7
69.4
70.1
66.4
64.6
60.4
54.5
61.9
71.5
72.5
76.1
83.4
88
90.1
89.8
91.8
93.5
94.3
94.4
94
92.7
82.6
64.8
54.4
50.8
46
42.6
41.6
39.8
39.5
38.9
41.3
44.3
56.2
61.1
61.7
64.2
66
65.1
76.8
82
86.3
85.6
87.2
89.2
76.3
68.7
65.3
62
57.4
53.9
49.1
49.3
51.4
53.1
56.6
56.8
58.2
60.3
61.4
63.4
68.7
76.6
79.6
79.5
80.9
82.3
82.3
79.5
71.9
69.2
63.1
52.6
48.9
48.4
46.3
47.9
44.8
44.5
46.7
49.6
54.7
55.7
56
57.7
59.5
58.5
64
68.1
72.7
71.6
68.5
76.7
83.5
81.1
78.2
71.3
57.4
53.9
70.4
73.3
70.1
73.8
74.9
78.3
77.3
76.4
77.3
81.5
87.8
89.9
93
94.5
95.4
95.9
95.2
93.2
92.2
90.8
91.5
90
87.9
80.6
71.1
71.1
86.3
91.9
92.6
93.3
92
89.6
89.4
88.8
89.7
89.9
88.9
89.7
92.2
94
94.7
94.7
94.1
92.1
87.3
83.2
79.8
76.3
72
65.5
59
56.7
62.7
69.7
80.4
86
89.2
91.7
93.2
93.8
94.5
95
95.4
89.9
90.9
90.7
84
69.4
63.1
67
64.2
60.7
57.6
53.8
51.6
51.5
54.3
64.3
72.9
79.1
83.9
85.5
87.8
89.7
91.2
92
92.7
93.2
93.7
93.7
81.8
65.9
57.6
54.6
52.5
50.2
49
46.7
44.5
43.4
45.5
60.5
69.4
76
78.7
81.6
81.5
84.4
86.2
87.8
86.9
87.3
88.9
87.4
74.1
59.8
52.7
49.3
49.1
49.1
48.2
45.8
45.4
44
49.2
58.2
66.8
74.5
77.1
81.3
82.1
83.8
85.4
83.1
85.7
88.7
90
89.3
75.6
63.8
55.8
53.2
49.6
45.8
45.1
44.9
42.3
41.8
44.6
48.7
61
69.3
71.7
74.6
77.7
80.3
82.4
85
86.2
84.4
84.7
86.1
72.3
60.7
52.6
48
46.8
41.8
37
36.6
35.9
34.8
37.4
47.8
58.7
65.3
68.2
69.7
72
71.7
69.5
69.7
69.7
70.9
73.1
73.1
60.3
51.8
44.8
40.4
38.4
39.2
37.3
36.6
36.4
35.7
38.2
43.9
51
60.5
64.8
65.5
68.7
71.6
74.4
75.1
75.8
78.3
71.9
75.5
65.4
51.6
46
41.8
39.7
37.5
35.2
43
40.5
36.9
40.4
51.1
60.9
63.8
66
66.7
69.4
73.2
76
76.2
75.4
75.4
77.3
68
62.4
58.1
57.6
56.2
56.5
56.6
55.6
54
49.4
51.5
53.8
57.3
62.6
63.1
64
65.9
70.9
73.9
72.8
70.2
72.7
72
69.4
71
71
68.6
61
56.2
53.6
54.5
52.7
49.1
47.9
45.8
47.5
50.5
79.3
88.2
90
91.6
89.8
83
82
83.8
79.9
79.2
79.2
83.4
81.1
74.7
86.2
78.7
63.2
58.2
56.3
53.5
51.2
49
53.1
64.2
67.5
72.9
70.3
70.6
72
70.7
86.1
91.7
84.7
83.2
88.2
89.7
93.3
94.6
92.8
86.3
75.3
58.2
54.6
51.8
46.5
40.8
43.5
43.8
54.8
59.3
51.5
59.5
66.4
69.1
69.1
63.9
70.8
76
81.1
82.3
65.9
55
51.2
48.5
41.9
39.9
37.8
38.5
36.6
36
39.2
41.7
55.4
67.2
72.5
73.3
76.2
75.9
71.7
74.1
70.5
78
76.6
81
68.9
55.7
46.5
44.4
44.4
44
42.7
41.6
38.9
39.9
43.9
53.6
62.8
66.3
59.9
67.4
61.5
63.5
72.6
80.5
82.9
80.9
80.1
73.3
72.6
70.5
67.9
61.4
55.5
51.3
46.2
44.2
40.3
39
44.5
58
61.4
69.1
72
65.1
67.7
74.6
78
78.5
81.3
82.5
76.9
81.6
79
62.7
58.9
51.7
47
42.5
42
43
42
43.5
47.5
50.9
50.9
52.3
51.4
53.2
54.7
58.7
58.5
63
66.7
63.5
63.2
68.4
72.6
56.1
58.1
48.5
47
44.2
41
39.4
41.1
42.4
44.6
55.3
59.7
54.2
57
58.6
58
76.7
75.9
77.5
74.3
72.8
73.9
75.3
69.1
67.4
59.4
56.5
57.4
60.3
61.8
58.4
54.5
52.3
56.2
67.7
68.3
69.1
69.6
69.4
70.6
73.9
79.1
78.5
72.7
77
79.5
78.8
77.2
62.4
55
51.5
52.1
50.6
48.4
44.1
42.5
48.3
55
58.1
61.9
68.4
67.9
67.7
63.5
61.9
61.3
61.8
65.4
65.9
66.4
68.5
67.5
67.7
64
71.3
87.6
90.6
93.3
94.5
95.4
95.6
92.3
88.8
88.9
90.3
89.4
89.2
92.5
93.6
94
95
96
96.4
96.7
96.4
94.5
94.1
91.3
89.8
86.9
82.4
71.7
67.1
67.4
63.9
66.8
71
73.7
70.6
69.9
73.2
75.1
76.7
76.6
76.4
72.9
75.4
73.8
72.9
69.3
68.1
59.4
55.2
52.5
49.8
49.4
50.7
51.3
51.2
54.7
59.3
59.1
62.9
66.2
67.7
65.1
64.5
62.1
62.3
63.6
63.6
64.3
68.1
69.8
75.8
77.5
77.6
74.1
71.7
74.2
73.3
74.1
72.7
72
71.2
72.7
71.5
70.8
70.6
74.6
76.4
75.7
75.8
73.2
71.1
66.7
67.7
66.5
63.7
64.3
65.2
68.6
64.2
60.5
60.7
64.5
64.2
56.8
57.7
62.6
65.4
66
66.7
75.1
78.2
78.6
71.2
72.6
69.8
70.3
70.2
63.6
58.3
51.3
48
47.3
41.9
39
36.8
35.8
38.5
44.4
60.8
67.8
74.7
78.1
75.8
79.9
81.7
83.1
83.4
83.3
81
81.9
67.9
67.6
56.8
48.8
48
49.9
50.7
50.3
48.6
48.2
47
51.7
66.2
71.3
76.6
78.4
65.7
62
70.8
76.3
75.9
75.9
75.6
73.9
70.6
62.7
51.7
49.1
48.7
41.7
39.7
37.9
36.3
35.7
36.7
40.3
50.7
57
65.9
61.7
58.1
61.8
67.7
75.6
81.6
84.2
85.7
85.7
87.2
76.9
62.2
57.4
49.9
49.6
47.6
47.8
45.4
42.5
44.3
49.2
62.1
70.5
75.2
69.8
78.8
77.3
69.1
78.5
81
80
79.1
76.5
80.2
78.8
75.5
70.1
65.4
61.6
59.3
58.6
56.8
57.5
59.5
61.1
64.8
65.2
67.6
67.8
69.5
70.4
78.9
86
89.4
89
84.8
82.2
80.6
76.9
75.5
80.5
86.4
85.3
69.8
67.8
63.5
77.6
86.2
86.6
88.9
90.4
81.3
71.5
74.5
76.7
84.1
81.5
87.1
90.3
91.8
92.4
92.8
92.1
75.3
59.4
49.7
46.8
45.4
43.3
42.1
43.2
45.3
50.3
64
67.8
70.3
76.4
77.9
81
82.6
80.6
74.9
81.9
78.6
74
85.2
75
61.1
51.8
49.9
49.9
46
43.3
42.1
40.9
41.8
44.7
52.1
67.6
71
74.7
73.8
82.8
85.3
84
83.5
77.6
85.7
90
91.5
90.2
74.2
63.8
51.9
51.6
50.5
48.4
50.9
50.4
52.5
56.5
64.4
62.4
66.2
74.4
73.6
73.7
74.5
76.6
80.7
79.7
76.2
77.2
77.1
74.7
72.7
69.1
67.8
68
64.9
63.2
60
58
57.8
59.9
63.5
67.4
71.9
71.7
77
78.9
78.2
78.2
76
78.3
82.8
82.7
80.1
77.3
71.4
63.6
56.1
50.4
46.8
47.1
46.1
44.1
45.6
56
55
57.6
57.2
59.7
59
68.9
69.9
73.4
76.7
78.7
78.5
78.3
74.9
75
70.5
65.9
53.3
44.2
46.3
47.7
46.2
46.9
53.4
62.7
69.6
73.8
70.4
62.8
64
64.9
74.7
79.4
78.4
76.9
76.5
77.4
76.7
76.8
71.4
53.9
46.6
46.9
49.3
50.9
52
51
49.9
47.9
52.7
71.1
75.1
79.3
76.2
83
88.3
91.6
93
93.8
94.4
94.8
95.2
94.8
85.2
74.4
70.5
65.5
60.7
58.5
58.3
58.5
61.8
67.3
68.7
77.3
75.9
77.1
79.9
82.8
83.2
83.3
83.5
83.2
82.9
82.5
81.8
80.3
77.2
72.4
63.3
60.6
66.6
79
84.8
78.2
75.5
83.1
88.3
89.2
92.2
93.7
94.4
95
95.8
96.3
96.7
96.7
96.9
97.1
97.3
97.4
97.4
97.6
97.7
97.8
97.8
97.1
93.1
81.5
81.7
88.8
91.3
87.9
88.1
88.1
90.8
93.3
95.4
96.4
97
97.3
97.4
96.2
92.4
89.8
91.7
91.1
87.1
87.1
91.1
88.8
85.4
74.5
75.5
81.2
87.8
91.6
92
92.6
94.5
95.6
95.8
96.2
96.4
96.2
95.9
94.8
90
86.7
76.4
64.5
60.9
59.7
60.7
59.7
59.6
63.8
70.3
79.5
83.5
83.7
84.6
88.9
84.7
87.1
91.5
94.1
95.6
96.2
96.6
96.9
97.2
97.3
97.3
96.5
95.4
93.4
86.2
83.5
83.6
79.3
83.8
92.5
94.9
95.7
96
96.3
96.2
96.1
96
96
96.2
96.5
96.6
96.6
96.5
96.6
93.2
83.6
69.1
68.3
66.2
62.7
62.5
61.6
63.9
70.8
81.4
76
76.1
76.8
73.9
76.7
81.9
85.9
86.8
87.7
89
89.2
92.6
94.3
89.2
77
72.6
67.2
61.7
58.3
56.8
55.3
60.8
64.2
75.2
82.2
84.3
81.5
76.4
82.9
80.6
82.8
86.5
91.3
87.9
91
91.9
93.6
86.9
68.2
58.7
57.1
57.7
52.8
55.1
57.9
61.8
72.3
78.3
76.7
76.7
83.8
86.9
87.5
87.8
87.6
89.3
89.1
90.4
91.4
93.2
94.4
86.1
68.4
63.5
63.7
63.5
61.7
65.4
69.6
74.7
75.1
80.4
85.4
88.9
89.2
88.8
85.4
85.1
86.3
86.5
84.4
86
87.8
90.3
91.2
77.6
65.6
61.8
59
58.3
56.4
55.2
54.2
56.3
68.8
79.3
85.6
89.4
89.8
81.3
80
82.7
89.9
91.5
92.9
93.4
93.5
94.5
94.3
80.2
64.6
59.1
57.5
56.9
57.1
58
60.8
64.5
71.8
76.1
79.9
86.7
91.1
93.7
94.3
95.2
96.2
97
97.5
97.8
98.1
98.2
98.3
98.3
98.4
98.3
98
97.1
95.2
95.8
96.6
97.2
97.5
97.9
98.1
98.3
98.4
98.5
98.6
98.7
98.7
98.8
98.8
98.9
99
99.1
99.1
99.1
99.1
98.9
98.2
95.1
92.4
92.9
95.9
97.6
98.4
98.7
99.1
99.2
99.3
99.3
99.4
99.3
98.9
98.8
98.8
99
98.8
97.7
96.2
96.8
98.3
98.5
97
83.1
80.5
76.9
71.5
68.1
72.7
74.8
78
78.2
72.1
86.8
94.6
96.2
96.6
94.3
88.3
84.7
84.7
84.6
79.7
78
76.8
70
71.5
72.9
68.1
69.4
67.8
71.4
77
77.3
78.8
86.6
90.7
92.1
92.5
93.3
94.1
94.6
95.3
96.1
96.7
97
97.2
96.5
86.2
70.2
64.1
63.6
57.6
57.8
62.5
69.6
76.3
83.7
85.4
87
84.6
88.1
88.5
89.6
88.8
89.2
91.4
93.5
92.5
90.7
92
91.7
87.4
82.7
82.5
82.2
82.1
82
82.5
82.5
86.6
91.1
92.3
93
94.4
94.7
94.9
94.5
94.5
94.4
94.4
94.7
95
96
96.5
89.8
71.7
66
63.5
60
59.2
66.6
69.6
72.3
76.8
86.2
86.8
88.3
86.6
89.8
88.1
89.3
90.5
93.1
94.2
95.3
95.9
96.2
95.7
82.9
66.2
54.4
55
55
55.1
57.2
54.5
58.1
74.5
82
82.6
84.2
88.3
88.3
90.2
92.1
93.6
94.9
95.7
96.3
96.1
96.2
96.4
95.6
83.9
60.4
54.4
50.8
49.1
48.6
49.3
53.9
70.5
78
80
86.2
88.5
90.5
91.5
91.5
92.1
91.5
85.2
83.7
90.9
92.8
93.6
81
65.1
55
52.3
51.7
50.8
51.1
51.8
57.6
70.1
77.2
79.7
81.9
82.3
84.9
87.7
83.4
82
83.3
89.1
91.2
93
94
94.9
89.4
70.2
60
59
57.8
57.5
56.3
57.1
62
75.3
79.8
69.1
67.2
78.3
85.2
87.6
89.9
91.3
92.1
93.2
93.9
94.6
95.3
94.6
79.4
64.8
60
55.8
53.3
52
52.6
57.9
69.2
79.7
82.9
86.2
88.5
90.6
92.6
93.6
93.9
94.4
94.7
95.2
95.7
95.3
95
94.2
81.3
67.7
65.4
62.7
65.9
69.5
68.1
69.3
73.1
82.2
85.3
87.4
89.7
90.2
90.7
91.8
92.8
93.6
94.6
95.4
96.1
96.7
97
97.2
95.8
75.5
56.4
49.8
43.5
42.8
45.6
49.4
60.1
72.6
79.9
84.5
87.4
87.4
86.4
85.3
88.4
90.1
91.5
91.9
91.3
92.5
93.6
93.6
79.8
61.3
56
55.9
56
57.9
62.9
69.4
73.6
79.1
81.1
84.2
84.8
86
87
86.1
87.5
86.1
85.8
91.1
93.3
94.8
95.8
96.4
96.9
97.2
97.3
97.3
97.2
96.9
96.2
95.1
95.1
96
97
97.7
98.2
98.7
98.8
99.1
99.3
99.3
98.6
98.1
98.5
98.7
98.7
98.8
98.5
98.2
92.9
87.9
88.6
86.9
84.5
83.8
87.9
91.8
94.3
95.7
96.4
95.7
93.8
90.9
92.7
95.2
95.8
95.5
95.9
94.7
90.9
90.3
80.1
69.7
67.1
65.1
63.2
61
55.5
54.9
65.1
80.7
87.6
91.3
93.6
94.7
95.2
91.8
88.3
93.5
95
94.1
92.8
94
95.1
95.6
90.9
75.2
66.9
62.7
59.9
58.8
56.1
57.7
64.1
79.3
85.3
88.3
90.7
92
93.1
87
91.4
93.6
94.6
95.4
95.4
95.3
94.6
93.6
83.4
69.3
58.2
58.3
53.7
50.8
50.7
51.7
58
70.6
79.4
85.3
89.2
90.4
91.8
88.8
80.9
87.9
91.8
93.4
93.8
94.4
95.2
95.6
89.7
71.5
60.8
57.7
56.3
54.7
52.1
52.6
61.5
72.4
81.5
85.9
88.8
90.7
91.9
92.3
92.3
92.8
93.1
92.9
92.9
92.8
93
89.7
69.9
60.2
55.5
59.4
60.6
54.7
51.4
62.6
69.9
73.7
79.7
85.4
89.9
90.5
88.2
85.2
89.5
92.8
94.1
94.2
91.7
87.9
90.4
93.1
90.5
79.5
72
67.8
58.4
58.2
54
54.6
63.2
77
83.5
86.4
89.6
88.5
85
89.6
92.5
94
89.7
93.3
94.6
95.7
96.4
96.8
92.9
73.8
68.3
64.8
61.6
60.7
60.3
59.6
68.2
81.5
86
88.9
91.9
93.3
93.9
94.9
95.5
96.1
96.6
96.9
97.1
96.5
96.1
93.8
87.8
70.2
60.2
56.2
55.7
53.9
53.7
55.2
64.9
76.2
82.8
85.9
86.8
84.3
87.8
88.9
89.4
89
90
89.9
89.1
90.5
91.1
90.9
78.9
59.8
55.1
51.8
50.7
51.2
54.2
57.1
65.3
79.9
85.1
88
86.4
87.8
80.8
87.6
89.1
89.8
91.1
91.4
91.7
91.5
88.8
87
78
63.6
55.8
51.9
49.8
50.8
49.5
49.1
61.2
72.2
82.3
85.7
87.8
90.2
89.9
91.2
91.5
90
89.4
89.7
88.9
87.7
87.2
87.1
75.9
62.5
59.2
57.6
59.5
57.7
56
56
66.7
78.2
82.8
79.3
86.2
89.5
91.2
92.7
94
94.3
93.2
93.8
92
90.3
89.4
89.8
87
75.8
56
57.9
56.3
50.6
52.1
54.5
63.9
78.4
80.2
82.6
85.2
86.6
88.4
90
90.9
91.8
93.4
93.9
94
94
94
94.2
93.4
75.6
63.5
63.3
61.1
61.5
61.4
62
71.8
83.8
89.1
91.2
93.5
94.8
95.4
95.6
96
96.2
96.2
96
95.6
94
92.7
91.9
79.7
65.8
54.5
49
49.8
50.5
51.9
59.8
70.1
80.3
86.5
89
89.9
86.8
84.3
84.7
87.2
88.5
89
88.5
89.7
89.8
90.2
91.1
83.8
68.7
58.6
55
53.6
54.2
58.7
62.3
71.3
79.3
85.8
90.8
92.7
94.1
94.9
95.8
96.4
97.2
97.3
97.2
97.2
97.5
97.6
97.7
97.8
97.8
97.9
97.8
97.5
96.2
91.4
91.1
90.6
90.2
90.2
90.9
91.7
92.2
92.5
92.9
93.1
93.3
93.4
93.9
94.7
95.7
96.4
96.9
97.2
96.6
91.2
74
66.5
71
70
73
80.9
88.2
92.2
94.3
95.9
96.5
97.3
97.5
97.8
98
98
98.2
98.4
98.5
98.4
98.4
98.4
98.3
98.2
98.2
97.6
91.3
75.6
75.1
82.6
89.7
93.8
95.4
96.2
96.8
97.5
97.8
98.1
98.2
98.3
98.3
98.5
98.5
98.6
98.7
98.7
98.6
96.9
89.8
77.1
74.2
75.2
80.5
88
92.9
95.3
96.2
96.8
97.2
97.6
97.7
97.9
98.1
98.1
98.3
98.2
98.2
98.3
98.2
98.4
98.3
98
96.7
89.8
87.7
89.9
91
92.1
93.7
95.1
96.1
97
97.6
97.8
97.5
96.8
95.8
94.7
94.6
95.7
96.6
96.5
96.5
96.1
93.8
89.5
85.4
83.8
83.9
84.6
85.7
91.1
93.4
94.5
94.8
92.8
90.1
90.2
89.8
91.2
92
94.1
94.3
95.6
96.6
97.1
97.6
97.6
93.6
75.3
69.3
67.5
66.7
67.2
73.9
86.4
91.9
94.3
95.8
95.6
95.5
96.1
96.5
96.4
96
95.4
93.9
95
95.9
96.1
94.5
95.3
95
90.8
91.6
92.6
94.5
96.7
97.5
97.3
97.3
96.2
94.4
94.6
92.4
90.6
91.2
93.1
93
93.8
95.1
94.5
94.8
95.1
90
84.5
61.4
53.6
61.2
56.7
61.9
56
55.2
62.7
73.1
80.2
85.8
88.7
88.8
87.1
87.2
80.9
79.9
80.4
78.7
69.2
62.7
79.2
81.9
85.5
89.8
91.5
93
92.9
90
80.3
80.7
88.8
90.6
90.4
89.4
91.7
93.1
94.1
94.9
95.6
96.1
96.2
96.4
96.5
96.4
96.1
95.5
89.3
75.9
61.5
56.5
55.6
54
54.1
56.3
64.3
77.1
84.6
88.7
90.8
92.5
93.6
93.9
93.5
93.1
93.2
92.8
93.4
93.4
93.7
93.8
92.9
89.6
83
78.7
75.8
73.8
72.7
74.8
76.5
85.2
90.2
91.8
92.5
93.5
94
94.4
94.7
94.8
83
86.1
90.8
92.5
92.6
92.2
90.6
76.2
55.4
49.7
45
43.3
45.2
50.7
68.4
79.2
82.9
80.5
65.7
65.5
70.3
67.2
64.5
72.2
68.5
66.7
68.8
68.1
71.1
73.2
68.2
55.2
46.5
38.9
35.3
35.9
37.1
48.3
56.2
66.8
74.5
79.3
82.1
83.7
84.6
86.2
86.7
87.5
87.7
88.7
89.3
89.6
90.3
91.2
89
79.6
74.4
67.6
66.8
63.1
57
57.5
69.2
79.2
83.8
85.1
87.3
87.7
88.9
88.2
87.8
87.1
86
85.4
84.7
84.4
82.9
80.9
77.6
68.3
63.4
56
54.6
52.5
54.9
59.9
66.2
78.5
82.5
85.3
85.3
82.3
82.7
81.2
80.7
77.2
78.2
78.3
76
74.7
79.5
80.1
78.6
62.1
50.5
46.7
45.3
40.5
39
39.2
50.2
63.4
71.9
76.7
82.6
85.6
85.5
88.4
90.5
91.5
91.7
92.2
92.9
92.3
91.2
90.4
88.2
79.9
59.7
45.7
43.2
49.7
64.2
69.6
78.1
84.6
86.8
89.8
91.8
91.7
91.6
92
92
92.5
93.2
92.2
93
94.3
94.6
95.3
95.6
87.9
72.8
66.4
64.4
62
63
65
74.8
85.3
89.5
92
93.6
94.1
93.9
87
90.7
93.2
93.1
94.3
95.3
96
96.1
96.5
96.6
93.9
79.3
67.8
69.4
69
72.5
77.9
87.3
92.6
94.8
96.4
97.2
97.3
98
98.5
98.5
98.7
98.8
98.9
99
98.9
99
99.1
98.9
97.9
95.3
83.4
75
73.7
80.7
88
92.9
94.6
95.7
96.6
97.3
97.8
98.1
98.1
98
97.6
96.8
95.5
94.4
93.8
93.4
92.9
91.5
89.3
78.6
68.8
66.8
72.7
79.4
82.4
85.7
90.9
94
95.2
95.5
95.7
96.3
96.2
96.6
96.8
97.2
97.1
97.4
97.4
97.8
98
98.1
98.1
93.9
80.4
74.6
73.8
76.8
84.3
88.5
90.5
93
94.3
94
93.3
92.4
91.5
91.8
92.9
94.4
95.4
93.4
92.9
93.2
90.9
91.7
84.2
75.7
69.5
70.1
69.1
71.5
74.4
80
88.7
91.5
93.4
94.8
95
95.5
95.4
95.6
96.1
96.5
97
96.9
96.6
96
95.6
93.8
87
70
61.3
60.8
63.5
60.9
60.8
72
83.7
88.1
90.2
91.8
92.7
93.2
91.3
91.7
93.4
94.1
91.2
91.1
92.5
91.8
91.1
89.4
86.1
81.6
71.3
64.8
69.8
71
74.9
84.7
91
93.9
95.5
96
96.8
96.2
96.6
96.9
95.3
92.7
85.1
72.3
69.3
79.6
76.4
76.8
62.2
50.3
47.1
51.4
50.4
54.9
53.9
62
73
74.2
75.8
76.3
78
78.8
80.2
81.3
82.7
84.6
84.4
84.5
83
81.2
80.5
78.4
65.5
53.3
47.9
55.7
58.3
54.1
54.7
69
78.6
79.3
78.6
80.6
84.7
89.7
90.5
89.3
86.5
86.5
85.7
83.9
86.3
85.2
84.1
82.3
71.3
57.6
53.6
61.2
61.9
61.2
61.6
69.9
78.7
85.5
89.2
92.1
88.5
88.1
87.6
88.4
87.5
83.2
76.3
80
79.6
82.1
82.7
85.1
79.1
72.7
65.4
69.9
67.2
67.1
68.1
74
80.6
82.8
86.8
90
91.8
91.9
92.9
93.2
90.7
88.4
90.8
93
94.1
95.1
95.3
95.1
94.2
87.7
76.8
71.5
68.4
69.2
72
78.1
85.9
88.7
90.7
91.9
93
92.3
92.3
92.1
93
93.4
94.2
93.5
93
89.9
89.5
85.1
86.2
83.8
76.8
70
69.4
64.2
64.2
75.2
80.8
82.2
83.1
87.3
89.9
90.4
90.5
90.8
90.6
86.8
85.3
85.4
86.6
86.2
86.9
86.2
84
72.7
60.6
57.1
55.2
57.6
63.5
70.5
78.2
83.2
86.6
87.4
87.9
86.8
87.9
89.2
88.9
88.2
89.5
89
90.7
92.1
92.4
92.8
83.8
68.2
61.2
59.4
58.7
60.4
63.4
70.6
81
87.1
89.6
91.3
92.8
94
94
94.4
95.1
95.4
96
96.4
96.6
96.9
97.1
96.2
92.7
76.9
62.9
60.8
62.8
62
63.9
71.2
79.8
83
86.9
87.8
89.6
91.2
92.6
92.9
93.4
94.2
94.9
95.5
95.8
96.4
96.6
96.5
91.8
76.4
63.3
60.3
61.8
64.5
65.5
72.6
84.6
88.1
91
92.4
93.3
93.9
94.7
95
95.2
95.5
95.5
95
94.7
94.9
94.2
92.8
80.7
66.1
56
53.1
53.1
58.6
62.9
70.7
82.6
87.8
84.4
87.1
90.5
87.8
88.2
87
85.2
84.3
85.2
85.7
85.4
85.7
85.4
84.4
84.3
81.2
86.2
88.1
87.4
85.8
86
86.6
87.7
88.9
90.6
91.8
92.6
92.5
90.6
86.8
88.9
88.4
86
88.6
85.9
87.6
85.2
85.3
79.9
77.1
77.7
74.3
69
65.8
70.5
77.6
85.2
87.8
91.3
92.8
93.8
91.3
87.5
87.2
90.2
91.3
91.6
90.9
89.8
90.8
89.9
85.8
82.2
84.3
86.6
87
84.4
82.3
82.5
84.8
88.6
88.8
89.6
92.8
94.3
95.6
96.7
97.4
97.7
97.8
97.8
97.8
97.8
97.6
97.5
97.6
97.6
97.4
96.5
94.3
91.2
89
89.4
89.7
91.4
92.3
94
95
96.2
96.6
97
97.4
97.7
98.1
98.3
98.4
98.4
98.5
94.1
91.8
89.8
77.9
72.6
70.6
69.2
69.9
73.9
79.9
88.6
92.5
94.4
95.7
96.7
97
97.4
97.6
97.9
98
98.3
98.4
98.4
98.6
98.7
98.6
97.2
95.5
83.9
73.6
75.1
77.3
82.2
88.6
92.9
95
96
96.8
97.3
97.4
97.6
97.5
97.1
96.4
94.6
94.2
93.5
92.6
91.4
90.6
77.9
64.5
59.1
59.9
57.6
58.8
66
74.2
85.7
89.9
92.1
93.4
93.9
94.3
93.9
93.8
93.4
92.2
91
90
89.3
89.8
89.8
90.4
81.2
66.9
62
61.1
61.6
61
64.6
71.7
84.5
87.5
89.8
88.5
86.1
84.8
83.6
83.6
81.9
82
79.8
79.3
80.2
80.1
80.4
81.8
71.6
59.6
53.2
55.9
56.4
59.1
60.6
68
78.2
81.7
85.7
86.6
86.5
85.2
87
80.2
78.3
84.4
76.7
84.8
88.7
90.2
90.5
90.5
79.9
65.6
56.8
57
57.3
58.6
63.3
68.9
80.2
83.6
83
76.6
71
72.8
71.9
