4.6828
5.3101
3.9032
4.4026
4.1590
6.5159
5.1751
3.9519
4.5985
3.7084
3.6355
4.4351
5.1744
6.4349
4.3556
4.2923
6.8900
5.2927
6.7970
6.5766
6.5367
4.3121
5.9054
4.2580
6.0642
5.1866
5.7981
6.9356
6.0243
5.2939
6.7870
4.9562
6.6524
5.3767
4.0319
5.1387
5.7237
4.4097
3.8501
5.2470
6.2526
3.6686
5.7562
3.9411
3.4729
4.2597
5.5036
4.1349
5.9654
4.7135
3.7418
4.7615
5.4907
4.4543
4.1050
4.3185
4.6737
3.1275
3.4504
2.5754
2.9744
2.2408
4.7751
3.0162
4.6985
3.0513
4.4313
4.0313
3.2308
2.5993
3.9069
2.6254
2.1525
4.6148
4.3182
4.2229
4.7880
2.0635
2.1966
2.7570
3.5226
2.4131
3.6593
4.5482
2.5535
3.2889
4.0197
4.7617
4.5299
3.9049
4.4340
3.7745
5.2836
4.4537
4.9056
2.8062
4.2551
4.1236
4.8798
2.8356
3.0878
4.1934
4.9176
4.4596
5.5948
4.6251
4.2195
6.0550
4.4555
4.7965
5.5400
3.7598
5.1833
5.4641
3.9811
6.7270
4.7690
4.8066
6.6790
4.2929
6.5838
5.5672
5.3099
5.5809
5.5149
5.7246
6.9200
5.6573
6.2416
5.2314
4.1871
3.9224
4.2950
4.0203
4.9110
4.3235
5.2753
6.2394
5.3254
5.8068
5.2214
6.2067
3.5083
3.9703
6.1469
4.3187
4.0588
5.9234
5.5184
4.0983
5.9683
3.8088
3.4248
2.9746
2.6821
2.6343
4.3431
4.9249
4.9703
5.1158
3.9064
4.8024
3.7860
3.6382
3.3194
3.1959
3.4815
4.7305
2.2095
2.6411
2.1429
3.0754
4.0754
2.0040
4.6642
4.7624
2.8757
4.9773
3.8834
4.6446
3.0017
4.6594
3.6252
2.9550
4.0886
4.8847
4.7044
3.4308
5.5173
4.6482
4.7636
3.4817
5.2136
2.8912
4.8439
3.2766
3.2170
5.0313
5.4164
5.5366
