0.8828
0.9701
1.2432
1.3226
1.3190
1.6059
1.5251
1.6819
1.3085
1.5884
1.4855
1.6851
1.7644
1.6449
1.5756
1.7523
2.0100
1.9127
1.8270
1.8766
1.9267
1.8321
1.9854
2.1380
2.0542
1.7466
2.0281
2.1156
2.0143
1.7339
1.9670
1.6062
1.6824
1.6367
1.7619
1.6987
1.7137
1.5397
1.7601
1.6570
1.3126
1.3086
1.2962
1.3411
1.0529
1.1197
1.0736
1.2049
1.2954
1.0035
1.0518
1.0515
0.7007
0.8343
0.5450
0.6985
0.5437
0.3775
0.4304
0.3354
0.1344
0.1508
0.4951
0.4762
0.1785
0.0613
-0.0587
0.2313
0.3308
0.0593
-0.1931
-0.2146
-0.0575
0.0948
0.1582
-0.2371
-0.0020
-0.1465
-0.0134
-0.1430
-0.0674
0.0531
0.2493
0.2082
0.4635
0.1489
0.0097
0.2117
0.3399
0.5549
0.3640
0.4545
0.3736
0.5037
0.4456
0.4462
1.0251
0.7736
0.6298
0.8056
0.8478
1.0234
1.1776
1.2596
1.4048
1.3051
1.1695
1.4150
1.5255
1.7165
1.5300
1.4598
1.5033
1.8741
1.6211
1.9070
1.8090
1.7866
1.9490
1.8429
1.8838
1.8872
1.9299
1.7509
1.8349
1.8346
2.1000
1.9473
1.9316
1.8514
2.0371
1.8024
2.0250
1.6603
2.0710
1.6335
1.8353
1.7494
1.4954
1.5268
1.3314
1.4767
1.3283
1.3703
1.3869
1.1787
1.1888
1.2234
1.0284
1.0783
1.0583
1.1488
1.1548
0.6146
0.6521
0.5143
0.5731
0.2249
0.4203
0.1458
0.5264
0.3724
0.3460
0.5882
0.3294
0.2659
-0.0485
-0.0595
0.0895
-0.0189
0.0529
-0.0346
-0.2046
-0.1460
0.2942
0.1224
-0.1143
0.0973
0.1134
-0.1154
-0.1083
0.0194
0.2152
0.2050
0.2586
-0.0553
0.0944
0.0508
0.5173
0.3982
0.3936
0.2517
0.5436
0.8312
0.5039
0.5866
0.9770
0.9313
0.9264
0.8366
