161.95
164.00
110.70
145.55
145.55
157.85
57.40
151.70
170.15
178.35
157.85
166.05
100.45
135.30
137.35
133.25
106.60
118.90
102.50
168.10
182.45
30.75
30.75
92.25
198.85
182.45
143.50
151.70
69.70
104.55
51.25
38.95
133.25
223.45
198.85
116.85
4.10
155.80
243.95
207.05
235.75
241.90
258.30
231.65
4.10
23.20
43.05
213.20
270.60
289.05
258.30
287.00
268.55
305.45
336.20
323.90
184.50
73.80
215.25
67.65
43.05
303.40
356.70
151.70
41.00
332.10
317.75
334.15
373.10
297.25
311.60
336.20
88.15
266.50
282.90
264.45
358.75
364.90
438.70
440.75
473.55
471.50
461.25
479.70
465.35
383.35
448.95
432.55
110.70
496.10
485.85
481.75
342.35
280.85
465.35
116.85
90.20
36.90
59.45
104.55
79.95
98.40
114.80
293.15
385.40
412.05
530.95
506.35
430.50
434.60
446.90
543.25
504.30
459.20
485.85
446.90
619.10
362.85
387.45
364.90
161.95
22.55
82.00
205.00
246.00
506.35
530.95
41.00
143.50
116.85
412.05
526.85
643.70
615.00
612.95
567.85
596.55
166.05
547.35
524.80
448.95
248.05
36.90
682.65
467.40
588.35
137.35
703.15
690.85
656.00
627.30
471.50
594.50
297.25
209.10
118.90
223.45
483.80
129.15
418.20
692.90
678.55
623.20
512.50
631.40
594.50
610.90
615.00
551.45
567.85
522.75
487.90
594.50
487.90
459.20
539.15
627.30
432.55
641.65
588.35
508.40
557.60
297.25
465.35
709.30
432.55
209.10
705.20
645.75
506.35
473.55
672.40
606.80
373.10
202.95
82.00
422.30
473.55
420.25
670.35
600.65
397.70
635.50
401.80
541.20
602.70
627.30
535.05
619.10
621.15
592.45
377.20
358.75
549.40
393.60
541.20
496.10
500.20
631.40
563.75
338.25
205.00
118.90
567.85
596.55
576.05
528.90
467.40
434.60
422.30
475.60
330.05
373.10
280.85
194.75
438.70
120.95
161.95
438.70
510.45
463.30
457.15
369.00
492.00
319.80
151.70
84.05
303.40
352.60
379.25
297.25
164.00
412.05
186.55
186.55
383.35
395.65
432.55
233.70
303.40
282.90
248.05
250.10
272.65
287.00
227.55
182.45
190.65
356.70
410.00
377.20
215.25
371.05
342.35
299.30
272.65
168.10
284.95
231.65
346.45
213.20
24.60
12.30
139.40
328.00
202.95
108.65
227.55
102.50
114.80
319.80
293.15
274.70
18.45
246.00
215.25
270.60
151.70
233.70
223.45
246.00
233.70
170.15
196.80
207.05
155.80
36.90
235.75
237.80
100.45
49.20
217.30
168.10
188.60
164.00
123.00
71.75
12.30
16.40
6.15
71.75
8.20
47.15
86.10
4.10
159.90
120.95
2.05
16.40
12.30
30.75
49.20
71.75
125.05
147.60
43.05
45.10
155.80
34.85
70.30
59.29
24.60
34.85
118.71
30.75
28.33
88.15
108.65
79.95
75.85
63.55
77.90
133.25
61.50
57.40
30.75
71.75
24.60
59.45
28.70
16.40
129.15
133.25
86.10
67.65
75.85
84.05
147.60
65.60
131.20
12.30
170.15
69.70
131.20
36.90
43.05
88.15
145.55
176.30
147.60
108.65
57.40
141.45
170.15
157.85
4.65
170.15
82.00
209.10
192.70
147.60
182.45
207.05
225.50
178.35
129.15
237.80
225.50
180.40
202.95
260.35
264.45
246.00
205.00
51.25
139.40
166.05
65.60
164.00
213.20
270.60
125.05
151.70
301.35
291.10
303.40
297.25
280.85
153.75
325.95
311.60
301.35
153.75
291.10
217.30
153.75
338.25
358.75
303.40
147.60
307.50
223.45
246.00
369.00
205.00
303.40
391.55
159.90
235.75
410.00
399.75
399.75
397.70
403.85
354.65
391.55
418.20
434.60
414.10
389.50
354.65
227.55
348.50
391.55
393.60
235.75
231.65
268.55
340.30
487.90
510.45
291.10
520.70
432.55
114.80
395.65
289.05
510.45
473.55
299.30
504.30
502.25
524.80
248.05
151.70
455.10
553.50
520.70
571.95
393.60
112.75
580.15
194.75
239.85
63.55
485.85
159.90
584.25
567.85
442.80
414.10
489.95
602.70
526.85
184.50
565.80
504.30
487.90
674.45
678.55
545.30
317.75
602.70
543.25
473.55
660.10
674.45
647.80
522.75
547.35
180.40
340.30
469.45
504.30
504.30
621.15
533.00
455.10
524.80
381.30
469.45
625.25
651.90
535.05
584.25
662.15
637.55
639.60
617.05
520.70
485.85
621.15
305.45
668.30
692.90
701.10
690.85
645.75
651.90
576.05
502.25
498.15
606.80
416.15
578.10
455.10
436.65
697.00
668.30
555.55
703.15
664.20
649.85
631.40
483.80
590.40
625.25
502.25
598.60
149.65
352.60
416.15
528.90
656.00
602.70
571.95
457.15
588.35
604.75
473.55
619.10
627.30
494.05
647.80
617.05
623.20
397.70
641.65
623.20
604.75
563.75
485.85
526.85
530.95
514.55
582.20
545.30
565.80
557.60
512.50
399.75
342.35
405.90
371.05
407.95
561.70
528.90
455.10
537.10
526.85
