97.8
97.8
97.9
98
98
98
98
97.9
97.8
98
96.7
88.1
80.6
75.3
74.2
78.7
79.6
77.9
75.6
75.5
79.7
80
80.8
82.4
94.6
97.7
98
98
98
98
98
98
98
98
98
98
98
98
98
98
98
98
98
98
98
98
98
97.9
97.6
97.6
97.7
97.8
97.7
97.6
97.6
97.6
97.6
97.6
94.8
86.4
81.4
77.7
74.5
74.2
77.3
84.1
97.3
97.6
97.6
97.7
97.8
97.7
97.5
97.6
97.7
97.7
97.6
97.5
97
96.2
91.1
85.5
84.1
83.9
83.8
84
85.5
88.5
87.5
92
97.5
97.6
97.7
97.7
97.7
97.8
97.8
97.8
97.7
97.7
97.7
97.6
97.6
97.5
97.5
88.6
79.8
78.4
75.1
75.4
74.2
73.8
81.6
93.1
97.5
97.5
97
97.7
98
98
97.7
97.5
97.5
97.5
97.5
97.6
97.5
97.5
97.5
97.5
97.5
97.5
95.1
89.9
84.2
82.6
87.6
93.7
97.5
97.5
97.5
97.5
97.5
97.5
97.5
97.5
97.5
97.5
97.7
97.8
98
98
98
98
98
96.6
79.1
87.8
97.5
97.6
97.6
97.7
97.7
97.7
97.7
97.7
97.6
97.6
97.5
97.6
97.5
97.5
97.4
97.5
97.4
97.5
97.5
97.5
97.5
97.5
97.5
95
90.1
91.1
94.2
96.6
97.5
97.5
97.5
97.5
97.5
97.5
97.6
97.8
98
98
98
98
98
98
98
98
98
98
97.6
97.5
97.5
97.6
97.6
97.6
97.6
97.6
97.7
97.7
97.8
97.8
97.7
97.6
97.7
97.8
97.8
97.8
98
98
98
97.9
89.6
74.5
65.6
76.3
82
76.1
74.4
89.4
47.9
49.5
62.9
64.8
59
66.7
64
64.2
66.8
69.5
69.9
68.7
72.3
71.4
72.2
71.8
66.6
58.6
54.5
57.7
58.8
65.3
70.6
80.9
91.9
91.5
84.9
89.9
80.2
70.9
72.4
75
76.2
79.8
86.5
88.9
91
91.9
95.2
91.3
69.1
64.7
64.1
73.7
78.3
83.1
85.3
83
82.7
80.6
87
89.8
83.7
82
90.6
92
96.2
97.5
97.5
97.5
97.6
97.7
97.5
97.5
92.3
79.3
78
75
72.3
70.9
80.6
95.5
97.5
97.5
97.6
97.6
97.7
97.8
97.8
97.8
97.9
97.9
97.8
97.6
97.6
97.6
97.6
96.4
76.2
70.2
67.3
65.9
78.5
74.1
86
84.4
93.7
97.3
97.3
95.6
97.6
97.6
97.5
96.9
90
90.8
91.4
89.8
59.2
51.2
48.5
51.3
47.1
42.7
37.1
35.9
33.9
34.4
35.7
36
35.8
41.4
43.8
46.2
52.5
56.8
55.9
58.4
58.3
56
51.2
56.5
56.1
59.5
60.7
59.7
53.7
50.1
43.8
41.9
44.6
49.3
50.6
53.4
60.3
60.3
62.4
65.5
66.3
68.2
68.1
69.4
70.5
71.4
70.3
72.3
73.6
72.3
71.7
70.2
78.1
90.3
82.6
76.8
77.8
75
70.6
78.5
84.2
88.2
96.6
97.5
96
93.6
89.7
96.3
97.5
97.1
96.7
97.1
95.3
94.9
97.6
97.7
97.8
98
98
98
98
98
98
98
98
98
98
98
98
98
98
98
98
98
98
98
98
98
98
98
98
93.1
85.5
79.2
74.1
72.6
73.6
80.6
92.2
97.4
97.6
97.7
97.7
97.8
97.8
97.7
97.7
97.8
97.7
97.6
97.7
97.6
97.6
91.8
83.7
65.9
57.4
54.7
54.9
56
59
68.7
75.3
73.8
73
81.3
95.9
97.5
97.5
95.7
90.7
97.3
97.5
97.6
97.7
97.7
97.6
94.8
80.8
72.7
70.4
69.2
70.8
73.3
74.2
78.3
93
97.1
97.5
97.4
93
96.8
89.2
80.3
78.4
75.7
73.3
75.4
76.3
77
86.3
87.6
77.4
72.5
67.3
66.2
66.6
69.5
66.7
74.5
79
81.7
81.6
87.6
87.3
82.6
81
79.2
80.3
82.1
79.4
80.5
74
71.7
70.2
69.3
68.9
66.7
64.4
67
71.8
69.3
68.4
67.9
72.3
75.9
78.2
79.2
85.4
97
97.4
97.4
97.4
97
97
96.8
97.4
97.4
97.4
97.4
97.4
97.4
97.1
92.8
86.6
84.7
83.4
87.4
90.9
96.6
97.5
97.5
97.5
97.4
97.4
93.7
88.4
87.7
85.3
84.6
80.9
81.5
81
80
79.7
78.8
75.5
72.9
71.5
74.4
80.6
84.4
95.3
97.4
97.5
97.5
97.6
97.6
97.6
97.2
91.4
95.1
94.1
90.9
71.4
75.4
77.4
81.1
78.4
80.2
95.4
88.2
79.1
75.9
76.6
83.3
97.6
97.7
97.8
97.9
97.9
98
98
98
98
97.9
97.9
97.9
97.9
98
98
97.9
97.8
97.6
97.6
97.5
92.2
93.3
93.3
95.6
96.6
97.5
97.6
97.8
97.9
98
98
98
98
98
98
98
97.9
97.7
97.7
97.7
92.7
85.4
73.2
67.7
68.2
66.8
66.8
73.7
82.6
79.2
83.5
74.7
68.6
68.6
67
63.6
64.2
61.9
66.5
63.5
63.2
63.3
59.6
55.1
62.5
61.1
60.5
57.1
57.1
59.8
62.1
73.3
79.8
83.4
83.9
58.9
45.6
50.1
52.4
54.9
55
51
52.6
50.1
57.2
59.1
52.9
48.7
44.7
40.8
36.3
35.8
37.1
44.4
51
56.9
67.4
74.5
75.2
71.2
63.7
64.4
65.4
67
68
68.3
67.3
62.5
60.7
61.8
62.6
65
63.4
64.7
65.4
62.4
62.2
63.3
62.6
69
78.5
86.5
87.5
83.1
80.4
81.7
82.2
83.6
84.8
85.6
85.9
88.7
91.1
87.7
90
85.8
84.2
75.8
63.7
58.2
53.7
52.2
53.3
65.9
71.6
72.7
79.7
84
88
95.6
94.4
95.3
97.4
96.1
90.6
96.3
88.9
94.6
87.1
93.2
77.8
68.5
65.3
67.1
66.5
61
60.1
65.5
70.4
75.6
83.2
90.4
93.8
93.7
93.9
93.9
83.7
85.8
85.5
84
82.4
81.3
89.8
97.5
91.7
81.1
74.6
72.8
73.9
67.6
64.2
67.7
80
94.3
97.5
97.5
97.4
93.2
91
87.2
85
84
83.2
80.5
79.8
80.7
80.9
72.6
64.6
61.8
58.5
57.5
56.3
55.2
59
67.2
77.4
90.9
90.6
87.8
83.7
80.9
83.1
82.7
82.6
87.9
86.8
89
86.7
84.4
77.8
70.7
61.8
55.5
51.7
56.8
56.2
56.3
57.7
63.9
74.4
79.8
85.7
91.3
95.6
97.5
97.5
97.5
97.5
97.6
97.7
97.7
97.7
97.7
97.7
97
79.6
66.9
66.2
65.4
63.3
63.8
64
69.4
80.8
87.6
95.4
97.5
97.6
97.1
93.3
92.2
91.2
83.3
84.8
85.7
89.2
87
85.1
84
80.9
80.8
86.5
89.3
86.5
81.4
77.1
76.7
82.3
85.8
97.4
93
96.9
97.5
97.6
97.6
92.3
96.5
95.5
84
80.7
74.5
70
64.5
55
51.8
48.1
45.9
42.3
40.5
40
42.3
41.3
37.2
35.9
39.8
38
37
37.1
38.9
38
35.9
35.9
38.7
45.6
44.9
45.1
44.1
38.9
36.8
35.5
42.5
46.4
44.7
42.6
37.6
41.4
54.2
57.7
56
59.7
61.3
59.6
61.6
61.5
61.6
63.9
63.3
66
65.5
66.7
58.3
52.4
45.9
37.6
38.4
39.8
39.5
41.1
43.5
53.2
59.1
65
66.2
66.3
69.1
69.7
70.7
69.6
71.1
71.3
71.3
72.4
70.2
69.8
62.6
51.5
47
45.8
45.8
47.1
50.2
53.6
58.1
64
67.1
72.2
71.3
67.2
67.4
60.9
61.8
78.7
86.2
84
87
86.7
91.5
95.1
84.1
75.3
75.2
75.6
74.8
73.8
73.2
71.3
70.4
70.9
69.6
69.3
70
71.3
71.8
72.5
71.8
71.9
72
72
71.9
69.6
71.3
74.6
75.2
75.1
73.5
71.1
69.6
67.3
66
67.4
68.9
72.3
77.6
81.2
85.1
83.7
85
81.6
87.7
95.3
97.4
97.5
97.5
97.5
97.5
97.5
97.3
81.7
71.5
65.2
63.8
62.2
62.8
63.8
66.8
77.5
87.6
94.6
97.5
97.6
97.6
97.6
97.7
97.8
97.8
97.9
97.9
97.9
97.9
97.8
95.9
82.6
77.4
75.5
75.3
74
73.3
73.9
75.6
75.7
79.8
87.2
89.2
95.5
96.9
88.6
91.5
94.7
97.5
97.5
97.5
97.6
97.6
97.7
94.6
78.1
77.9
75.4
70.4
65.3
64.1
65.1
68.1
75.3
88.9
95
97.1
97.5
97.5
97.1
97.6
97.6
97.5
97.5
97.4
97.3
97.5
97.3
96.8
93.6
91.1
88.3
88.1
83.4
80.5
80.5
83.3
88.7
93.8
97.4
97.4
97.4
97.5
97.5
97.5
97.5
97.5
97.5
96.3
83.3
93
83.3
83
72.9
67.1
67.5
65.9
66.2
65.7
67.6
70.6
77.1
74.3
82.8
96.7
96.9
97.8
NA
NA
NA
NA
98
98
98
98
98
98
98
98
98
98
98
98
NA
NA
NA
NA
NA
NA
NA
NA
NA
NA
NA
NA
NA
NA
NA
NA
NA
NA
NA
NA
NA
NA
NA
NA
NA
NA
NA
NA
NA
NA
NA
NA
NA
NA
NA
NA
NA
NA
NA
NA
NA
NA
NA
NA
NA
NA
NA
NA
NA
NA
NA
NA
NA
NA
NA
NA
NA
NA
NA
NA
NA
NA
NA
NA
NA
NA
NA
NA
NA
NA
NA
NA
NA
NA
NA
NA
NA
NA
NA
NA
NA
NA
NA
NA
NA
NA
NA
NA
98
98
98
98
98
98
98
98
98
98
98
98
98
97.6
97.6
97
76.1
83.6
84.9
71.4
90.9
97.7
97.7
97.8
97.7
97.7
NA
NA
NA
69.4
74.4
81.8
96.8
97.6
97.5
97.7
97.6
97.6
97.5
97.6
97.4
96.8
85.8
91.5
90.4
79
81.8
83.2
82.2
72.7
64.2
64.4
62.1
59.8
60.9
64
69.8
78.1
85.3
89.1
90
93.7
89.5
88
88.1
85.8
83.8
91.4
96
95
97.2
97.6
97.7
97.6
97.5
93.5
82.2
76
72.1
74.3
75.8
77.9
80.7
83.9
87.8
94.1
96.9
97.5
97.5
97.5
95.5
87.1
95.3
97.5
96.8
97.5
97.5
96.6
95.9
97.5
97.8
98
98
98
98
98
98
98
98
98
98
98
97.8
94.9
88.3
73.5
82.3
85.7
83.7
96.7
96
86.9
81.3
73.6
71.3
72.4
73.6
76.3
75.6
84
89.3
94.8
97.5
97.4
97
97.4
97.5
97.5
97.4
97.5
97.5
96.7
94.6
97.4
93.1
81.1
71.1
69.7
69.7
69
71
68.9
66.1
66.8
68.9
78
83.9
94
97.5
97.6
95.9
91.1
93.2
97.5
97.5
97.5
97.5
93.2
91.4
77.7
66.6
61.7
57.9
52.4
50.5
51.1
51.8
54.7
64
70.1
73.7
79
85.9
88.1
89
91.6
88
84.4
91.5
97.2
97.1
97.3
92.7
78.2
66.7
59.7
57.3
56
53.6
51.3
49.8
51.6
55.8
64.9
69.7
73.9
77.2
81.3
80.1
80.6
82.2
82.2
83.2
85.1
83
82.1
79.7
65.9
60.5
56.9
54
52.4
51.9
49.9
50.9
51.7
55.2
62.6
69.2
70.3
70.6
67.9
70.7
77.2
74.7
73.4
67.8
69.7
77.1
80.8
83.5
76.5
66.7
63.5
60.8
58.7
57.9
56.7
56.7
57.3
58.8
64.3
69.6
73.8
78.1
80.6
78
85.2
87.4
90.3
93.4
92.3
86.3
88
85.5
77.3
65.8
63.9
61.2
60.6
60.5
58.7
59
63.2
67
69
70.8
73.3
80.4
85.1
88.1
83.9
81.7
85.7
95.5
97.7
97.9
98
98
98
98
98
98
98
97.6
97.5
97.6
97.6
97.6
97.6
97.6
97.8
98
98
98
98
98
98
98
98
98
98
98
98
98
98
97.8
97.5
97.3
97.5
97.5
97.6
97.8
98
98
98
98
98
98
98
98
98
98
98
98
98
98
98
98
98
97.9
97.2
90.2
85.8
87.2
87.1
86.3
94.9
97.5
97.5
97.6
97.6
97.7
97.7
97.7
97.7
97.2
96.3
97.6
97.6
96
82.5
67.2
63.7
60.6
57.7
56.2
56.6
51.5
49.6
52.1
63.5
70.6
74.6
69.3
67
73.9
82.4
78.8
69.8
74.9
75.4
78.9
80.2
73.6
68.7
69.7
89.1
97.6
97.7
97.7
97.7
97.7
97.8
97.9
97.8
97.7
97.5
92
94.3
97.7
97.8
97.9
97.9
97.9
97.9
97.9
97.9
98
98
98
98
98
98
98
98
98
98
98
98
98
98
98
98
98
98
98
98
98
98
98
98
98
94.1
83.9
75.1
69.3
64
69.1
70.8
70.9
68.4
69.6
76.9
86.6
95.3
97.5
97.6
97.5
97.5
97.5
96.8
97.5
97.5
88.9
95.6
92.3
85.7
78.2
72.1
70.1
71.1
70.2
69.3
70.6
71.7
73
77.9
81.4
84.9
84.4
83.5
85.9
82.6
89.3
90.2
96.4
97.5
97.5
97.6
97.7
97.7
97.6
97.5
95
89.1
85.9
82.9
82.9
81.9
83.6
93.5
96.5
97.6
97.5
97.2
96.9
97.5
96.9
97.6
97.7
97.8
97.8
97.9
97.7
83.9
74.7
70
68.5
66.4
64.8
64.8
66.7
69.9
72.6
83.3
93.7
97.3
97.5
97.5
97.6
97.6
97.6
97.7
96.1
96.7
97.5
97.5
78.1
67.1
62.6
62.2
60.7
57.9
54.4
55.9
55.7
57
61.4
71
78.5
84.3
89.2
93.7
94.5
97.3
96.8
96.4
97.4
96.8
96.2
96.9
83.1
65.2
58.7
56.4
53.9
53.1
54.5
53.4
52.3
52.7
57.6
67.3
73
77
79.1
83.8
85.5
88.1
88.6
87.8
86.5
90.1
88.2
84.8
71.3
58.3
55.8
54.6
54.3
53.1
49.6
48.6
49
49.1
55.6
64.6
70.3
74.1
75.6
78.3
82.1
84.5
85.6
86.2
86.9
82.3
84.8
82.6
77
63
56.5
54.6
56.2
56.6
53.6
54.3
55.8
58.5
64.3
72.3
79.8
83.6
87.1
86.5
85.6
82.6
83.2
85.1
88.2
95.9
97.5
97.5
94.7
81.8
71.2
69.1
64.4
64.2
63.3
62.6
65.7
67.9
70.2
77.8
83.5
88.5
90.6
91.9
88.9
92.6
96.2
86.4
84.2
83.2
86.8
88.2
85
81.4
76.7
73
73.2
70.9
67
66.4
66.9
70.5
73.8
77.2
79.7
85.2
89.1
86.3
85.6
84.8
97.3
97.9
98
98
97.8
97.8
88
75.4
75.6
73.7
64.4
56
51
41.5
36.2
33.7
36.5
47.7
65
60.3
63.3
76.6
87.5
97.6
97.9
98
97.9
97.9
97.8
97.9
98
98
98
98
97.9
97.9
97.9
98
98
98
98
98
98
98
98
98
98
98
97.8
97.8
97.8
97.8
97.8
97.7
97.6
97.1
92.9
82.7
78
72.3
69.1
72.3
71.1
69.4
72.4
85.9
90.2
89.1
84.7
78.7
84.1
83.3
87.2
92
84.5
75.3
76.8
73.1
66.8
60.5
56.1
58.5
60.5
59.8
56.8
57.9
57.5
58.3
57.3
58.9
65
72.7
74.8
91.5
97.5
97.6
97.6
97.6
97.6
97.6
97.7
97.6
97.1
91.3
88
88.9
86.5
86.5
87.8
97.6
97.6
97.5
97
97.5
97.6
97.7
97.8
97.8
97.8
97.8
97.8
97.8
97.9
98
98
98
98
97.8
97.6
97.5
97.3
80.9
70.5
66.3
65.8
66
69.6
83.3
91.1
97.3
95.6
97.1
97.3
97.5
97.5
97.5
97.5
95.9
97.5
97.5
92
77.4
72.1
68.9
64.7
58.9
58.3
57.9
57.9
59
61.3
67.3
76.3
83.8
91.6
94
88.7
96.2
97.4
96.5
94.3
97.5
97.5
97.5
85.5
72.4
64.7
60.8
59.2
59.3
58.7
57.7
57.8
57.8
61
67.8
73.7
83.4
87.3
84.2
81.9
79.8
82.2
86.3
94.3
97.5
97.5
96.5
74.2
66.2
57.8
57.9
58.9
59.8
59
59.7
60.6
63.4
68.4
70.8
68.9
71
73.5
73.6
75.8
77.4
79.8
77.8
74.8
79.1
86.5
79.8
75.7
66
60.4
61.1
60
59.2
58.1
58.7
58.2
58.3
58.7
63
68.3
71.5
77.6
78.4
84.8
88
89.8
93.4
96.8
97.2
97.5
97.3
85.7
71.8
64.1
61.2
59.8
58.1
56.4
55.9
55.5
56.1
56.8
62.3
66.6
70.7
79.3
76.3
85.2
90
92.5
97.5
97.5
97.5
97.5
96
80.8
68.1
60.6
61
63
62.1
60.9
58.9
55.8
53.9
56.7
66.8
73
75.9
71
66.4
67.4
69.4
71.9
74
71.1
74.8
82.3
81.5
96.5
97.7
96.7
82.9
71.3
70.4
63.8
60
59.3
58.9
61.8
70.9
78.5
81.8
88.1
95.5
96.6
97.2
97.5
97.5
97.6
90.9
97.5
97.1
88.6
74
70.4
70.3
71.9
69.7
65.5
59.2
52.4
52.9
56.6
62.6
72.1
75.8
74.3
75.9
78.2
80.6
81.8
85.7
86.4
85.6
83.1
81.8
75.3
70.8
67.8
67.8
66.5
64.6
60.6
60.1
57.7
57.1
59.7
62.8
67.9
66.3
69.2
76.9
82.6
84.4
84.9
90.4
82.6
84.9
85.7
86.2
86.2
87
86.7
88.4
87.5
75.9
74.3
68.3
64.4
60
56.8
63.9
68.4
69.5
69.9
71.3
72.4
83.8
97.4
94.6
95.9
87.1
91.1
92.1
90.9
80.8
78.9
77
81.8
76.5
67
54.1
51
53
54.8
64.5
70.6
77.1
85.6
88.2
95.1
97.4
97.5
97.5
97.6
96.3
97.5
86.5
64.8
55.3
50.3
52.8
56.4
54.4
50.4
46.7
48.3
50.1
53.3
56
63.2
70.1
68.1
73.8
75.6
72.9
72.3
71.5
78.4
84.4
86.3
96.9
97.7
97.7
97.6
97.7
97.7
97.7
97.8
97.7
97.8
98
98
98
98
98
98
98
98
98
98
98
98
98
98
98
98
98
98
97.9
97.7
95.1
92.6
81.3
71.4
68
66.5
80.4
92.2
96.7
97.5
97.5
94.1
96
97.3
97.6
97.6
97.6
97.6
92
76.3
66
59.9
59.4
56.4
54.1
54.7
52.9
52.4
53
52.2
60
68.6
80.3
83.6
82.1
79.7
77.1
67.5
64.4
69.5
77
80.7
79.1
69.2
61
53.5
54
61.5
65.3
64.1
64.7
65.5
65.7
82.4
88.3
84.9
90.7
87.8
91.6
97.5
97.5
97.6
97.6
97.5
97.6
97.6
97.6
97.6
97.5
93.9
86.5
82
79.4
76
77.5
94.3
97.7
97.8
97.9
98
98
98
98
98
98
98
97.7
96.4
97.6
97.7
97.7
95.4
84.9
76.1
69.1
64.8
59.4
59.2
57.6
65.2
73.4
76.6
72.6
70.2
71.1
76.5
75.1
82.9
86.5
85.9
82.7
83.1
79.2
76.8
77.7
77.4
75.6
74.9
90.2
97.7
97.5
97.5
95.7
86.1
83.7
85
86.8
91.5
91.5
97.4
97.6
96.2
95.2
97.3
97
97.5
97.5
95.6
91.6
85.9
87.6
90.5
92.6
84.5
87.1
87.7
86.9
85.1
90.4
97.6
97.7
97.8
97.8
97.9
97.9
97.9
97.9
98
98
98
98
98
98
95
82.3
77.3
72.6
71.4
69.5
68
69.5
70.8
72.5
73.3
77.9
81
83.9
88.3
93.1
97.5
97.7
97.6
97.7
97.7
97.6
97.7
97.6
97.1
97.6
97.5
86.2
78.3
83.7
79.3
73
76
97.7
95.9
92.5
84.7
88.5
97.7
97.7
97.5
97
94.4
86.5
85.6
84.5
90
96.7
97.8
97.8
97.8
97.8
97.9
97.9
97.9
97.8
97.6
97.5
96.4
93
89.8
70.4
64.6
74.4
76.4
83.4
91.8
94.1
95.6
94.7
94.3
91.1
78.9
67.6
61.2
58.8
58.5
57.8
56.3
54.5
52.6
52.5
54.8
58.9
72
78.3
82.1
85.4
77.5
68.8
73.4
84.2
94.2
96.4
97.2
86.4
73.5
63.1
64.8
65.2
64.4
61.4
58.2
55.8
54.7
54.7
56.8
61.3
70.3
77.6
83.6
85.5
92
95.7
96.4
97.4
97.5
97.5
97.5
90.4
73.2
64
60.4
61
60.4
58.3
55.3
55
53.8
53.9
54.7
58.4
66.6
69.8
72.7
74.8
78.7
80.8
82.5
85.2
87.1
90.6
87
81
73.3
64
60.4
59.5
58.7
56.1
53.7
54.4
88.5
93.8
84.6
81.9
84.7
96.6
97.7
97.7
94.2
89.2
83
75.7
74.5
77.9
77.9
73.4
66.4
60.6
59
58.8
56.7
54.4
54.5
54.2
53.2
52.1
53.4
38
48.5
59.4
85
88.8
90.8
94.1
96.8
95.4
96
97.5
96.4
81
69.1
62.8
61.5
57.9
53.2
51.3
50.4
49.1
49.1
48.4
52.1
59.4
65.1
71.7
78.4
80.7
76.4
75.1
83.1
93.4
90.7
88.6
88.6
85.6
73.8
60.8
60.2
59.4
58.7
56.6
54.8
53.9
54.2
54.5
55.7
57.6
66.1
68.1
74.4
78.8
75.4
78.4
81.2
76.6
78.3
80.4
85.1
75.2
64.4
60.8
59.6
59.6
58.2
55.9
55.2
53.2
53.3
52.3
53.4
56.5
65.1
71.3
73.8
79.4
76.1
78.8
78.7
72.8
85.9
86.2
84.5
82.7
70.2
61
58
57.6
54.9
53.4
51.9
51
50.8
51.1
51.8
54.6
59.3
64.9
67
72.1
74.9
74.9
82.7
89.9
89.1
97.5
95.3
84.1
73.8
70.8
69.6
69
66.6
64.3
62.3
64.8
89.3
88.5
97.8
98
98
98
98
98
98
98
98
98
98
98
98
98
98
98
98
98
97.7
93
88.8
92.9
97.4
98
98
97.7
97.6
97.8
97.9
98
98
98
98
98
98
98
98
97.9
96.1
84
75.5
70.5
68.2
67.1
65.6
64.5
60.8
64.4
71.5
75.2
90.9
91.7
96.2
97.2
97.6
97.5
97.6
97.7
97.7
97.7
97.6
97.5
94.4
76.3
72.3
66.4
64.5
61.2
60.6
59.2
55.7
60.9
69.8
69.6
76.6
78.8
81.9
86.1
85.8
83.8
77.2
74
79.5
81.2
83.4
88.3
83
86.5
95.6
97.6
97.8
97.8
97.9
97.8
97.8
97.8
97.8
97.7
97.8
97.8
97.6
97.6
97.8
97.7
97.7
97.7
97.7
97.8
98
98
98
98
97.8
97.8
97.7
97.7
97.8
97.9
98
98
98
97.9
97.8
97.7
97.5
94
89.5
87
91
97.6
97.8
97.9
97.9
98
98
98
98
98
97.9
97.7
97.7
97.7
97.5
97.6
97.6
94.2
97.5
97.7
97.6
97.5
97.8
97.8
97.8
97.8
97.8
97.8
97.8
97.8
97.5
92.7
88.4
89.1
80.9
75.4
71.3
72.2
71.7
76.3
83
87.5
95.1
97.6
95.5
97.5
97.6
97.6
97.7
97.8
97.7
97.3
90.5
90.4
83.4
90.8
76
69.8
68.1
75.9
97.7
97.8
97.8
97.9
97.8
97.8
97.7
97.6
94.7
96.3
97.6
97.5
97.5
97.8
97.6
97.8
97.8
91.1
88
88.2
82.7
76.6
68.9
64.7
62.1
59.2
57.5
56.5
55.3
59.9
65.4
67
70
73.6
73.7
80.2
82.3
82.9
95.7
97.6
96.9
87.5
74.9
69.9
67
65.1
60.9
61.1
57.7
57.7
56.6
61.1
67.9
80.2
78.8
80.8
85.6
94.4
97.5
95.3
91.9
97.3
97.7
97.8
97.6
95.3
79.8
72.7
70.2
67
64.6
63.2
59.2
57.5
57.6
58
59.7
65.6
69.2
74.6
84.9
79.1
82.9
87.4
88.3
89.6
97
97.5
95.7
84
75.2
70.1
67.3
65.4
63
60
60.7
64.4
70
82.7
81.6
86.6
88.4
86.3
94.6
94.3
87
97.1
96.7
94.3
94.8
96.6
97.5
89.5
76.3
61.4
62.2
62.5
62.1
63.1
60.4
94.7
88.4
74.4
76.9
76.1
79.2
79.1
83.8
93.6
97.6
97.6
97.6
97.5
97.1
97.6
97.6
96.4
90.5
81.2
76.6
73.1
67.3
63.8
61.9
59.1
58.2
58.7
66.7
71.2
81.2
92.6
89.3
96.1
97.2
96.4
97.5
97.6
97.7
97.8
97.7
97
75.3
67.5
64.8
61.5
59.3
66.2
76.4
73.7
70.3
64
62.9
65.9
70
74.4
70.5
73.3
88.2
82.2
86.1
95.3
97.5
86.3
83.6
73.5
69.8
67.9
66.7
62.4
59.1
59.9
59.8
59
58.4
58.6
60
64.7
72.2
78.2
83.6
88.8
88
94.7
97.5
97.5
97.5
97.6
96
79.5
67.2
63.1
60.7
62.9
61.5
59.2
57.4
53.5
49
51.4
60.4
58.4
59.9
69.9
67.7
64
65.6
63
65
72.6
81.3
78.2
77.7
65.4
54.9
49
48.8
49.8
49.1
49.6
49.2
49.5
49.1
48.7
49.9
53.8
60.6
65.1
66.5
69.2
62.1
67.9
73.8
75.3
72.1
70.7
75.6
66.1
60.2
57.2
53.7
52
52.3
52.5
51.7
50.6
49.9
49.8
51.7
54.9
63.5
69.8
75.8
79.1
82.7
79.4
82.5
75.1
90.2
97.3
93.2
76.6
63.8
59.5
58.3
57.1
55.9
55.8
54.1
51.7
50
50.6
50.3
54.3
63
67.9
69.7
79.8
86.9
85.7
89.1
85.6
84.3
88.2
93.6
81.4
66.9
60.6
61.1
59.5
57.4
55.8
53.3
52.8
52.1
52.9
53.9
58.5
64.6
69.7
68.7
76
86.5
92.2
93
94.7
93.9
88.3
86.9
79.7
72.7
67
60.5
55.8
53.2
52.8
52.8
52.1
53.6
53.7
58
63.3
67.4
67.2
68.3
66.8
68.1
72.1
76.3
85.7
88.9
92.2
90.3
82.3
76.1
79.6
87
79.9
73.7
70.9
67.6
67.2
96.8
97.7
95.5
97
97.6
97.7
97.9
98
98
98
98
97.9
97.5
97.4
97.2
83.5
73.6
70.2
68.6
68.5
66
64
62.1
60.6
60.1
59.6
60.6
62.9
65.9
71.5
71
76.9
95.5
97.9
97.8
97.8
97.8
97.7
97.6
82.7
65.9
60
56.6
54.1
53.3
53.9
51.2
50.4
48.7
47.9
47.9
50.8
56.8
NA
NA
NA
NA
NA
NA
NA
NA
NA
NA
NA
NA
NA
47.9
48.4
47.5
47.7
47
47
47.3
46.9
48.1
49.8
56.8
65.3
69.7
73.8
68.1
74
67.7
77
88.6
91.8
88.3
73
62
53.4
52.8
51.4
51.2
50.5
49.4
48.4
47
46.2
47
48.5
58.3
65.8
68.4
71.7
67.3
76.8
83.5
70.7
79.6
89.9
90.3
76.1
63.3
59
56.5
55.4
53.2
49.6
47.6
45.5
43.6
43.5
46.9
53.5
55.6
59.1
64.1
64.5
66.6
65.9
70.7
70.3
88.9
97.6
96.6
85.9
78.9
73
67.2
63.6
62.4
58.2
58.2
79.3
97.7
83.7
71.6
71.8
80.3
81.8
85.8
97.3
89.8
95.6
96.5
97.7
97.7
97.7
97.7
94.4
78.7
68.9
66.3
66.4
61.8
59.4
56.6
55.7
56.3
54.3
55.8
57.1
61.1
66
65.7
67.6
78.1
77
79.2
86.6
88.2
94.1
85.3
69.7
62
53.4
51
50.7
50.3
49.8
49.5
48.8
48.3
48.8
50.8
52
56.5
66.5
71.7
73.1
70.9
69.9
79
83.4
87.7
80
72.2
70.9
62.3
56.4
55.9
53.7
50.5
50.5
51.7
53.4
61.2
60.3
61.2
63.1
71.3
76.6
67.2
67
71
71.3
68.5
66.6
73
72.4
76.7
78.3
85.9
79.3
76
73.9
70.7
69.7
70.6
81.6
77
79.6
96.4
97.8
97.7
97.6
97.6
97.8
97.8
97.8
97.7
97.8
97.7
97.7
97.7
96.1
81.4
73.2
72.7
67.1
65.3
63.3
63.1
68.7
69.8
69.8
70
72.5
80.8
90.5
86.6
88.4
82.5
78.4
87.7
90
95.6
97.4
97.4
93.6
84.8
79.3
74.6
67.8
61.6
54.5
52.3
53
45.7
53.4
56.3
56.4
68.6
69.7
73.4
74.7
78
93.9
96.3
97.5
97.5
97.6
92.8
71.6
62.1
57.1
53.7
52.4
51.2
48.7
47.4
47
46.5
46.8
45.4
61.1
74
81.3
85.1
79.4
75.5
79.9
83.2
91.9
95.3
97.5
94.3
71.4
62
60
57.6
55.8
55.1
53.5
51.5
49.4
51.4
58.3
57
59.6
82.1
79.5
83.9
96.7
96.8
94.6
96.4
97.5
97.5
91.6
94
81.5
64.1
60.4
59.8
59.8
59.4
53.2
53.1
49.5
50.1
49.4
50.4
52.5
54.1
63
69
75.1
78.8
77.1
79.9
84.2
88.7
89.7
86.8
69.6
59.6
51.2
47.9
48.8
48.1
49
47.6
47.8
48.1
47.7
50.1
51.7
57.1
66.2
73.2
74.9
73.1
74.6
80.7
85.1
90.6
94.3
86.7
71.3
61.5
54.8
52.1
51.9
50.3
50.2
48.6
46.6
45.2
45.3
47.8
50.3
58.6
78
88.1
97.5
92.2
82.7
74.1
74.3
78.4
81.2
78.6
64.5
56.5
52.5
49.3
47.4
47.9
45.1
44.1
42.8
42.6
46.1
47.8
47.2
57.3
64.2
68.4
71.2
73.6
75
79.6
80.7
83.7
84.4
80.5
66.2
57.8
53.6
49.5
47
47.1
43.3
41.1
39.3
36.3
34.2
33.7
37.4
45.1
51.9
56
55.9
62.7
64
66.6
69.7
70.8
70.8
68.4
58.9
52.4
47.4
46.2
45.9
45.1
43.1
42
40.7
40.9
39.6
39.7
42.7
49.3
55.7
60.6
61
67.4
70.9
76
80.6
85
91.4
83.3
67.7
59.7
57.6
56.7
54.9
53.9
53.1
50.8
49.8
50.8
51.4
54
55.6
58.7
61.1
69.3
74.2
72
75.5
77.3
86.4
96.4
97.2
95.9
97.1
97.7
93.3
83.3
76.2
69.2
63.8
61
59
60.2
88.6
97.9
97.9
93.3
84.7
79.2
82.5
87.1
97.6
97.6
97.6
97.6
97.5
97.6
96.7
88.4
75.7
63.7
54.1
45.2
45.1
45.7
45.8
46.3
50.1
54.6
58.4
60.5
67.8
70.8
77.6
74.7
77.8
82.4
90.4
96.1
94.1
85.3
72.1
64
57.8
55.1
51.7
50
46.3
45.2
46
48.7
50.6
51.5
52.1
54.3
61.3
62.1
73.9
82.6
82.8
82.2
80.6
83.9
89.8
85.1
73.8
66.3
59
56
56.5
52
48.6
46.8
50.5
50.3
51.7
51
57.4
61.1
63.9
64.7
67.8
68.7
71.6
73.9
77.2
86.5
94.5
91.3
71.1
64.5
63.3
65.7
67.5
64.3
59.1
57.1
58.3
56.3
55.6
59.1
61.9
63.6
70.3
80
87
96.3
97.5
97.6
97.6
97.7
97.7
97.7
81.6
66
61.9
55.8
51
45.9
44.6
46.2
44.8
39.6
39.2
40.6
40.9
47.8
49.5
52.3
54.8
60.1
62.8
63.1
65.2
70
76.9
77.5
71
63.8
57.7
57.8
58.7
59.4
57
59
59
60.2
59.6
91.6
97.9
97.1
97.6
97.4
93.9
83.9
93.6
93.9
88.2
83.3
92.4
97.9
97.9
97.9
97.9
95.7
84.7
73.7
77.2
74.1
56.7
64.6
63.3
67.6
75.7
80.4
93.4
97.7
97.7
97.8
97.7
97.6
97.7
97.7
97.2
97.3
90.4
79.6
73.1
66.7
60
59.7
58.9
56.1
54
52.6
52.6
56.4
60.2
67.7
81.7
85.5
95.4
97.7
97.4
97.2
97.6
96.8
97.7
97.2
96
82.6
75.3
72.3
72.2
67.7
64.9
61.6
60.9
56.5
58.2
62.1
66.6
70.9
85.1
91.6
96.3
97.5
97.5
97.6
97.5
96.7
96.2
97
88.7
78.5
69.8
70.6
68.8
66
66.4
67.4
65.3
60.4
61.5
62.1
63.3
68.8
74
75.8
79.6
89.6
96.7
97.6
97.7
97.8
97.8
97.8
92.4
77.9
72
69.6
64.7
61.9
59
57
56.7
55.1
57
58.9
60.6
64.2
71.6
81.4
91.4
91.8
97.3
91.6
88.5
89.7
88.8
94.2
97.9
97.7
93.2
74.7
68.6
65.1
62.7
57.7
50.6
45.6
44
46
54.2
58
68.2
73.5
70.5
71.7
82.4
98
98
98
98
98
97.9
92.5
75.1
69.2
63.1
59.2
59.7
58.8
57.1
56
56.8
59.4
61.3
70.5
79.3
86.7
87.4
91.3
95.9
93.2
97.5
97.6
97.6
96.3
80.7
69.9
63.4
60.8
60.5
58.4
55.5
53.1
50.8
50.7
50.8
50.8
53.7
60.7
66.8
68.9
76.3
78.3
87.1
95.7
96.7
97.5
97.5
96.1
79.6
69.8
63.4
59.5
58
55.8
55.3
55.8
56.7
56.2
56.5
58.3
63.2
68.7
77.8
92.3
98
98
98
98
98
98
98
97.9
97.6
85.6
72.2
69.4
67.5
67.4
67.5
66.4
64.3
63.9
63.9
65
65.8
68.7
73.2
73.8
74.1
77.6
77
79.4
85.8
87.7
89.5
88
80.5
77.9
73.5
64.7
57.4
57.6
57
57.5
56.2
54.8
56.7
57
58.8
65
74
80.7
85.8
87.5
88.8
84.6
79.1
82
91.1
89.7
80
74.8
66.9
65.1
64.2
63.2
64
63.9
64.4
67.4
71.7
78.8
79.8
76.5
83.3
91.6
97.4
89.1
93.2
95.4
96.1
97.6
97.7
97.5
97.3
96.6
90.1
75.5
67.2
62.3
62.5
58.5
55.6
57
55.4
59.3
61.6
71
64.2
56.2
59.3
74.5
76.6
89.6
83.6
81.4
81.9
84.8
81.4
77.3
70.2
58.1
55.5
54.6
53.6
53.9
54.1
56
57.9
62.4
63.4
66.7
73.4
85.2
95.3
93.6
97.6
93.5
88.7
92.9
89.7
89.9
78.7
72.7
66.9
64.4
62.5
60.1
56.7
56.2
58.7
56.8
56
57.4
60.8
69.3
79
78
86.1
89.1
92.3
97.1
97.5
97.5
97.5
94.8
77.3
66.6
60.3
58
56.8
53.9
52.8
53.1
54.1
55.9
54.1
54.7
61.2
63.5
65.2
69.3
77.1
80.5
90.1
93.5
93.4
88.7
89.2
94.6
78.3
72.1
67.4
63.6
61.2
60.8
60.8
58.4
57.7
57.3
59
60.1
64.6
68.9
77.8
81.5
85.8
80
86.3
85.3
87.1
84.1
92.9
91.7
80.9
78.4
75.8
74.6
69.8
65.8
65.9
68.9
77
66.5
60.3
58.2
57.6
58.3
62
68
70
67.9
80.2
76.6
82.8
79.9
76.9
76.6
75.8
75.1
78.6
80.4
74.3
73.1
75.5
74.9
69.4
82.8
74.5
73.1
90.4
80.1
93.6
97.9
97.9
96.4
86.4
87.1
87.4
82.3
94.4
88.7
71.8
69.7
65.7
59.5
56.4
55.5
52.4
49.4
48.9
47.3
47.3
51.7
52.7
53.5
60.8
67.2
74.7
80.4
87.2
92.3
92.1
97.3
95.6
90.4
75.3
69.5
63.3
58.2
56.1
55.6
53.5
51.8
49.6
49.4
49.2
48.6
47.5
54.8
55.7
57.1
62
68.2
66.3
73.6
79.4
81.1
82.6
86.1
73.7
60.2
56.2
55.5
51.5
53.4
53.1
57.5
54.9
53.7
55.3
57.1
63.4
89.9
82.3
81.8
95
97.8
98
98
98
97.8
89.3
91.9
96.3
80.1
72.4
68.6
63
61.3
59
84
95.2
97.8
91.7
73.2
76.6
92.8
96.8
95.2
93.2
93.7
97.5
97.6
97.5
97.6
97.6
96.1
76.4
65.7
59.9
57.8
54.8
53.2
50.3
46.4
49.9
50.3
53.1
57.2
69.1
82.7
76
65.6
76.3
97.8
97.8
97.8
97.9
97.8
97.7
97.3
81.1
67.4
59
56.9
55
53.3
53.6
52.9
50.7
50.6
50.6
51
51.9
56.3
63.1
68
70.5
67.6
74.2
84.8
84.7
95.9
97.5
93.8
73.4
63.3
59.2
58.9
57.2
55.1
54.1
51.2
50.5
54.3
55.4
55.7
58
62.3
67.8
76.9
81.3
91.7
84.1
92.2
97.5
97.6
97.6
97.5
82.4
68.9
60.9
59.2
58.8
57.7
57.1
56
56.2
53.1
50.9
53.2
54.5
60.9
61.9
60
63.5
65.2
67.3
70.9
76.3
76.2
88.1
93.1
79.4
67.4
61.3
58.5
59
57.9
56.3
55.5
54.3
53
48.6
49
54
59.3
66.9
67.5
84.1
97.8
89.9
83.1
94.9
97.5
97.6
97.6
85.9
68.8
63.1
61.6
60
59.8
58.6
59.4
58.9
55.8
53.8
54.7
57.4
63.6
71.6
76.1
79.9
86
85
81.6
90.5
95.7
97.4
92.6
78.1
69.5
62.5
57.3
56.8
56.1
53.9
53.3
51.8
51
51.3
53.9
55.5
61.2
69.1
71.5
69.9
77.8
72
71.9
80.2
79.3
73
70.2
69.2
65
61.6
57.8
55.2
53
51.5
55.3
56.2
55.3
58.3
57.8
58.2
66.4
70.2
72.7
76.6
79.7
83.7
87.5
88.2
91.5
90.2
88
73.4
64.8
57.4
52.1
50.2
46.7
44.9
47.3
47.4
47.2
49.2
51.7
53.3
59.5
66.1
73.2
73.9
76.6
76.7
85.3
88.1
88.7
90.3
86.6
71.4
62.2
55.6
50.8
49.3
48.3
46.5
46.7
48.7
48.3
47.3
48.6
50.5
57.5
65.3
66.8
70.8
69
70.4
80.1
86.4
90.1
91.2
86.8
73
63.8
56.9
54.7
55.9
53.7
51.2
49.4
49.2
51.7
55.7
51.4
54.7
56.9
57.9
59.6
63.7
65.2
64.4
69.6
66.9
75.3
75.9
71.9
64.5
68.9
94.5
92.9
97.9
98
98
98
98
98
98
98
98
98
98
98
98
98
98
98
97.9
97.8
97.7
97.7
97.4
89.4
73.7
65.6
59.4
51.9
50.4
50.4
51.1
51.5
54.4
57.8
63.1
68.8
77
87.8
94.8
95.4
97.5
97.1
85.2
86.5
75.5
72.8
75.8
71.2
65.3
58.9
58.7
60.3
61.5
59.7
59.9
62
63.4
65
66.4
70.7
75.9
81.8
87.8
91.6
96.6
97.5
97.5
97.6
96.3
84.3
82.9
89.2
97.1
90.5
76.3
66.4
63.1
59.8
57.1
57.2
58.7
61.2
62.6
63.5
68.8
70.1
73.4
81.4
80.1
85.4
87.9
91.2
96.9
94.4
82.2
72.2
73
60.5
53.4
52.2
54.3
53.7
53.8
53.5
55
56.5
58.1
61
62.7
64.5
65.8
69.3
69.1
66.4
70.4
70.1
71.3
78.9
77.6
71
58.6
49
48.7
48.2
49.6
49.2
49.9
50.8
50.9
53.2
56
61.9
67
71.6
72.7
80.3
78.8
78
79.3
86.3
93
97.4
90.8
68.7
56.6
50.7
50.7
51.6
52.3
52.4
52.4
52.4
55.1
57.6
59.9
64.4
69.8
75.3
76.2
83.7
86.1
86.8
94.5
97.3
97.5
97.5
92.8
73.9
62.2
58.3
56.7
55.8
55.2
54.6
54.7
57.2
58
60.5
61.8
67.4
77.6
85.5
85.5
91.1
97.2
97.5
97.5
97.6
97.6
97.6
97.5
78
64.8
60.2
57.9
58
58.7
57.1
55.4
55.2
55.5
58.3
62.4
69
77
81.4
84.5
86.2
94.8
97.5
97.5
96.9
95.5
97.5
97.1
80.3
64.9
63.5
61.5
59.3
59.2
57.3
55.6
55.2
55.9
61.2
64.5
71.2
77.7
78.8
82.1
89.7
96.8
97.5
97.6
97.6
97.6
97.7
97.6
86.2
76.9
74.8
71.1
67.4
66.6
63.8
61.9
62.3
61.7
64.8
68
70.6
70.1
75.9
78.2
76.1
78.8
86.2
90
93.6
92
91.4
89.8
80.2
77.5
75.3
73
71.3
70.2
65.4
62.8
57
58.2
62.6
65.8
69.1
72.1
75.5
79.8
84.7
90.9
89.2
88
89.4
83.2
88.3
97.9
98
98
98
95.2
69.6
63.6
62.2
63.7
66.3
66
66.7
79.1
90.9
96.7
97
97.5
97.6
97.6
97.6
97.6
97.6
93.4
89.9
97.5
87.7
76.4
72
70.7
70.8
68.4
68.6
97.9
98
98
98
98
98
98
97.9
98
98
98
97.9
97.8
97.9
98
98
97.2
87.1
75.7
65.1
64.2
64.6
64.9
62.1
59.3
56.7
58.7
61.2
63.3
74.3
80.4
80.5
89.3
90.7
83.6
89.5
97.9
98
98
98
98
97.8
97.7
97.5
90.2
76.9
72.4
68.4
66.2
68.6
68.9
70.5
73.1
88.1
85.9
80.4
80.3
89.3
94.9
97.4
97.6
97.7
97.7
97.5
88.8
89.8
86.2
81.1
78.2
79.2
77.1
77.5
79.3
84.4
83
89.8
97.5
97.6
97.7
97.8
97.9
97.9
98
97.8
97.8
97.6
97.6
97.7
97.7
97.6
87.2
78.9
74.8
73.4
73.4
NA
NA
NA
NA
NA
NA
NA
NA
NA
NA
NA
NA
NA
NA
NA
NA
NA
NA
NA
NA
NA
NA
64
62.7
62.5
61.3
60.9
61.3
65.1
76.7
83.1
97.5
96.5
97
97.3
97.8
97.8
97.8
97.8
96.3
97.6
97.3
91.5
76.8
73.3
73.6
72
80.2
74.4
72
69
64.3
68.4
82.6
79.6
78.8
76.8
71.3
75.3
74.4
80.7
91.7
97.5
94.9
89.9
82.8
75.2
69
64.9
63.3
62.2
60
54.8
47.7
45.3
44
46
54.9
65
71
73.5
74.8
72.3
77.6
82.8
80.6
71.5
71.3
78.5
75
68.8
67.5
67.8
65
62
58.9
56.2
51.8
42.2
41.5
42.9
47.7
54
46
51.5
56.3
58
57.7
61.1
63
59.7
65.9
65
57.3
55.5
54.2
50.2
49.4
49.2
49.2
49.7
48.6
46.5
49.2
54.6
63.8
68.5
70.6
71.5
67.8
70.4
81.7
87.1
97.1
97.5
97.5
97.5
82.2
NA
NA
NA
NA
NA
NA
NA
NA
NA
NA
NA
NA
NA
NA
NA
NA
NA
NA
NA
NA
NA
NA
NA
81.8
72.4
68
63.5
62.8
60.8
59
55.3
50.7
50.2
52.5
55.8
56.4
58.3
59.8
62
66.7
69.7
70.6
73.4
72.4
87.6
79.2
70.3
75.7
70.9
65.4
62.1
63.3
64.4
61.1
59.5
60.1
63.1
69.2
69.9
73.1
74.5
73.6
72.7
71.7
71.9
76.3
90.7
97.2
97.5
93.8
86.9
83.1
77.3
74
67.3
63.7
63.1
60.6
60.1
59.2
56.9
58.5
58.9
63.2
63.8
64.5
64.8
68.1
71.5
72.3
72.9
78.7
84.7
83.8
84.4
85.1
79.3
75.1
71.7
70
61.2
58.9
58.6
57
55.8
56.2
62.2
65.5
91.5
97.6
97.4
90.2
93.7
97.3
87.8
94.4
98
97.8
92.5
97.5
91.7
83.4
69.2
64
63.3
62.5
59.4
57.8
56.6
64.6
68.3
73.2
89.9
93.4
66.6
51.5
53.9
62.8
56.9
59.2
65.4
73.1
76.2
69.1
58.7
52
45.4
44.4
44.2
43.2
41.2
41
38.9
39.7
43.8
57.4
63.6
73.8
78.6
79.1
83.2
82.1
71.1
76.6
85
88.6
86.9
76.6
64.2
57.8
55.7
54.4
54
52.4
51.5
49.3
48.4
48.2
52
63.3
70
67.4
74.8
80.9
78
69.7
77.4
72.5
78.4
79.6
75.4
75.6
75.3
78
92.1
85.1
71.7
72.7
69.7
64.9
59
59.3
65.5
71.3
75.6
84.3
89.7
85.3
85.3
87.2
86.9
90.8
85.2
96.8
97.5
95.6
84
72.8
63.1
62.8
61.7
60.8
59.6
55.9
57.6
58.7
61.6
71.5
81
88.1
93
89.4
97.1
96.2
97.1
96.8
97.3
97.3
78.8
81.6
69.5
61.2
63.1
61.9
48.8
38
35.5
35.3
37.2
39.6
41.2
45.5
50.3
43.8
54.4
59.4
59.7
59.2
55.4
58.6
66.5
57.7
65
61.6
56
52
52.8
50.6
49.4
46.6
44.6
42
41.1
40.5
42.9
49.3
60.7
64.7
68.8
72.6
74.2
74.1
78.2
78.3
81.2
85
86.3
77.6
63
55.9
51.3
50.4
50.3
49.4
48.5
46.6
46
46
48.8
57.1
64.9
73.7
76.9
79.6
79.7
65.1
70.6
77.6
84.8
89.6
91.7
87.6
72.6
59.7
57
56.3
56.1
56.5
56.6
55.8
54
51
52.3
62.3
71.5
76.2
78.4
79.7
76.6
81.5
80.7
75.5
83.2
88.9
82.2
89.3
80.3
70.8
67.8
64.3
60
58
54.8
55
54.8
55.9
57.9
61.6
71.7
76.7
81.8
82.1
80.4
82.1
80.9
92.8
97.5
97.4
95.2
90.6
82.7
77.3
68.7
66.8
64.7
62.5
63.3
59.3
59.1
62.7
66.3
66.7
72
77.2
73.1
77.1
82.8
81.3
92.9
97.5
97.5
97.3
95.3
92.9
87.1
81.2
75.4
74.2
69.6
66.1
64.9
63.4
61.9
63.8
65.1
72
82.7
95.6
97.3
94.1
89.2
90.1
94.8
97.3
97.6
97.4
97.1
90.5
83.1
69.6
64.7
62.2
60
58.8
56.7
55.3
54.4
55.2
60
70.5
79
87.3
87
89.4
96.2
97.5
97.6
97.6
95.5
97.3
97.7
97
81.5
68.5
62.9
60.3
58.8
57.6
55.2
53.5
52.4
52.3
56.8
67.6
69.6
70.8
70.8
74.8
76.6
79.9
87.2
97.1
97.5
97.6
97.6
96.3
80.3
66.6
59.8
57.9
56.8
55.1
54.5
54.6
54.3
55.8
57.6
66.1
95.3
97.6
90.8
87.4
86.4
88.2
97.2
92.5
95.1
97.6
97
96.3
89.4
81.4
70
56.3
54.5
54.7
53
51.6
51.8
52.9
56.4
62.3
66
72.4
69.7
61.4
61
59.3
60
64.2
64.9
72.5
77.1
76.2
73.7
66.5
52.8
49.2
49.6
51.5
51.7
50.8
51
52.6
57.6
63.1
68
62.4
63.4
70.2
74.8
76.9
80.4
86.1
83.7
89.2
92.8
86.9
69.8
61.3
55.3
53.1
49.9
49.9
49.6
49.2
48.9
50.4
53.3
61.3
68.9
78.3
82.9
81.3
75
78.3
89.2
93.4
90.7
93.8
94.2
84.6
70
61.9
52.3
49.3
51.8
50.5
49.4
48.9
49.2
50.4
53.6
60.2
68.1
73.4
75.5
77.3
74.5
81.7
76.3
93.1
95.5
83
90.9
84.8
71
61.2
54.6
58
52.4
50.2
49.5
49.6
49.6
51.3
55.2
60.2
65.5
71.8
70.6
69.9
73
77.3
79.8
77.8
78.7
83.2
80.5
69.4
69
68.1
63.7
59.6
56.9
55.7
54.4
53.5
53.6
54.9
57.7
64.3
66.6
72.5
79.9
80.8
80.7
84.6
87.9
95.2
97.1
97.4
89.7
85.2
83
68
61.2
58.9
58.5
57.1
56
55.6
55.5
56.6
61.2
66.7
68.5
67.2
72.8
72.9
75
75.5
78.5
82.6
79.5
80.6
79.7
81.9
94.2
98
97.9
97.9
98
97
90.9
76.5
74.1
72.1
79.9
97.5
97.7
97.7
97.9
97.8
97.7
97.7
97.7
97.8
97.8
97.4
97.7
97.6
95.8
89.2
83.3
81.9
78.1
72.4
64.8
63.5
63.1
64.6
68.9
80.6
96.6
97.6
95.6
89.3
87.3
93.8
95.9
93.4
92.4
97.4
91.1
86
89.9
85
76.9
76
79.3
93.8
98
98
98
98
98
98
98
98
98
98
98
98
98
98
98
98
98
98
98
97.9
97.6
95.2
79.4
72.3
71.1
70.9
67.9
71.1
79.9
95.1
97.5
97.6
97.5
97.5
97
97.1
72.8
95.9
97.9
98
97.9
97.8
97.9
97.8
97.7
97.6
97.6
97.6
91.9
88.2
90.2
94.9
90.7
89.9
86.7
95.9
97.6
97.6
97.6
97.7
97.8
97.7
97.6
97.6
97.7
97
82.1
74.1
70.1
66.6
64.6
62.6
59.6
61.9
60.8
62.6
63.4
71.1
76.4
83.5
83.3
87.2
92.2
92.2
97.1
87.9
80
93.8
97.5
96.9
77.2
67
60.8
59.8
58.9
58.5
57.5
56.5
55.5
57.8
66.7
79.2
92
97
97.5
97.6
97.6
97.5
97.7
97.8
97.8
97.9
97.9
97.9
97.7
86.9
69.6
64.4
64.5
63.8
62.6
61.9
62.1
65.4
71.3
79.5
91.3
92.3
84.7
97.5
97.6
97.6
97.6
97.6
97.7
97.8
97.7
97.7
93.9
77.4
67.9
61.8
59.3
57.8
56.1
55.5
58.9
62
69.6
78.2
86.3
95.9
97.5
97.6
97.6
97.6
97.7
97.7
97.7
97.8
97.8
97.8
87.1
74.3
65.8
64.5
63.1
60.5
59.8
59
60.7
65.8
70.6
75.3
84.5
97.4
97.6
97.6
97.7
97.7
97.6
97.6
96.8
96.1
93.4
88.2
73.7
58.4
48.7
48.1
47.8
47.4
45.5
38.3
37
41.1
47
52.5
55.6
66.1
66.9
69.5
70.9
62.8
67.6
78.9
81.4
89.1
93
90.9
72.4
61.4
56.6
55.7
54.1
54.3
51.3
49.6
44.7
44.1
46.8
54.2
60
68.3
73
75.1
81
85.1
91.9
90.7
91.2
88.5
92.4
94
85.4
74.9
81.5
52.2
50
39.4
33
31.2
31.9
69.1
80.2
83.8
89.7
86.8
86.8
93.7
97.1
97.4
97.5
97.6
97.6
94.5
91.1
86.8
76.2
66.7
58.4
58.1
59
57.5
55.6
53.3
49.8
50.9
55.5
68
72
71.2
66.5
63.7
66.3
66.7
66.5
68.9
73.3
72.6
75.3
72.3
64.3
54
52.6
52.7
52.1
49.8
47.7
46.8
47
48.2
49.4
58.1
65.8
62.1
67.2
69.6
79.4
81.6
85.2
90.9
96
97.4
97.3
92.5
73.1
63.2
56.4
55
54
52.7
52.4
50.2
54.1
58.6
64.2
73.5
82
82.9
81.6
84.6
77
84.9
92.9
97.2
97.5
97.3
97.4
94.6
73.3
62.4
51.4
51.3
50.1
49.8
48.6
49
49.2
50.9
56.1
67.1
73.2
79
84.4
89.1
92.2
93.5
90.9
93.3
96.5
97.4
97.5
97.5
96.4
73.5
60.9
58.8
57.9
57.3
59
58.7
58.7
60.5
68.2
75
80.4
85.7
88.9
94.8
97.3
97.5
97.5
97.5
97.5
97.6
97.6
97.6
97.5
78.2
67.8
64.3
60.5
58.7
57.5
54.8
55.2
58.3
67.2
74.6
80.7
87.5
88.1
88.9
93
94.7
96.6
97.5
97.5
97.5
97.1
97.5
97.4
88.8
78.9
73
66.2
61.4
64.9
62
61.3
64.8
72.3
82.6
91.7
96.5
97.5
97.6
97.7
97.7
97.8
97.8
97.9
97.9
97.8
97.8
96.7
85.4
81.2
81.1
73.4
67.4
64.9
61.2
64
68.2
80.4
91.3
96.3
97.5
97.5
97.6
97.6
97.7
97.7
97.7
97.7
96
92.5
97.5
86.3
79.3
73.1
75.4
71.9
68.6
64.6
62.4
63.8
65.3
73
86.9
96.3
97.5
94.3
97.1
97.4
97.3
97.6
97.7
97.8
97.8
97.8
97.7
97.6
91.5
79.9
73
70.8
65.7
64.7
64.9
68.7
70.9
77.3
92.2
97.5
97.6
97.7
97.7
97.8
97.8
97.9
98
97.9
97.9
97.9
98
97.9
86.6
79.7
75.2
71.7
66.6
66
65.6
66.4
68.3
74.8
89.3
97.2
97.6
97.6
97.7
97.6
97.7
97.6
97.6
97.7
97.7
97.8
97.9
97.8
87.3
74.9
70.4
68.4
67.8
69.7
67.7
67
70.3
79.4
88.3
95
92.9
97.5
97.5
97.5
97.6
97.6
97.9
97.9
97.9
98
97.9
97.6
97.6
97.6
95.6
84.2
79
74.6
76.1
80.6
82.3
91.6
97.3
97.5
97.6
97.7
97.8
98
98
98
98
98
98
98
98
97.8
94.6
85
76.3
74.5
69.6
67.4
70.1
73.3
78.5
89.5
97.5
97.5
97.4
97.6
97.6
97.6
97.6
97.6
97.6
97.6
97.6
97.7
97.7
97.6
94.2
85.9
83.9
80.3
74.3
76.2
76
80.1
76.6
86.9
94.6
92.5
84
92
93.1
96.8
96.2
84.7
80.5
82.4
84
84.2
92
87.4
82.9
78.3
75.5
78.6
85.8
98
97.1
90.1
93.5
97.5
97.5
97.9
98
98
98
97.9
98
98
98
98
97.9
97.7
97.7
97.7
97.7
97.6
97.7
97.1
92.4
88.9
87.2
96.1
97.5
97.8
97.9
97.7
97.6
97.6
97.6
97.7
97.7
97.7
97.7
97.7
97.7
97.9
98
97.9
97.7
97.7
97.8
97.8
97.6
97.1
95.7
89.8
90
96.6
97.5
97.5
97.5
97.5
97.5
96.9
97.5
84.8
69.2
71.8
80.5
82.6
82
78.4
72.5
70.1
67.2
66.3
65.2
65.4
64.7
67.6
70.1
79.3
87.7
95.8
97
96
92.5
86.7
96.9
97.4
97.3
97.5
95.9
97.5
97.5
92.3
80
76.5
73.8
69.8
67.1
70.3
71.4
72.6
76.5
80.9
97.5
97.9
97.9
98
98
98
98
98
98
98
98
98
97.9
97.7
96.3
78.3
85.3
91.5
97.1
97.5
97.5
97.6
97.6
97.6
97.7
97.5
97.7
98
98
97.7
97.8
97.7
97.8
98
97.9
97.9
97.9
97.5
93.5
76.7
74.7
77.3
79.7
77.6
75.2
77.4
80.8
93
93.3
89.8
90.3
84.7
87.3
80
82
92.7
97.1
97.5
97.6
97.7
97.8
97.6
83.9
70.3
65.3
63.7
64
63.5
59.5
55.9
62.7
78.2
86.5
85.6
77.7
92.5
92.9
94.9
97.5
97.6
97.7
97.7
97.7
97.7
97.2
96.2
85.5
72.2
67.6
64.8
63.4
63.5
65.7
70.3
79
87.9
97.5
97.6
97.6
92.9
94.8
95.7
97.5
94.6
90.2
88.6
94.3
95.3
97.6
97.5
97.5
97.5
96.9
97.3
97.7
98
98
98
98
98
98
98
98
98
98
98
98
98
98
98
98
98
98
98
98
97.8
97.7
97.5
97.6
97.6
97.7
97.7
97.8
98
98
98
98
98
98
98
98
98
98
98
98
98
98
98
98
98
98
97.9
97.7
97.7
97.6
97.6
97.7
97.8
97.8
97.9
98
98
97.9
98
98
98
98
98
98
98
98
98
98
98
98
98
97.7
91.8
85.9
94.9
97.5
97.6
97.8
97.8
97.9
97.9
97.9
97.8
97.9
97.9
98
98
98
97.9
97.7
97.7
97.7
97.7
97.6
96.5
88.9
82.2
80.4
80.2
91.2
97.6
97.7
97.7
97.8
97.9
97.9
97.9
97.9
98
98
98
98
98
98
98
97.8
97.3
97.6
97.2
87.7
87.1
87.4
94.5
97.5
97.7
97.9
97.8
97.9
97.9
97.9
97.9
97.9
97.9
97.8
97.8
97.9
97.9
97.9
98
97.9
98
97.9
97.8
97.7
97.7
97.7
97.7
97.7
97.7
97.8
97.7
97.7
97.6
97.6
97.5
97.5
97.5
97.5
97.5
97.2
96.8
97.5
97.5
97.1
92.3
84
82.4
85.7
85.9
82.2
84.8
94.3
97.8
98
98
98
98
97.8
96.6
95.5
97.5
97.7
97.6
97.8
97.8
97.9
98
98
98
98
97.9
97.6
97.6
96
89.4
97.5
97.6
97
96.6
94.5
92.7
91.6
91.7
90.3
88.9
88
90.8
97.6
97.6
94.1
91.2
82.4
76.4
77.4
85.5
79.5
76.6
72
73.8
71.8
82.6
77.2
84.6
88.4
77.4
74.1
81.6
97.7
97.8
97.8
97.8
97.9
97.9
97.9
98
98
98
98
98
98
98
97.9
97.8
95.8
96.8
97.8
97.6
97.6
97.5
94.3
86.5
91.2
97.7
97.8
97.7
97.5
97.6
91.3
93.7
88.8
73.1
70.2
74.7
70.5
69
65.9
71.2
85.5
97.4
97.6
97.5
97.6
97.6
96.7
90.3
90.8
96.5
97.8
98
98
98
98
98
98
98
97.7
97.4
97.2
97.2
97.5
97.6
97.6
97.8
97.8
97.8
97.8
97.7
97.6
97.5
97.7
97.9
98
98
98
98
98
98
98
98
97.8
97.8
98
98
98
98
97.9
97.8
97.6
89.1
94.2
97.8
97.5
96.1
97.6
97.7
97.6
97.8
97.9
98
98
97.9
97.5
97.6
89.5
78.5
78.6
82.4
88.4
91.8
97.3
97.5
97.5
97.5
97.5
97.5
97.6
97.6
97.6
97.6
97.7
97.7
97.7
97.7
97.7
97.8
97.8
97.8
93.4
72.4
68.7
69.7
70.2
72.6
85
95.8
97.5
97.5
97.6
97.6
97.6
97.7
97.7
97.7
97.7
97.7
97.7
97.7
97.8
97.8
97.8
97.8
97.7
75.2
65.2
63.8
60.8
64.2
75.6
89.7
96.5
97.5
97.5
97.5
97.5
97.5
97.5
97.3
97.5
97.5
97.5
97.5
97.5
97.5
97.4
81.6
77.6
73.3
73.6
72.5
71.8
75.1
78.5
87.9
94.7
97.1
97.4
94.4
96.3
97.5
97.5
97.6
97.6
97.6
97.6
97.6
97.6
97.6
97.5
96.6
94
96.1
97.1
97.5
97.5
97.5
97.5
97.5
97.5
97.5
97.5
97.5
97.6
97.6
97.6
97.6
97.6
97.5
97.5
97.5
97
95.3
94.3
87.2
72.8
68.3
66.5
64.8
65.7
67
71.6
79.2
81.9
79
82.4
88.7
91
94.8
97.2
97.4
97.5
97.5
97.5
97.5
97.4
96.9
79.5
65.6
61.8
61.4
58
54.7
54.6
55.9
62.1
69.4
76.6
80.7
79.3
80.8
79.3
80.4
82.5
81.3
79.1
79.2
79.7
79.2
78.2
77.5
65.4
59.1
49.8
50.2
50.1
54.1
62.2
76.2
79.7
83.8
87.1
90.8
93.2
94.5
95.5
94.6
93.5
91.3
85.1
82.7
84.1
85.8
86.2
89.6
91.9
95.5
97.4
97.1
92.7
83.3
84
88.9
95.2
97.4
97.4
97.6
97.6
97.7
97.7
97.8
97.8
97.8
97.9
97.9
97.9
97.9
97.9
98
98
98
98
98
98
98
98
98
98
98
98
98
98
98
98
98
98
98
98
98
98
98
98
98
98
98
98
98
98
98
98
97.7
97.6
97.5
97.5
97.5
97.5
97.5
97.5
97.5
97.6
97.6
97.6
97.6
97.7
97.6
97.5
97.5
97.6
85.8
67.8
65.2
63.8
67.5
73.4
45.2
39
35.8
34.9
41.3
47.1
44.8
41.7
50.1
53.2
61.5
70.4
73.1
75.3
77.9
76.9
77.6
67.4
53.4
43.5
37.7
37
36.5
35.6
38.7
48.9
53.8
60.6
64.5
64.1
63.1
63.4
66.1
66.4
62.3
65.3
56.4
57.7
58.6
61.2
64.6
66.4
67.6
66.4
52.6
46.4
46.6
47.2
51.9
63.6
71.8
75.1
74.9
76.6
76.7
75.6
76.5
77.7
78
77.1
77.3
78.2
77.4
77.1
76.2
68.1
57.5
50.7
49.8
49.5
48.2
47.5
48.9
59.1
70.1
75
76.2
74.8
69.7
74.2
78.1
80.1
81.3
84.9
87.1
88.4
90.3
90.6
92.2
88.8
67.3
57.8
53.9
56.9
57.1
56.4
58.2
68
74.1
79.1
82.5
85.4
84.1
84.7
87.3
88.5
88.7
86.7
85.8
83.8
84.7
86.2
91.2
91
76.8
64.3
62.2
62.4
60.9
61.5
63.6
71.1
77.4
84
88.3
92
93.5
96.8
96.8
97.1
97.4
97.4
96.1
93.9
94.1
96.8
97.4
97.4
82.8
67.7
64.2
60.2
43.8
34.4
29.4
29
30.4
32.2
35.1
40.2
48.5
52.9
56.5
55.4
52.8
55.3
57.4
54.7
51.2
47.9
52.6
38
35.6
34.5
33.1
32.9
33
34.3
36.5
40.8
45.9
47
51.2
59
60.3
62
60.3
51.7
58.9
60
49.8
49.6
56.1
58.4
59.1
52.2
46.2
41
40.1
39.1
39.7
42.5
45.6
54.3
60.8
64.5
68.1
68.9
70
71.7
69.6
59.2
64.5
65.5
66.4
68.1
70.7
69.3
65.8
60.7
62
59.6
58.5
58
58.6
59.3
63.6
69.7
74.6
77.3
79.8
77.9
77.7
82
79
80.2
76.8
76.9
83.6
77.2
83.3
87.4
91.8
79.6
66.6
61.5
60.6
60.9
61.6
64.1
66
73.4
77.8
83.8
88.6
91.5
90.2
93.6
90.8
88.3
90.9
95.3
96.7
96.2
96.6
97.3
97.4
97.5
89.5
68.5
65.9
65
65.8
67.9
70.2
76.4
83.1
88.4
92.7
95.8
97.4
97.4
97.5
97.5
97.5
97.5
97.5
97.5
96.2
81.2
78.4
80.4
83.7
81.6
75.4
75
75
74.1
73.8
76.9
83.5
89.3
92.8
96.7
97.4
97.4
97.5
97.5
97.5
97.5
97.5
97.5
97.6
97.5
97.5
97.5
96.3
80.7
69.1
63.9
66.5
70.2
73.3
76.8
83.8
86.3
86.8
85.8
88.1
88.2
86.5
86.4
87.3
85.7
86.3
93.8
97.2
97.4
97.5
97.5
97.5
96.1
84.1
81.4
79.2
77.4
77.4
84.8
91.6
96.7
97.4
97.5
97.5
97.5
97.5
97.5
97.5
97.5
97.5
97.5
97.5
97.5
94.7
88.5
80.2
67.1
60.8
61.4
63.9
65.1
69.6
76.7
81.5
75.2
73.5
78.4
89
97.2
97.5
97.5
97.5
97.5
97.6
97.7
97.8
97.8
97.9
97.9
97.9
97.9
98
98
98
98
98
98
98
98
98
98
98
98
98
98
98
98
98
98
98
98
98
98
98
98
98
98
97.9
97.7
94.5
88.4
89.3
90.1
93.3
94.6
92.7
95.7
97.6
97.7
97.8
97.8
97.8
97.8
97.9
97.9
97.9
97.9
97.8
97.6
96.8
91.3
86.2
85.1
85.5
88
92.3
94
92.5
92.3
94.9
95.3
93.1
91.6
88.1
91.8
95.3
97.3
97.4
95.5
90.6
97.6
97.7
97.7
97.8
97.8
97.9
97.9
97.8
97.8
97.7
97.7
97.7
97.6
97.6
97.6
97.5
97.5
97.5
97.5
97.6
97.6
97.6
97.6
97.7
97.7
97.8
97.8
97.9
97.9
97.9
97.9
97.9
97.9
97.9
97.9
97.9
97.9
97.9
97.9
97.9
97.9
97.9
97.8
97.8
97.7
97.8
97.8
97.7
97.8
97.7
97.7
97.6
94.9
83.7
81.3
80.1
85.8
91.4
94.7
97.5
97.5
97.5
97.5
97.5
97.5
97.5
97.5
97.6
97.7
97.7
97.8
97.8
97.9
97.9
97.9
97.9
97.9
97.9
97.9
97.9
97.9
97.9
97.8
97.8
97.8
97.8
97.8
97.8
97.8
97.8
97.8
97.7
97.7
97.7
97.7
97.7
97.7
97.7
97.1
88.1
84.1
78.2
79.6
83.6
91
96.4
97.5
97.5
97.5
97.6
97.6
97.6
97.6
97.6
97.6
97.6
97.6
97.6
97.6
97.6
97.6
96.1
78.1
69.1
69.1
69.7
68.9
71.2
80.1
91.1
96.6
97.5
97.5
97.5
97.5
97.5
97.5
97.5
97.5
97.5
97.5
97.5
97.6
97.6
97.5
94
75.8
68.5
68.6
71.4
74.4
77.1
84.5
89.4
91.7
91
90
93.1
94.9
96
97.4
96.3
92
91.9
91.7
85
84.3
87.9
89.1
81.7
77.4
64.2
62.5
63.5
65.5
68.9
76.6
82.2
88.7
93
95.7
97.4
97.4
97.5
97.5
97.5
97.4
97.3
97.3
97.4
97.4
97.4
96.7
83.7
64.8
60
59.9
60
59.1
62.5
70.3
79.5
85.9
90.2
91.1
90.8
70.1
73.5
76.8
74.8
76.5
76.6
78.2
79.7
82.1
82.3
74.1
61.4
55.5
51.7
49.9
47.2
48.5
51.9
65.1
77.5
83.4
86.5
86.3
82.7
79.8
78
77.4
76.2
74.2
64.6
67.8
68
60.2
66.9
66.5
58.6
52.9
47.2
47.2
47.5
49.4
56.2
66
72.3
73.1
73.7
73.9
73.1
73
74.7
74.8
74.9
74.6
75.2
76.3
76.2
75.1
75.3
72
62.6
54.6
50.8
52.2
54.6
55.4
58.6
66.1
75
78.9
82.5
82.6
83.8
81.6
82.2
82
82.3
83.3
83.7
84.5
83.9
83.6
83.4
79.5
69.1
60.4
55.4
52.3
52.4
52
53.5
62.5
69.8
75.6
77.7
78.9
79.2
79.7
73.3
74.7
76.3
76.7
77.8
77.9
77.6
76.5
77.3
76.8
68.7
60.3
53.7
52.8
55.3
57.1
62
69.4
75.3
77.6
73.2
75.9
71.8
77.6
78.2
72.8
75.7
75.7
71.9
76.6
79.2
80.6
82.5
87.5
90.4
88.2
79.1
75.5
74.2
76.3
83.5
97.3
97.6
97.6
97.7
97.7
97.8
97.8
97.8
97.8
97.8
97.8
97.8
97.8
97.8
97.9
97.9
97.9
97.9
97.9
97.8
97.8
97.6
97.6
97.5
97.4
96.9
97.4
97.4
97.4
97.5
97.5
97.6
97.6
97.7
97.7
97.8
97.8
97.8
97.9
82.8
42.2
38.7
34.8
32.6
31.9
31.6
35.1
37.2
39.6
37.8
38.1
42.8
47.4
49.9
52.2
51.8
44.1
43.6
51.5
50.9
55.8
54.8
57
59.5
56.4
55.3
56.7
53.7
52.9
52.9
51.4
52.9
56.1
60
65.5
68.2
69.9
69.9
60.1
63.8
63.5
68.2
69.8
69.1
66
69.3
71.7
74
74
66.4
56.2
52.5
54.9
55.3
55.5
59.8
64.3
69.7
73.8
77.1
79.6
81.4
83.2
84.6
85.7
86.6
88.1
89.8
91.2
91.6
91.9
92.5
93.3
90.3
73
60.7
59.8
59.3
59.9
63
68.4
75.3
80
83.3
85.2
84.4
83.1
82.3
80.7
78.4
77.2
76.8
76.8
76.8
77.1
77.3
77.9
70.6
61.2
53.9
54.1
53.4
54.6
57.9
64.2
72.1
77.6
81
82
82.5
83.1
83.2
82.1
81.6
81.6
81.8
81.7
81.6
81.3
80.7
78.8
71.1
58.8
52.2
53.2
58.1
56.9
55.8
63.9
71.8
77.4
79
78.7
71.6
73.6
73.9
75.6
76.8
74.8
72.6
77.2
81.2
84.4
86.9
89.6
90.9
89.3
80.8
72.9
66.9
69.3
73.4
75.3
77.8
77.2
73.1
72.2
72.6
74
74.5
73.7
74
74.7
73.6
76.9
81.4
95
97.5
97.6
97.6
97.7
97.7
97.7
97.8
97.8
97.8
97.8
97.8
97.8
97.8
97.8
97.8
97.9
97.9
97.9
97.9
97.9
97.9
97.9
98
98
98
98
98
98
98
98
98
98
98
98
98
98
98
98
98
98
98
98
98
98
98
98
98
98
98
98
98
98
98
98
98
98
98
98
98
98
98
98
98
98
98
98
98
98
98
98
98
98
98
98
98
98
98
98
98
98
98
98
98
98
98
98
98
98
98
98
98
98
98
98
98
98
98
98
98
98
98
98
98
98
97.9
90.4
52.7
41.9
43.2
55.2
53
50.1
57.2
60
63.1
63.8
62.1
60.3
65.6
67.6
64.6
69.1
60.8
50.9
48.7
47.2
48.4
48.3
48.7
54.3
63.7
71.2
75.4
78.1
79.9
81.8
83.6