90
20
49
58
2
14
72
87
52
81
14
46
39
38
22
81
33
5
61
99
58
63
19
93
55
40
64
5
73
36
34
72
14
97
62
5
68
60
74
28
12
82
68
69
77
58
99
15
46
35
48
80
14
82
86
20
80
72
41
83
74
72
15
46
22
85
85
30
87
33
79
30
34
69
15
73
8
75
52
14
5
4
26
72
80
45
6
96
22
74
85
49
100
82
65
96
9
68
62
20
86
71
88
14
17
60
62
98
25
57
43
100
90
78
93
84
83
76
54
95
65
1
6
8
52
41
81
68
61
81
11
65
77
64
21
60
34
56
49
81
38
5
43
67
49
18
61
13
63
76
16
39
8
86
82
14
91
18
46
71
17
35
37
9
5
86
55
79
57
35
92
17
32
51
15
5
82
74
93
1
62
71
46
41
2
11
43
46
27
19
66
66
51
49
94
64
31
27
65
27