100
100
100
100
100
100
100
100
100
100
100
100
98.5
68.3
64.3
63.2
65.3
73.2
87.3
93.2
96.2
97.2
96.3
96.5
95.8
93.5
93.3
96.7
100
100
100
100
100
98.5
97.5
96.5
97
97.3
99
100
100
100
100
100
100
100
100
100
100
100
100
100
100
100
100
100
100
100
100
100
100
100
100
100
100
100
100
100
100
100
100
100
100
100
100
100
100
100
100
100
100
100
98.3
96.8
99.5
100
100
100
100
100
100
99.2
99
100
100
100
100
100
100
100
100
100
100
100
100
100
100
100
100
100
100
100
100
100
100
100
100
100
100
100
100
100
100
100
100
100
100
100
100
100
100
100
100
98.2
77.7
81.3
86.3
93.7
99.3
100
100
100
100
100
100
100
100
100
100
100
100
100
100
100
100
100
100
100
100
96.8
89.7
92.2
98.7
100
100
100
100
100
100
100
100
100
100
100
100
100
100
100
100
100
96.3
85.5
86.5
83.3
83.5
91.3
98.5
100
100
100
100
100
100
100
100
100
100
100
100
100
100
100
100
100
100
100
99.3
89.7
91.2
94
97.8
100
100
100
100
100
100
100
100
100
100
100
88.5
92.7
88.3
85.8
87.7
90
91.5
92
89.5
89.5
91.8
98.2
99.7
100
98.3
88.5
88.2
95
98.3
100
100
100
100
100
100
100
100
100
100
100
98.3
92.5
84.3
84.8
88.5
90.7
93.2
97.2
98.8
99.7
100
100
100
100
100
100
100
100
100
100
100
100
100
100
100
100
100
100
100
100
100
100
100
100
100
100
100
100
100
100
100
100
100
100
100
100
100
100
93.2
80.7
74.7
76
NA
NA
NA
NA
NA
NA
NA
NA
NA
NA
NA
NA
NA
NA
NA
NA
NA
NA
NA
NA
NA
NA
NA
NA
NA
NA
NA
NA
NA
NA
NA
NA
NA
NA
NA
NA
NA
NA
NA
NA
NA
NA
NA
NA
NA
NA
NA
NA
NA
NA
NA
NA
NA
NA
NA
NA
NA
NA
NA
NA
NA
NA
NA
NA
NA
NA
NA
NA
NA
NA
NA
NA
NA
NA
NA
NA
NA
NA
NA
NA
NA
NA
NA
NA
NA
NA
NA
NA
NA
NA
NA
NA
NA
NA
NA
NA
NA
NA
NA
NA
NA
NA
NA
NA
NA
NA
NA
NA
NA
NA
NA
NA
NA
NA
NA
NA
NA
NA
NA
NA
NA
NA
NA
NA
NA
NA
NA
NA
NA
NA
NA
NA
NA
NA
NA
NA
NA
NA
NA
NA
NA
NA
NA
NA
NA
NA
NA
NA
NA
NA
NA
NA
NA
NA
NA
NA
NA
NA
NA
NA
NA
NA
NA
NA
NA
NA
NA
NA
NA
NA
NA
NA
NA
NA
NA
NA
NA
NA
NA
NA
NA
NA
NA
NA
NA
NA
NA
NA
NA
NA
NA
NA
NA
NA
NA
NA
NA
NA
NA
NA
NA
NA
NA
NA
NA
NA
NA
NA
NA
NA
NA
NA
76.5
62.3
62.2
63.2
65.8
69.8
78.3
87.8
94
81.7
88.8
95
98
100
100
100
100
100
100
100
100
100
100
98.5
77.8
71.3
69.5
70.8
70.7
74.2
78.2
85.2
88.7
95.5
99.3
100
100
100
100
100
100
100
100
100
100
100
98.2
91.2
90.7
90.2
88.2
86.3
93.3
94
96.3
99.8
100
100
100
100
100
100
100
100
100
100
100
100
100
100
100
98.7
52.7
39.2
41.3
43
42.8
42
55
74.3
79.3
83.2
91.3
87.8
80.2
87.3
89
89.2
76
74.2
76.8
75
84.5
86.7
66.3
52.2
55.8
58.3
31.2
35.8
51.7
51.8
64.7
62.3
64.2
68.5
74.2
77.2
80
80.3
79
75
70.3
64.5
58.5
59.7
71.2
84.3
83
79.2
73.3
73.2
69.7
66.3
64.7
69.3
75.3
80
83.5
87
90
94
97.7
99.8
100
100
99.5
95.7
98.8
100
100
100
100
100
98
95.7
91.5
84
81.2
81.7
84.5
88
93.7
96.3
95
94.2
97.5
98.8
100
100
100
100
100
100
100
100
95.5
73.2
69
73.8
84.2
63.3
58.7
61.8
68
72
71.2
68.3
76.8
NA
NA
NA
NA
NA
NA
NA
NA
NA
NA
NA
NA
NA
NA
NA
NA
NA
NA
NA
NA
NA
NA
NA
NA
NA
NA
NA
NA
NA
NA
NA
NA
NA
NA
NA
NA
NA
NA
NA
NA
NA
NA
NA
NA
NA
NA
NA
NA
NA
NA
NA
NA
NA
NA
NA
NA
NA
NA
NA
NA
NA
NA
NA
NA
NA
NA
NA
NA
NA
NA
NA
NA
NA
NA
NA
NA
NA
NA
NA
NA
NA
NA
NA
NA
NA
NA
NA
NA
NA
NA
NA
NA
NA
NA
NA
NA
NA
NA
NA
NA
NA
NA
NA
NA
NA
NA
NA
NA
NA
NA
NA
NA
NA
NA
NA
NA
NA
NA
NA
NA
NA
NA
NA
NA
NA
NA
NA
NA
NA
NA
NA
NA
NA
NA
NA
NA
NA
NA
NA
NA
NA
NA
NA
NA
NA
NA
NA
NA
NA
NA
NA
NA
NA
NA
NA
NA
NA
NA
NA
NA
NA
NA
NA
NA
79.5
70.5
76.7
78
76.5
82.8
84.2
92.8
99.5
99
99.7
100
100
100
99.3
79
74.8
72.7
66.8
65.8
65.3
68
71.8
79.2
88.3
86.3
94.2
99.7
100
100
100
100
100
100
100
100
100
100
100
100
100
88.2
79.8
76.3
73.3
83
86.8
90.3
93.2
100
100
100
100
100
100
100
100
100
100
100
100
100
100
100
100
100
95.5
79
79.7
91.3
97.5
100
100
100
100
100
98.8
90.7
90
95.2
98.2
99.3
100
97.8
88.6
94.3
98.2
98.2
98.8
98
91.5
87
82.2
77.7
75.8
79
85.7
86.8
94.5
99.8
100
100
86.2
80.2
69.2
64.8
61.3
57
54
58.5
61.5
69.2
85
90
89.7
92.5
90.5
91.5
87.8
85.3
91.2
99.7
100
100
100
100
100
100
100
100
100
100
100
100
100
100
100
97
86.2
85.3
77
77.5
79.2
84.5
88.5
91.5
93.3
89.7
90
96.2
100
97.8
91
83
88
91.8
95.8
99.5
93
86.5
81.7
73.2
71
63.3
57.7
54.5
52.8
65.8
77.8
80.3
91.5
74
81.3
87.5
93.8
97.2
98.5
100
100
100
100
100
100
86
61
59
66.2
87.8
89.8
89
91
97.3
100
99.8
97.5
100
100
100
100
100
100
100
100
100
100
100
100
100
94.3
62.5
56.5
37.3
33.3
38.2
42.5
52.7
66.5
75.7
77.2
72.7
76.5
75.7
74.5
79.2
91.2
97.5
100
100
97.5
90.7
86.5
83
80
74
71.7
75.3
77
82.7
91.7
96.2
98.5
99
99
99.5
99.8
98.3
98.2
98.8
99
99
99.5
100
99
93.2
90.2
90
86.7
86.5
85
84
81.8
78.5
79.2
85.3
89.2
95.8
96.5
98.8
100
100
100
100
100
100
100
100
100
100
100
100
100
100
100
98.5
89.8
71.8
74
79
88.8
89.3
97.8
100
100
100
100
100
100
100
100
100
100
100
100
100
98
73.3
64.2
67.7
73
73.8
75.7
84.8
93.3
95.8
96.7
97.8
97.7
98
98.5
100
100
100
100
100
100
100
99.7
96.3
92.8
92
94.2
96.5
100
100
100
100
100
100
100
100
100
100
100
100
100
100
100
100
100
100
100
100
100
100
100
95.5
87.7
86.2
86.7
90.5
95.7
97.8
99.7
100
98.2
96.8
94.8
98.8
100
99.3
97
99.5
100
100
100
99.7
84
75.3
67.8
65.2
65.5
66.8
66.3
76.3
79.2
82.8
92.7
99.2
100
97.3
93
99.5
100
100
100
100
100
100
100
97.8
85
74.3
68.3
66.7
58.7
57
56
64.2
85.7
91.5
87.8
93.3
95.5
98.2
99.8
100
100
100
100
100
100
100
100
87.7
65.2
60.7
52.7
46.7
48.5
47.5
47.8
56.2
72.8
83.2
91.7
95
97.3
99.8
100
100
100
100
100
100
100
100
100
89.5
61.7
60.8
59
56.5
55.2
52.2
55.3
65.3
73.7
72.3
83.5
94.2
97.8
99.5
100
100
100
100
100
100
100
100
100
99.8
69.8
60.2
57.2
52.8
48.8
49.2
53
59.8
64.3
64.8
68.2
77.5
75.7
75.8
76.5
83.5
88.8
89
89.2
91.2
91
87.5
83.8
77
75.7
67.7
63.5
67.2
61.7
62.5
63.8
77.7
81.3
75
73.7
71.5
70
70.2
70.8
78.5
86.2
91.3
97.5
100
100
100
99.8
94.5
91.2
76.8
70.5
72.3
70.2
65.2
71.8
82.2
88.3
92.5
89.2
93.5
96.3
96.2
97.8
99
99.8
100
100
100
100
100
100
91.5
74.7
69.5
68.3
69.2
66.3
66.5
70
71.5
69.8
72.3
71.3
73.7
70.3
67.5
67.7
69
63.3
60.3
59.7
64
60.2
64.7
67.2
65.8
63.3
61.8
60.2
63.5
80.2
86
86.3
71.7
68.8
65.3
64.5
68.3
79.8
77.3
84.8
91.8
88.3
93.7
95.8
100
100
100
100
100
100
99.2
95.3
88.3
81.7
75
77.2
80.2
87.3
88.3
91.5
85.3
83.3
86.5
92
96.2
99
100
100
100
100
100
100
93.5
76.8
57.8
58.2
62.3
65.3
62.5
64.7
64.5
62.7
63.2
70.5
75
76.5
79.2
78.8
75.8
72.7
74.8
74.2
72.8
76.2
78.8
65.5
64.2
63.7
61.2
58.8
56.5
59
64.3
68
69.5
74
72
77
80.8
71.8
81.2
89
92
90.8
94.2
91
74
84.2
84.2
66.2
60.5
57.8
50.7
47
46.5
45.5
48.8
49.5
54.2
63.2
61.7
58.7
66.7
79.2
89
85.5
81.7
75.8
76.8
76.7
79.3
81.7
79.8
63.8
40.7
36.2
36.2
32.5
30.5
30.2
31.7
32.7
38
44.5
47.2
64.5
68.8
75.3
81.5
84
83.7
85.7
86.7
85.3
83.5
83.7
92.5
79.8
51.8
46.2
46.7
46.2
45.8
46.7
46.5
46.5
51.7
62.5
73.2
79.2
88.7
93.2
94.8
98
99
99.7
100
100
100
100
96
62.5
57
54.3
52.7
49.8
48.3
47.8
46.2
48.5
53.2
61
66.2
80.5
89
92.5
95.2
98.2
99.5
100
100
100
100
100
100
100
83.3
55.8
48.3
49.2
48.5
47.8
46.7
47.5
52.8
62.5
69
77.3
86.2
89.3
91.2
93.2
95
96
96.5
84.2
53
53.8
57.8
56.2
51
48.7
47.3
45.3
41.7
38.3
36.8
38.8
43.7
53.2
59.2
53.3
54.7
73
79.3
83
85.7
88.7
90
90.3
93.5
93.5
93.3
83
62.8
50.2
48.3
45.5
46.5
43.7
38.5
40.2
45.2
53.5
65
73.8
78.7
80
83.2
87.7
89.3
93
93.8
93.5
90.7
86.3
87
67
51.2
49.7
48.7
36.8
37
35.5
34.7
35.8
39.5
45.5
51.8
59.3
72.3
81.2
84.3
86.8
90.2
92
94.8
95.8
97.5
99.2
100
86.7
50.8
44.3
41.5
38
32.8
31.5
33.3
34.5
40.5
57.5
66
72.2
77.5
82.3
82.8
88.2
91.3
94.2
95.5
97.7
96.2
98.5
98.3
81.5
49.2
47.3
46.7
44.5
42.5
41
40.5
40
45
58.3
67.2
77.7
83.7
88.2
91.3
94.8
96.7
98.7
99.7
100
100
100
100
96.2
72.2
58.8
52.2
48.3
48.5
52.3
51.7
50
49.3
53.8
56.2
59.2
59.7
62
69.2
82.3
90.2
91.2
97
100
100
100
100
86.7
73
67.7
63.3
57.2
54.8
55.5
53.8
53
57
72.2
82.3
79
86.7
95
98.2
99.5
100
100
100
100
100
100
100
98
74.7
65.7
61.8
55.8
55.7
56.8
58.5
65
72.3
79
83.3
91.5
94.7
99.3
100
100
100
100
100
100
100
100
100
100
98.3
79.3
76.3
64.3
58.5
57
54.3
54.7
62
71.2
79.8
84.7
80.3
81.3
80.7
79.8
78.8
77.8
79
82.3
84.3
93
93.8
77.2
68.8
64.5
60.5
56.8
52.3
47
44.2
52.3
65.5
72.7
74.8
72.8
69.2
85.8
86
81.8
79.2
89.5
91
96.3
97.2
98.5
97.5
93.2
82.3
76.8
67.5
56.2
53.2
54.3
55
56
58.8
66
77.2
87.3
91.7
95.2
96.8
99
100
100
100
100
100
100
100
90.8
63.5
58.8
61.7
56.7
50
51.5
53.2
54
58.5
69.7
75.5
75.5
81.7
79
77
83
91.2
94.2
94.2
96.7
98
92.5
90.2
89.2
81
74.2
70.7
68.3
66.5
69.7
64.2
72.8
90.8
90.7
90
90.7
86.3
88.8
89.2
87.3
88.8
90.2
86.8
87.8
83
90.2
89.7
87.7
83.3
84.8
81.5
83.8
80.5
66.7
61.3
59
84
90.2
82.5
89.5
80.2
64.8
74.5
70.8
79.7
78.8
81.2
79.5
71
71.3
73.3
65.8
58.2
61
53.5
45.7
43.8
43.7
47.8
57
55.8
55.7
65.3
66
69.7
75.5
77.8
83.2
88.7
93.8
96.3
98.8
100
99.8
80
62.7
43.8
43.3
49.2
50.5
50.8
51.7
55.2
57.8
64.3
68.5
71.2
91.2
98.7
100
98.7
83.7
79.7
89.8
93.8
96
98.2
97
95.7
71.7
60.2
52.3
45.7
41.3
42.5
43.7
45
44.8
49
74.3
75.5
57.5
58.3
59.2
61.5
59.3
58.2
61.3
71
66.2
68.8
71.7
70.5
67
54.7
47.5
45.7
44.8
41.8
42.2
42.8
43.7
46.8
51
53.5
62.3
71.7
78.2
84.3
86.5
88.2
91
94.2
94.2
96.2
92.2
85.2
70.7
53.3
48.5
45.5
40.5
39.5
37
36
37.5
41.3
50.5
62.7
72.7
81.7
85.7
89.3
93.5
95.3
97.2
98
99.3
100
100
99.8
63.7
51.3
48.8
45.5
40.2
36
33
33
36.2
40.7
51.7
61.2
69.7
77
81.7
84.8
86
90.7
93
95.3
96.7
98.3
99.8
99.7
65.3
51.7
48.2
46.2
44.3
42.2
40
38.7
39.2
41.3
50.8
60.8
71.7
77.8
83.3
88.2
90.7
94.2
95.7
98.3
99.8
100
100
100
69
53.5
49.7
47.2
45
41.3
37.3
35.2
36.2
39.8
42.7
43.7
49.8
50.3
46.5
47.8
42
44
46.8
48.3
53.3
57.5
60.2
61.7
57
61.3
57.7
56.3
54.5
51.3
49.7
49.2
49.7
51.3
56
60.2
63.8
65
66.5
72.3
72.2
73.8
72.7
79.8
73.7
74.8
76.3
75.8
72.8
69.5
64.5
61.5
60.3
59.5
58.2
57
56.5
58.3
63.5
69.3
70.8
77.5
83
86.5
91.7
95.7
96.7
98.7
100
100
100
100
96
84.2
78.7
73.3
68.5
66.5
66
66.2
68.2
73.2
77.7
84.7
91.2
91.3
91.5
93.3
99.2
100
100
100
100
100
100
100
86.3
64.2
59.2
56.7
54.5
53.3
52.5
61.5
66.2
74
74.8
75.3
87.2
88.3
81.8
85.3
80.8
91.2
93
96.8
82.3
82.8
86
86.3
78.3
67
55.8
57.8
57.7
56.3
56.7
59.2
62.7
65.3
70.2
81.5
86.2
88.8
92
92.3
93
95
97.3
98.8
100
100
100
98.5
70
58.3
60.5
61.3
53.8
51.5
46.8
44.5
42.7
44.8
54.3
68.3
73.8
81
89
94.2
96.3
98.3
99.7
100
100
100
100
100
74.8
55.2
47.2
46.2
43.7
42.5
40.2
39.5
39.3
42.5
52.8
63.8
73.7
75.2
80.5
87.3
91.5
94.3
96.5
99.7
100
100
100
94.5
68.5
57.5
55.3
50.5
46.7
45.5
45
49
51.8
59
67.8
74.2
79.2
81.8
86.2
94.5
99
100
100
100
100
100
100
93.3
71
52.3
35.3
37.8
43
44.3
42
40
40.2
52.7
63.7
62.2
61.3
58.5
58.3
59.5
51.3
65.7
81.5
87.2
78.8
68.5
80.2
77.8
52.5
45.2
43.3
44
42.8
NA
39.8
40.3
41.3
39.8
44.8
51
58.7
49.5
50.5
60.5
69.8
80.2
89
93
93.5
91.3
57.2
47.8
44
48.7
50.5
54.3
50.2
50.2
50.3
48.5
50.5
54.5
59.3
61.8
63.8
65.5
64.8
60.5
52.3
43.8
44
45.5
49.3
60.3
66.7
68.7
61.8
58
54.2
47.8
42.8
43.7
44.7
47.3
47
48.5
52.5
54.7
57
62
64.8
71.7
78
78.8
78
75.7
65
64.5
65.5
66.8
65.2
64.2
59.3
55.3
51
50
47.8
46.3
46
49.7
56.8
66.3
64.3
66.3
72.3
79.3
91.2
88.7
98.3
100
100
100
100
93.2
73.8
64.5
63.7
61
56.8
52.2
46.2
42.2
40.5
48.3
58.7
64.7
71.3
73.2
78.8
85
93.3
95.2
80
88
78.7
71.2
72.7
62.2
47.2
35
49
38.2
36.8
38.3
38.2
36.7
34.7
32.5
41.5
51
42.8
24.2
25.5
31.5
30.7
26.7
28.3
33.5
50.3
59.3
63.7
56.7
47.7
41.2
34.7
26.7
26.3
22.2
23
23.5
24.3
24.5
28
39
44.8
40.7
32.7
32.7
43.2
33.8
21.5
26
43.3
56.5
59.8
42
25
26.2
22.7
24.5
27.3
27
26.3
25.2
24.3
24.2
27.2
30
35.5
48.2
55
60.5
60
61.2
60.5
65
70.2
70.7
70.5
59.8
41.8
34.5
34.3
32.3
31.8
32.5
32
35
38
41.3
42.7
42
43.2
47.3
48.2
63.3
81
74.8
69.7
63.2
59
54.7
53
48.5
49
52.3
50.3
51.5
45.8
47.7
49.2
49.8
50.7
51.3
71.2
75.7
79.8
89.8
98.3
98.8
99.8
100
99.2
89.2
90.5
98.2
100
98.8
80
71
63
51.3
48.2
47.2
41.7
41.5
43.8
48
70.3
75.2
74.3
74.5
75.7
73
73.2
76.2
81.7
74.7
71.7
86.7
89.7
78
73.7
79.8
90.7
88.7
90.5
98
99.8
99
100
99
99.2
100
100
100
100
100
100
100
100
100
100
100
100
88
73
74
68.7
68.7
61.8
63.3
57.7
58
59.7
63.3
72.3
84.5
93.2
99.7
100
100
100
100
100
100
100
100
100
100
84.3
70.2
64.3
58.3
55.5
49.8
49.7
53.8
54.3
60.8
62.5
73.7
83.8
89.3
92
97.2
93.8
98.5
100
100
100
100
100
81.3
60.8
54
50.3
48.7
46.5
41
39.3
34.5
35.3
38
43.2
54
60.5
57.8
56.8
51.3
61.8
74
81
85.5
93.5
96
94.7
70.5
59
54.5
46.3
39.5
38.2
38
34.8
34.7
36.8
37.7
49.2
56.8
69.7
83.2
87.2
88.2
94.3
92
77.5
66.7
73.5
87.8
93.3
74.7
61.2
57.2
52
47.8
44.8
43.7
40.2
42.5
47.8
46.7
45.8
50.8
56.7
59.2
60.5
65.7
82.7
85.8
82.7
82.8
80.5
79.7
77.3
74.5
71.5
74.5
86.8
77.7
71
60.8
55.7
66.5
64.5
68.2
69.3
77
88.3
98.2
99.7
94.2
94
99.8
100
100
100
100
98.7
99.7
100
100
100
100
100
100
100
100
100
100
100
100
100
100
100
100
100
100
100
100
100
100
100
100
94.5
78.3
69.3
62.2
59
61.5
56
55.2
60.5
58.8
62.7
72.8
84.7
89
95.7
95.5
94.5
99.7
91.5
94
99.3
98.3
100
100
83.3
69.8
69.2
61.7
58
55.3
62.8
75.5
87.5
95.7
94.5
92.8
95.8
99.5
100
100
100
100
100
100
100
100
100
98.2
77.3
70.5
62.5
60.7
53.3
50.5
47.7
55.3
79.3
82.2
81.8
88.5
90.8
95.5
97.7
100
98.2
75.3
87.2
98.8
100
100
100
100
100
99.8
96
97.3
97
80.7
88.5
92
88.7
86
91.7
95.8
100
100
100
100
100
100
100
100
100
100
100
100
93.2
66.3
59.8
56.8
54.3
52.3
71
82.2
95.2
85.7
81.7
91.4
98.7
98
100
100
100
100
100
100
100
100
100
93.2
67.2
59.5
53.8
50.5
49.3
47
45.3
41.7
41.8
42
45
66
79.2
79.5
64
74.8
87.3
94.2
98.8
68.8
76
59.5
59.3
52.3
45.8
46.2
45.8
47.3
42.3
39.7
38.5
38.7
40
42.2
47
55.7
57.5
58.5
60.5
58.7
56
56.7
73.7
83.5
93.7
98.7
89.2
65.5
54.7
49.2
46.2
45
44
45.7
47.2
46.2
46.2
49.7
55
69.5
79.5
83.7
89
87
84.8
91.8
94.7
97.7
97
97
90
79.7
68.7
67.5
61
62.7
60
59
59.2
60.8
63.2
66
85.5
88.3
87.3
97
100
100
100
100
100
94.2
90
97.5
89
80.2
70.3
65
63.5
60.3
56.2
52.8
50.2
47.8
48.5
47.7
53
69.3
82.5
90.8
97.8
100
100
99.8
96.3
99.7
100
100
95.8
73.8
62.3
59
56.8
50.8
48.5
46.8
45.5
44.3
43.7
44.5
48.2
64.3
76.7
86.3
90
92.8
98.3
99.8
100
100
100
100
97.2
73.8
60.7
54
52.8
50.3
48.8
48.8
47
45.8
47.7
50
54.3
64
69.7
81.2
86.7
82.3
79.8
84.8
89
91.5
86.2
83.3
80.8
75.8
72.7
65.5
63.7
59.3
59
58.2
60.8
60.7
58.5
47.8
47.2
43.5
55.3
61
70.5
82.5
89.5
89.8
91.8
98.8
100
100
87.5
67
62.5
57.8
54.2
48.7
41.8
39
35.3
30.8
30.8
32.3
40.8
47.2
53.5
66
74.5
81.2
89.3
93
95.3
98.3
97.7
97.5
85.2
68.2
59.5
55.8
48
47.8
57.5
72.5
57.2
42.8
47
48.5
65.3
73.3
78.3
85
89.5
73.5
73.5
91.5
99.5
100
100
100
90.5
65.3
53.3
43.5
46.2
34.5
25.7
24.3
22.3
26.2
31.5
31.7
32.3
36
48.5
55.5
66.7
70.7
71.5
75.3
74.8
76.7
83.3
87.2
71.5
47.2
31.5
29.2
29.5
28.7
27.2
26.2
25.5
23.8
22.7
23
29
33.7
48.3
57.7
56.8
61.2
61.7
61.8
46
50.5
62.2
66.8
68.7
63.2
51.2
35.8
31.3
36.7
34.5
29.2
27.8
28.2
28.8
27.3
28.5
31.3
28.2
26.8
26
28.8
29.7
33.8
49.8
62
65.5
67.8
65.5
49.2
40.3
31.8
30.8
31
30.3
27.7
26.3
25.7
25.8
28.7
35.2
47.8
53.8
58.7
62.5
63
54.2
60.5
72
80.7
88.2
94.5
81.3
59.5
55.7
53.5
48.7
43
39
35.3
33.7
32.2
32
32.8
35.5
50.8
58
58.3
66.2
67.2
73.2
83.8
90.5
93.7
98.7
100
94
68.5
70.3
63.2
54.7
50.2
43.8
44.5
44.8
56.8
74
72.3
71.5
85.7
81
91.3
95.8
99
99
100
100
100
100
100
96.3
88.3
73
66.8
57
51.5
47.7
48.7
48.3
46.5
45.7
46.3
49.2
56.5
62.3
63.8
65
71
83.8
92.8
95.3
100
100
100
87
66.2
57.7
54.2
52.2
49
45.5
44.8
40.7
40.3
41.2
41.8
47.3
51
51.2
55.8
58.2
56.3
54.5
58.8
65.8
66.8
63.2
74.7
72.7
64
56.8
50
49.7
46.5
40.7
40.5
42.7
46
46.7
46.3
47.3
50.7
75.2
69.3
63.8
54.3
51.2
50.2
50.8
58.8
68.5
69.5
60.2
59.8
62.7
60
57.8
53.3
56.5
56.5
53.3
46.5
46.8
47.5
47.2
44.3
36.7
51.3
64.5
70.5
75.2
77
83.5
91.5
92.3
92.3
77.8
55.7
50.5
46.3
40.2
38.5
38
35.8
34
32.3
31.5
32.2
35.3
43.3
49.8
58
70.2
78.3
79.7
81
87.3
92.5
96.2
96.8
76.2
55.7
40.5
38.5
34.8
32.7
31
31
30.2
29.2
28
28.7
34.3
42
55.3
62
56.3
53.3
59.2
70.5
75.7
75.5
79.7
79
74.7
65.8
49.3
51
53.3
54.8
54.2
50.3
49.3
47.7
47
56.3
65.7
70.3
72.8
83.5
83.2
84.2
85.8
82.2
74
69.2
71.5
83
86.2
81.8
69.5
67.2
67.2
59.8
58.8
52
52.8
49.8
49.8
52.2
55.5
60.2
70.5
79
72
66.7
68
73
84
97.5
100
96.7
87.7
77.2
64.8
62
57.5
52.8
49.2
47.5
46.2
44.3
42.2
50.3
72.3
76.3
96.2
93.3
97.8
96
83.3
75.2
87
95.5
97
97.7
93.7
92.5
95.8
83.8
74.3
66.7
62.8
57.3
50.5
52.7
50.8
48.5
49.5
64.5
88.2
97.8
98.8
98
79.8
93.7
97.2
100
100
100
89.7
72
59.3
56.5
58
55.7
51.3
44.2
48
52.5
51
43
44.2
55
63
58.2
71
73
73.3
82
84.8
80.3
76.3
70.5
62.8
60.2
58.2
55.8
54.2
50.8
50
42.2
39.2
38.7
40.7
44
50.5
51.2
65.5
69.7
73.2
69.2
79.8
81
84
90.3
94.8
95.7
75.5
54.2
47.3
46.8
47.3
42.2
41.2
40
43
40.5
34.2
33.2
34
40.3
47.2
58.2
64.5
67.3
51.5
50.5
50
49.8
52
56
63.8
59
53.5
37.7
35.2
36
36.3
32.8
31.7
32.8
33.5
36.5
48
57.2
66.5
74.7
76.8
58.8
61
60.7
58.5
56
64.8
77.2
66
55.8
51.2
47.7
45.8
44.7
44.3
46
52.3
58.5
43.2
48
50.3
64
67.5
58.5
59.7
54.7
59.8
73.5
76.7
78.5
81.5
82.2
79.3
67.7
60.2
53.7
51
48
44.5
45.2
47.2
50
48.2
47.8
49.5
58.2
63.7
67.2
71.8
97.7
100
100
100
100
100
100
100
77.5
65.3
64
63.2
59.7
57
50.7
46.5
44.3
42.8
45.8
47.2
60.3
71.7
78.7
81.8
65.2
70
70.2
82.8
96.3
100
100
85.7
67.3
57.5
54.2
53.5
51.7
50
47.5
45.2
41.7
42.8
42.5
46.2
57.8
63
72.8
78.3
80.8
84.2
87.5
91.3
91.8
96.2
98.2
80.7
64.7
57
50.8
48.5
45.7
44.7
41.7
40.8
39.3
39.8
41
45.2
58.3
68.2
74.8
78.2
80.8
85
88.8
90.5
94
97.7
98.2
80.7
63.2
57.3
51.2
47.8
46
44.2
42.5
39.7
39
40.3
41.7
44.7
60.3
70.8
74.8
78
82.3
85.2
82.7
85.8
88.2
87.7
88.5
77.8
62
53.7
49
47.7
44.5
44.2
43.7
43.3
42
42.8
43.2
47.5
53.5
60.7
55.2
67
73.8
76.5
81.8
86.8
87.5
69.3
76.5
70.5
56.7
52.2
46.2
42.3
36.2
27.7
27.5
25.7
25.5
26.8
27.3
30.2
43.3
54.2
59.5
64.8
71.7
75.7
77.5
79
80.2
82.7
84.3
70.5
54.3
46.5
40.3
39.8
39.5
39.3
39.3
34.5
33
29
32
34.7
45.2
57.3
43
52.5
60.2
66
68.3
69.2
69.3
71.8
72
60.8
50
42.5
38.3
35.8
33.3
33.8
32.2
29.5
28.3
28
27
27
40.2
49.3
55.8
56.7
54.7
64.7
82.3
96.2
98.2
86.2
91.2
95.5
83.8
72.2
65.5
60.7
59.2
53.3
50.8
47.3
45
75
70.7
72.3
81.2
72
75.2
91
94
96.7
100
98.7
98.8
99.8
100
83.3
71.8
66.5
56.7
52.7
49
48.2
46.5
45.2
56.3
49.8
61.3
66.8
68.5
57.2
64.5
72.2
81.3
81.3
75.3
71.5
86.8
92.2
89.3
85.7
75.7
63
57.2
58.8
52.8
48
46.8
44.7
43.2
44.7
42.5
42.5
53.7
63
65.2
71.2
82.7
77.2
72.7
69.8
59.2
57.2
66.3
59.3
54.7
55.5
51.2
49.2
45.7
45
45.3
47.3
49.2
44.8
39.5
44.7
52.5
60.8
63.3
66.7
70.2
71.2
74.7
76.2
79.7
76.3
77.8
81.3
73
60.2
53.2
48
50.8
56.2
55
48.3
43.7
41
43
46.3
52.3
76.7
75.7
62.2
62.7
66.3
73.5
78.5
81
84.7
86.3
67.2
60.2
54.2
45.7
45.7
42.8
38.2
35.2
34.8
34.7
36.2
39
42.7
50.5
56.2
57.7
69.2
59.8
48.7
57.5
70.5
76.8
80.5
86.2
73.8
72
56.2
50.3
51
45.5
43.3
50.3
51
57.2
57.3
52.3
47
51.8
50.3
54.2
73.3
83.8
85.7
91.2
93.5
93.4
94.8
94
82.2
65.5
51.3
42.3
42.7
40.7
40
37.7
34.7
33.2
38.5
34.8
33.5
42.7
57
64.8
71.7
74.2
80.5
71.3
64.8
71.5
67.5
62.8
56
54
51
51
54.5
52
50.7
48.3
48.5
52.8
52.3
54.8
56.3
60.3
63.2
65.7
68.3
71.8
74.8
79
86.3
88.7
88.8
87
76.7
71.5
70
61.5
57.8
56.7
57
56.8
55.3
53.3
53.8
54.8
53.8
62.8
74.3
76.2
79.2
84.3
84.3
87.7
98.5
100
100
100
89
78.5
70
67
67
63
54.7
53.2
53.5
53.3
52
50.5
54.5
62.3
72.7
77.5
76.7
84.8
100
100
100
100
100
100
100
93.5
88.5
81.7
68.2
64.3
61.8
59.8
57.5
55.2
54
55.8
60.8
69.8
96.2
100
100
100
100
100
100
100
100
100
100
99.7
99.7
100
100
99.2
89.7
79.7
82.8
76.2
69.2
69.7
71
81.7
95.5
99.8
100
91
90.8
88.5
91.7
89.8
90.2
91.3
86.2
75.8
71.5
65.5
65.8
70.2
66.3
65.5
61.3
89.3
83.8
98.3
87.2
91
99.5
100
100
100
100
100
100
100
100
100
100
82.2
75
77.7
71.5
60.8
58.2
57
52.2
51
60
61.5
65.3
66
67.5
70
70
68.8
69.8
66.5
68.2
80.2
83.2
93.2
86
78.3
72.7
63.8
56.7
57.7
56
57.7
54.2
50.2
52
54.7
62.5
65.3
76.3
89.2
92
95.2
98.5
97.5
99.8
99.7
99.3
96.3
82.2
71
64
80.5
94.2
79.7
75.8
75
64.5
68
69
74.8
73.2
70.2
68.7
78.2
92.2
97.2
96
99.2
100
100
100
100
87
67.5
59.3
56.7
51.2
47.5
45.7
44.3
42.8
37.2
35.3
37.3
36.2
49.8
48
46.8
54.8
49.3
45
42.5
40
41.8
44.5
46.7
47
48.5
51
53.5
54.5
56.5
56.7
55.3
53.8
53.8
55.3
59.5
68.5
66
65.3
67.8
68.5
64.7
64.3
72.3
80.3
92.5
91.2
91.5
87
76.8
69
56.3
51.8
52.2
51.3
49.8
49.8
43.7
49.2
48.7
48.2
57.3
62.8
68
71.8
83.5
85.7
92.5
97.5
100
100
100
86.5
66.8
53.5
53
48.3
43.3
43.8
41.5
40.8
39.7
38.8
39.2
40.7
48.8
51.8
51.3
67
60.2
63.7
79.3
85.7
87.2
85.8
80.5
63.7
55
46.8
45.7
41.3
36.5
40.2
50.5
54.7
61.8
70
75.5
71.7
83.5
86.7
85.8
86.5
86.8
85.2
88.8
97
100
100
100
96.7
77
73
62.5
58.3
59
55.3
53.3
49.5
50
52.8
53.2
57.8
64.2
69.5
71.7
71.5
75.2
88.3
94.7
98.2
100
100
100
93
73.8
61.7
59.5
56.2
54
50.7
52.7
52.5
50.7
49.3
50.3
51.2
61.8
75.7
79.2
74.8
70.7
74.7
74.8
70.7
71.2
83
90.8
82.8
68.2
62.3
60
58.7
57
47.3
44.5
41.5
44
56.5
71.5
80.3
81.2
71.5
72.5
92.5
89.8
96
75.2
96
100
100
100
99.3
87
81.3
82.2
78.2
78.2
78.5
74.5
80.3
96
96.5
93.8
95
98.8
98.3
98.3
100
100
100
100
100
100
100
100
98.5
79
70.3
62.7
60
56
53.8
50.7
46.2
41.2
40.8
54.7
60.5
61.3
66
73.5
81.7
86
90.2
88.3
88.2
92.8
92.3
98.3
79.8
75.3
76.2
61.8
59.5
56.8
54
50.8
63.5
55
60.3
71
72.3
69.5
69.2
69.5
69.3
68
70.3
77.5
87.8
96.7
100
100
93
74.3
67.7
59.7
59
58
55.3
52
52.8
68.7
64.7
59.3
50
62.8
77.7
88
89.8
88.8
89
98.5
100
100
100
100
96.2
74.8
67
60.8
58.5
55.2
53
52.8
54.8
79.5
100
97.7
100
100
100
100
100
100
100
100
100
100
100
100
96.2
83.2
73.2
66.5
63
63.7
63
61
58.2
55.3
55.3
59.5
66.3
75
84.3
87.7
92.8
92
100
100
100
100
100
100
100
100
100
99.8
92.2
82.5
68.8
64.2
64.3
68.8
68.5
71.7
73.5
80
77.8
76.7
92.8
100
100
100
100
100
100
100
100
79.2
65.3
62.7
59
54.5
51.7
50
48
47
46.7
47.8
49.3
64.5
80.7
89.2
91.8
91.5
95
97.5
98.2
96.7
98
100
87.5
76.2
64.2
55.8
53.7
51.8
48.2
46.7
43.2
45.2
44.8
44.7
46.7
58.2
70
80.5
88.8
92.2
93
95
95.7
99.2
94.2
93.2
85.8
68.7
59.7
52.7
53
53.2
50.7
48.2
46.8
46.8
47.8
51.8
52.2
62.7
77.8
84.8
80.3
63.7
72.3
74.3
93.7
100
100
100
99
82.3
71.7
58.2
53.5
52.2
51
52
49.8
48.8
49.5
50.5
53.2
60.8
65.7
73
84.7
93.2
97
99.3
100
100
99.5
99.7
89.7
68
53.8
47
49.5
49.8
47.5
46.3
47.3
48.2
48.2
51.5
54.2
66.7
78.3
83.3
86.8
90.7
94
93.7
94.2
97
97.3
95.2
89.8
74.7
65.3
62.7
66.7
74.3
77.2
62.8
61
60.3
68
71
70.2
64.8
67.8
80
86.7
88
88.7
90.8
92.7
95.8
96
93.3
94.2
98.8
96.3
98.5
99.7
100
94.7
94.8
84.8
79.3
91.2
99.7
99.8
100
100
100
100
100
100
100
100
100
100
100
100
85.7
74.7
76.2
69
65
65.5
62.5
61.2
61.7
58
68.7
72
85.3
91.3
92.7
99.8
100
100
92.7
93.3
100
100
100
99.5
90.5
78.3
66.7
61.2
58.8
54.8
52.8
55.5
66
57.8
64.8
60
65.7
70
85.2
92
99.5
100
100
100
100
100
100
100
100
100
100
95.8
96.2
87.7
82.7
87.7
84.8
73.3
67
71.3
85.8
93.5
99.7
100
100
100
100
100
100
100
100
97
79.5
76.3
68
64.2
61.3
60.2
57.3
56
51.3
52.3
56
62.5
75.8
83.2
82.2
72.8
71.7
81.7
88.8
96.8
100
100
94.8
94.7
100
100
99
94.5
84.5
77
81.2
100
93.3
92.5
87.3
99
100
100
100
100
100
100
100
100
100
100
100
100
97.8
87
74.3
67.2
63.5
63
66.2
60.8
64.7
65.7
70.5
74.5
85
99.2
100
100
100
100
100
100
100
100
100
100
82
69.5
71.8
69.3
64.7
64.5
54.8
50.7
51.5
56.3
57.7
59.5
59.5
68.8
72
71.2
67.7
65.2
63
71.2
97.2
89
83
76.5
71
65.3
66.2
70.2
74.2
87.3
92.2
80.3
76.5
83
93.3
97.2
94
99.3
100
100
100
100
100
100
100
100
100
100
100
100
100
100
99.8
98.8
96.7
94.8
91.3
76.3
74.8
73.8
78.2
84.2
92
96.8
90.7
96.3
100
100
100
100
100
100
98.7
82.5
73.2
67.7
66
68.5
68
66.2
64.5
64.5
66
69.5
75
74.8
77.5
86.8
89.2
90.5
89.5
95.5
100
100
100
100
87.3
73.2
58
54.7
53
52.3
54.5
53.5
52.8
54.7
60.8
61.7
77
82
88.2
85.3
70
69.5
65.7
62.5
63.2
64.3
82.7
86.2
82.2
78.5
68.3
61
60.8
64.5
62.5
60.3
65.5
57.7
57.5
65.2
74.7
85.3
83.5
69.5
87.2
97.7
99.7
100
100
100
100
100
92.5
78.8
98.8
100
87.2
64.7
58
60.5
60.5
56.7
62.7
66.8
73.8
82.5
91.8
99.7
100
100
100
100
100
100
100
100
87.2
68.8
63.2
60.3
60.8
57.5
55.5
53
50.7
48.8
53.5
60
79.7
90.5
95.8
92.8
90
88.5
95.3
99
100
97
84.8
87.7
89.7
82.2
74.7
66.5
61
54.2
47.3
46.3
50.2
52.3
61.3
66.5
61.5
61
72.5
85.5
91
93.7
98.5
100
100
100
100
99
77.3
62
58
55.8
54
55
53.7
50.8
50.3
52
57
64.8
74.5
82.2
86.5
90.8
94.5
97.5
96.3
96
100
100
99.8
89.2
72.3
60
56.8
54.3
52.2
49.5
49.5
48.8
49
49.8
49.8
56.5
61.8
76.5
85.3
87.8
92
95.3
92.8
69.2
83.8
95.2
98.5
91.8
73.3
63.7
56.3
54.2
50.2
47.2
49.7
45.5
44.2
44.5
46
52.3
61.8
64.7
71.5
64.5
63.3
64.7
81.5
98.8
99.5
100
100
99.7
88.5
79.3
69
69.3
81.7
70.8
64
62.7
62
60.2
61.7
65.5
82.3
94.3
99
100
100
100
100
100
100
99
100
99.3
80.8
70.5
65.2
62.8
61.3
58.8
56.2
58.2
58
54.2
57.7
67.7
80.2
86.5
79.8
87.5
95.5
87.3
85.3
98
100
100
100
100
89.3
74.2
69.8
64.5
63.2
60.2
53.7
53.3
52.5
53
55.7
65.3
76.3
87.8
99.7
99.8
100
100
100
100
100
96.3
93.5
90.5
86.2
79
71.3
68.2
62
57.8
54
52.2
48
48.7
49.2
58.4
62.3
61.3
65.8
76.5
84.3
90.3
92.2
94.8
88.7
70
73.2
72.3
75.7
74.3
72.7
83.3
97.3
100
100
96
92.3
86.3
89.5
84.7
98.8
100
100
100
100
100
100
100
100
100
100
100
100
94.2
89
78
69.2
59
51.7
51
49.3
51.2
60.8
72.5
89.2
95.5
98.8
73
77.7
93.7
95.7
95.5
100
100
100
99.5
77.7
74.2
67.2
59
58.8
57.8
47
47
49.3
53
52
55.5
62
61.8
71
82
88.5
93.3
95.4
95.8
94.8
91
89
99.8
99.2
92.2
83.5
71
67.3
58
50.5
43.7
41.5
40.2
52
57.8
75.5
87.8
94.5
98.8
98
100
100
100
100
100
100
100
85.5
66.3
61.8
56.5
52
51.7
48
46.2
44.2
42.7
47.8
53.3
62.5
76.5
87.7
90.8
94.7
95
97.7
99.2
100
100
100
99.5
83.7
64.3
60.3
59.2
56
54.3
52.7
49.3
48.3
46.2
49.8
56
67.8
80.8
88.5
86.7
73.7
83.5
97.7
100
97
91.2
95.2
100
98.3
98.2
98.2
93.8
87.5
83.8
97.8
97.5
98.8
96.7
96.2
100
100
100
100
100
100
100
100
100
100
100
100
100
100
100
100
96.5
82
70.3
71.8
66.3
66.2
66.5
72.8
81.7
93.5
99
95.7
90.3
100
100
100
100
100
100
100
100
100
100
92.3
80.5
67.8
59.2
60.2
57
55.3
55.8
59.2
64.2
66.8
80.2
93
98.2
79.2
76.2
78.8
91.8
100
100
100
99.2
91
87.5
84.2
70
65.7
64.7
66
58.8
58.2
58.3
62.3
70.7
91.8
99.7
100
100
100
100
100
100
100
100
100
100
100
100
99.2
99.8
100
96.8
82.7
69
64.3
64.3
66.7
75.5
97.3
100
100
100
100
100
100
100
100
100
100
100
100
84.8
67.5
62.8
60.5
57.5
57
53.5
54.8
52.2
54
64.5
71.5
71.8
68.7
72
76.8
80
76.5
74.3
76.8
84.2
81.5
76.8
74.2
69.5
62.3
64.8
57.7
55.2
53.3
54.3
55.2
56.3
57.3
63.3
77.7
83.8
85.2
92.2
96
96.8
97.7
100
100
100
100
100
94.3
83.2
73.8
69.7
66.3
64
70.5
77.8
86.3
90.5
93.8
95.7
97.3
99.2
98.8
100
100
100
100
100
100
100
100
100
98.3
82
76.2
69.8
66
64.7
62.3
61.2
58.5
57.7
58.7
71.7
82
75
80.8
96
85.2
86.7
87
82.7
86.8
80.7
79.8
79.2
76.7
72.7
67.2
63.3
56.2
50.8
45.8
48.3
48.2
50.3
53.3
63.2
76.7
86.3
95.8
99.8
100
100
100
100
100
100
100
100
85.7
66.2
63.7
61.8
59.2
56.5
55.8
53.3
52.5
51.5
54.7
70.5
85.7
92.8
98.2
100
100
100
100
100
100
100
100
100
97
81
68.7
65.2
64.3
60.7
55.8
55.3
56.5
54
57.7
65
74.7
87
90.2
94.8
95.7
78.5
81.8
90.7
97.8
98.2
90.2
95.2
88.8
86.7
67
55.7
55
53.5
53.7
52.3
50.8
53.2
60.7
78.8
86
80
91.2
99
99.2
100
100
95.7
98.8
99.3
98
97.8
87.3
78
72.5
67.5
61.5
54.7
50.2
46.5
42.8
39.3
41.8
63.7
78.2
75.5
89.8
96.7
99.8
100
99.7
100
100
100
100
98
79.2
55
46.5
41.2
41.2
33.8
40.7
38.5
39
42.2
49
57.5
63.2
66.5
67.3
76.3
73.7
73
77.2
90.5
100
100
100
100
100
99.3
96.3
96
92.8
92.3
85
74.5
70.5
67.2
72
74.3
80.8
97
100
100
100
100
100
100
100
100
100
100
100
94.8
83
68.3
71.4
72
73.2
72
70.8
73.3
74.7
82.5
93.3
80.3
68.7
70.8
83
92.2
97.2
99.2
99.8
100
100
97
89
75.8
75.2
72.3
75.3
69
64.3
59.5
57.7
60
67.7
71.3
78.5
89.3
91.2
92.3
96.7
99.8
98.3
97.2
99.3
100
100
99.5
89.7
76
65
61.3
58.2
54.3
55.7
53
50.5
47.8
50.3
63.2
64.7
67.8
72.8
73
68.2
67.3
66.3
67
73.3
87.8
97.5
96.2
88.2
78.2
67.7
59.3
56.5
54.8
53.8
53.3
52.7
56.5
61.7
67
66.8
67.8
69.5
71.2
68.3
66.2
65.7
77.7
89.8
92.7
91.7
93.5
85
67
62.2
56.7
55.3
55.7
54.8
54.3
52.8
52.7
57
73.3
84.2
79
73.2
84
89
93.5
99
100
100
100
100
100
92.5
77.8
75.2
65.5
60.8
56.7
56.2
56.7
56.3
64.7
76.3
82.8
85.8
84.7
84
99.8
99.7
100
100
92.8
92.2
97.3
99.8
100
98
88
80.5
70.8
68.2
65.5
64.8
62.7
56.8
56.8
61.7
68.5
70.8
80.3
96.8
97.7
99.8
86.3
91.5
100
100
100
100
100
97.7
81.2
73.3
70.5
68
65.2
59.3
58.3
57.3
59.3
67.3
76
80.3
77.8
77.2
83
89.3
83.2
87.5
99.8
100
100
100
100
100
82
61.7
55.8
54.8
57.2
55.5
56.2
52.3
52.3
56.2
62
77.8
78.3
81.7
95.8
100
100
100
100
100
100
100
100
100
80.8
69.5
67.5
62.7
57.3
55.6
52.7
50.2
51.7
58.3
66.7
67
68.2
67.3
70.2
70
71.8
90.5
99.5
100
100
100
100
99.8
77.3
62.2
57.7
54.7
52
48.8
49.8
49.2
48.5
53.8
69.5
69
80.2
92.5
100
99
74.5
85.8
98.8
100
100
100
100
96.2
73.3
64
56.2
54.5
53.2
56.2
55
53.5
55
60.3
63.7
68.7
71.3
71
68.2
70.7
74.3
72.5
69.8
82.7
77.3
87.3
87.8
86.5
80.5
71.5
64.8
59.3
57.8
55.5
54.8
52.8
53.3
57.3
66.7
69.2
75.7
73.2
74.3
67.5
68.7
69.2
69
69.5
70.8
88
95.5
86.8
68.8
61.5
60.2
56.5
56.2
54.8
54.8
56.8
59.7
61.3
65.2
70.5
70.3
65.2
66
66
65.3
64.7
69.2
79.3
82
69
69.7
72.2
63.5
60.5
57.8
57.5
60.2
59
57
58.5
62.3
64.7
67.7
76.3
82.3
87.3
88.2
88.5
92.3
92.8
94.3
93.8
94.2
95.8
99.3
90.3
76.5
74.7
72
70.3
61
59
63.8
78.5
90.5
92.7
95.3
95.5
98
99.3
99.7
100
100
100
100
100
100
100
100
100
100
100
98.8
86.8
80.5
71.7
70.8
78.2
74.7
79.3
86.5
89.7
93.7
99.3
100
97.8
100
100
100
100
100
100
100
100
96.8
76.7
72.5
71.8
65.5
66.3
65
63.8
66.5
69.3
80.8
86.3
87.3
88.7
92.8
92
99.3
100
100
100
100
100
100
100
88
66.8
62.5
58.8
56.5
55.8
47.8
41
37.2
41.2
42.3
43.5
36.5
22.3
27.7
40.3
70.7
82.7
86.7
90.2
83.5
79.2
87.5
81
61.8
48.3
45.7
43.8
37.7
35.2
35.5
36.2
37
43.7
52
53.7
58.7
73
81.7
85.5
74.2
56
70.2
80.3
89.7
93
93.5
83.5
59.3
49.2
46.7
44.2
43.2
43.5
44.7
44.8
50
54.3
69.3
75
77.3
83.7
88
85
86.2
88.8
91.7
91.8
93
93.5
98.7
89.8
70.8
63
54.7
48.8
43
40.3
39.8
38.3
40.2
50.5
54.2
57.8
63.8
71.2
74.5
76.5
77.7
84
96.2
100
100
100
100
100
92.8
77.7
69.5
63.7
61.2
56
54.2
54.5
56.7
63.3
71.7
86.2
96.3
100
100
100
100
100
100
100
100
100
100
100
88.5
66.5
66.3
62.2
57.7
54.5
56
58
59.7
65.8
69.7
69
70.3
69.8
70.2
73.7
85.5
98.5
100
100
100
100
100
100
89.3
66.8
56.5
52.2
48.8
49
48.2
46.5
49.3
58.7
75.5
86.5
95.7
98
100
100
100
100
100
100
100
100
100
100
93.7
69.2
61.7
58
56.2
55
53.5
51.5
54.3
66.5
83.5
94.2
99.3
100
100
100
97.5
100
100
100
100
100
100
100
99
78.2
69.8
65.8
61.8
60.8
59
61
63.5
70.7
77
86.3
91.2
95.2
96.8
99.3
100
100
100
100
100
100
100
100
100
99.7
95.8
93.2
92.7
94.2
96.3
91.5
86.8
87.5
95
100
100
100
100
100
100
100
100
100
100
100
100
100
100
84
72.2
66.2
58.7
56.7
57
56.8
58.5
62.7
73.8
77.5
83.5
89.3
92.8
94.8
96.8
89
74.5
83
91.5
96.5
99.8
96.8
78
74
69
64.5
58.8
56
58.8
56.2
57.7
69.3
79.8
77.2
86.8
85.5
77.8
84.2
80
85.3
91.3
93.8
92.8
89.7
92.2
87
64.5
61.2
56.5
53.2
53.2
52
49.3
51.2
53.3
65.8
82.3
92.3
93.3
98.5
100
100
78
75.8
85.2
78.2
77.5
91.5
99.3
99.3
77.5
64.7
61.8
57.5
51.8
50.3
50.2
50
52.5
64.2
78.8
79.7
79.3
77.3
72.5
70.5
81.2
76
70
72.2
81
83.3
98
95
73.8
64.8
62
55.7
53.5
50.7
48
46.2
48.5
62.3
75
84.7
92.2
97.7
99.8
100
100
100
100
100
100
99.5
100
97.7
85.3
77.5
68
69.2
68.3
69.3
81.3
85.3
82.8
84.5
77.5
68.5
71.5
78.3
75.7
78.3
76.2
78.8
82.5
93
98.5
100
100
100
100
100
100
98.2
99.3
100
99.5
99.3
100
100
100
100
100
100
100
100
100
100
100
100
100
100
100
100
100
100
94.2
95
94.2
96.2
100
100
100
100
100
100
100
100
100
100
100
100
97.8
100
100
100
100
100
100
93.2
84.5
79.3
81.8
81.2
77.3
80
81.2
94.5
100
100
99.7
94.2
92.8
94.7
99.2
91.2
90.8
100
94.6
98.7
96.5
95.8
91.7
92.2
90
84.2
79
76.8
76.8
89.8
94.2
99
100
100
99.8
92.8
93.5
98.8
100
100
100
100
100
100
100
100
100
100
96.7
88.7
83.7
79.2
77.3
76.5
81.3
94.8
96.3
99.7
100
97.2
90.3
91
88.5
87.3
88.8
82.2
90.2
84.8
82.5
82.2
84.7
96.8
99.2
98.5
100
98.7
100
100
100
100
100
100
100
100
100
98.3
95.5
93.3
97.7
100
100
100
100
100
100
99.5
94.8
88.5
81
80.8
84
87.2
91
96.2
100
100
100
100
100
100
100
99.3
99.8
100
100
100
100
100
100
84
76
74.5
69.5
71.8
75
79.8
86.7
92.7
98.2
100
100
99.5
100
100
100
100
100
100
100
100
100
100
100
98.8
94.3
84.7
74.5
67.2
64.3
67
72.5
79.7
90
93.2
74.8
84
93.7
99.3
100
100
100
100
100
100
100
100
100
95.5
76.2
68.7
65.5
61.2
61.8
61.8
65.3
75
78.7
86
95.2
100
100
100
100
100
100
98.8
97.8
100
100
100
95.5
77.2
70.5
62.5
62
60.5
61.5
66.7
73.5
89.3
99.8
100
100
100
100
100
100
100
100
100
100
100
100
100
99.5
89.7
77.7
72.8
71.8
71.5
70.8
71
76.2
89.2
98.3
100
100
100
100
100
100
100
100
100
100
100
100
100
100
95.8
88
86.3
86
81.2
73.8
70
75.7
89.5
94
99.5
100
100
100
100
96.2
98.2
98.2
99.3
99.8
100
100
100
95.5
81
72.7
70.8
72.2
71.2
66.8
66.5
70.7
81.2
87.5
98
98.2
100
100
99.7
99.7
99.8
77.3
61.8
48.2
63.2
43.3
39.5
40.5
41.5
35.7
26.5
21
19.8
19.2
17.7
17.7
19.7
23.7
36
47
48.8
49.3
54
58
54
49.7
49.3
57.8
72.7
85.2
81.5
55.3
43.5
45
41.7
38
33
32
30.5
34.2
36.5
51.8
71.3
72
73.8
74.3
78
79.8
84.5
91.8
95.8
96.3
99.7
99
99.2
76.3
54.8
50.8
45.2
40.5
35.5
33.7
33
43.3
68.5
78.5
85.8
93
94.8
58
74.3
79.7
80.8
82.2
82
80.5
81.2
80.5
79
73.7
72.8
70
67.3
68
64
62.3
61.3
63.8
76.3
85.3
89.5
90.8
92
86.7
73.2
80.3
88.7
94.3
95.8
93.2
95.3
100
100
86.7
65.7
60.2
59.3
57.8
53
51.7
53.3
59
76.5
90
90.8
96.5
97.5
98.2
97.2
92.3
95.2
91
71.7
77.2
79.3
74.2
74.7
76.3
70.3
69
67.8
67.8
65.5
65.8
67.7
71.2
78.3
87.3
97.3
100
100
100
100
100
100
100
100
100
100
100
100
100
96
73.2
65
62.3
59.7
57.7
57
64
82
90.8
98.5
100
100
100
100
100
100
100
100
100
100
100
100
100
100
82.5
69.7
68.7
65.7
62.5
62
71.7
89.7
98.5
100
100
100
100
100
100
100
100
100
100
100
100
100
100
100
86.2
68
63.5
62.5
61.8
63.2
70.7
89.3
97.5
100
100
100
100
100
100
100
100
100
100
100
100
100
100
100
85
68.8
63
57.8
56.7
57.2
67.2
87.7
97.8
100
100
100
100
100
100
100
100
100
100
100
100
100
100
100
78.2
65.8
61.7
59.7
54.5
55.7
67.8
89.8
99.7
100
100
100
100
100
100
100
100
100
100
100
100
100
100
100
80.7
62.5
57.2
53.7
55.3
60
65.8
84.7
96.7
100
100
100
100
100
100
100
100
100
100
100
100
100
100
96.3
76.8
76.3
80.5
84.8
98
100
100
100
100
100
98.5
75
79
72.5
71.8
71.7
71.8
74.3
72.8
71
75.3
79
74.8
72.8
68.5
66.7
65.2
66.5
68.2
70.5
72.7
71.7
76
73.3
76
70
70.2
76.2
81
87
93.7
99.8
100
98.3
95.8
94.3
99.7
100
98
83
83.7
91
96.5
97.7
95.3
99.8
100
99.7
100
100
97.3
90
99.7
100
100
100
100
100
100
100
100
100
100
99.3
95.3
92.5
94.2
97.8
99.7
100
100
100
100
100
100
100
100
100
100
100
100
100
100
100
100
100
100
100
100
100
100
100
100
100
100
100
100
100
100
100
100
100
100
100
100
100
100
100
100
100
100
100
99.2
95.2
89
90
98.5
99.8
100
100
100
100
100
100
99.8
94.8
100
100
100
100
100
100
100
100
100
100
99.8
96
96.3
97.2
99
99.5
99.3
96.2
94.3
93.8
89.2
89
99.8
100
100
100
93.2
84.5
84.7
83.5
85.5
82.5
87.2
99.7
99.5
99.7
87.2
84
91.2
92.7
98.7
100
100
100
100
100
100
100
100
100
100
100
100
100
96.7
89.5
78.7
74.3
72.7
72.2
72.5
73.5
76.3
75.8
74
70.3
72.8
79.8
79.8
83.8
81.2
65.8
63
66.7
69
71.3
71
67.8
67.5
82.7
72.5
69.2
71
72.5
77.3
81
81.2
76.7
85
94.8
100
100
99
99.3
100
100
100
100
100
100
100
100
100
98.7
93.3
94
90.2
86
82.3
80.3
90
99.3
100
100
100
100
100
100
100
100
100
100
100
100
100
100
100
93.7
82
82.5
82.5
81.8
82.5
87.3
94.8
99.7
100
100
100
99.3
91
89.8
92
90.8
89
88
85.8
88
88.3
82.2
80.8
83.7
79.3
80
85.3
81.7
79.8
91.2
96
97
99.8
100
100
100
97.2
89.8
89.8
82.2
78.7
80.8
81.2
86.7
97.2
99.3
79.3
77.5
70.2
63.3
64.7
63.8
64.8
68.3
70.5
68
70.7
68.2
70.2
71.5
75.3
89.5
75.5
80.7
94.5
73.2
74
67.7
77.7
72.8
74
71.7
73.3
94.7
97.7
95.5
90
90.5
94.5
96.3
98.5
94.3
81.5
84.5
98.5
100
100
100
100
100
100
100
100
99.8
89.2
85.3
79.7
73.2
70.7
66
64.3
63.3
76.5
97.7
100
100
100
100
100
100
100
100
100
100
100
100
100
100
100
99.7
73.8
73.3
75
69.8
70.8
74.7
85.2
97.3
100
100
100
100
100
100
100
100
100
100
100
100
100
100
100
100
100
91
72.7
68.5
64.3
69.5
80.7
98.8
100
100
100
100
100
100
100
100
100
100
100
100
100
100
100
100
100
86.5
74.5
72.3
71.3
76.8
85
96.8
100
100
99.7
99.7
100
100
100
100
100
100
100
100
100
100
100
100
98
73.8
69.2
67.8
71.3
72.3
85.3
99
100
100
100
100
100
100
100
100
100
100
100
100
100
100
100
100
100
100
99.5
86.2
80.3
78
91
98.7
100
100
100
100
100
100
100
100
100
100
100
100
100
100
100
100
100
86.7
75
71.7
72.2
83.8
96.3
100
100
100
100
100
100
100
100
100
100
100
100
100
100
100
100
100
100
100
97.8
95.5
96.5
98.7
100
98.5
84.7
77.8
72.3
80
88.7
88.8
99.3
100
100
100
100
100
100
100
100
100
100
100
100
100
100
100
100
100
100
100
100
100
100
100
100
100
100
100
100
100
100
100
100
100
100
100
100
100
100
100
100
100
100
100
100
100
100
100
100
100
100
100
100
100
100
100
100
100
100
100
100
100
100
100
100
100
100
100
100
100
100
100
100
100
100
100
100
100
100
100
100
100
100
100
93.5
88.7
89.5
98.2
100
100
100
100
100
100
100
100
100
100
100
100
100
100
100
100
100
100
100
100
100
100
100
100
100
100
100
100
100
98.2
94.8
87.8
92
92
89.7
89.3
89.3
93.3
92.7
98.7
94
100
99.3
87.3
86.5
88.2
91
88.3
81.5
98.5
98.5
88.8
83.5
99.2
100
100
100
100
100
100
100
100
100
100
100
100
100
100
100
100
100
100
100
100
100
100
100
100
100
100
100
100
100
100
100
100
100
100
100
100
100
98.5
97.5
95.2
92.7
92.5
95.2
95.8
97.3
97.8
98.5
97
98.7
100
100
100
100
100
100
100
100
100
100
100
100
100
100
100
100
100
100
100
100
100
100
100
100
100
100
100
100
100
100
100
100
100
100
100
100
100
100
100
100
100
100
100
100
100
100
100
100
100
100
100
100
100
100
100
100
100
100
100
100
100
97.7
86.3
85.3
81.2
85.7
99.7
100
100
100
100
100
100
100
100
100
100
95.3
92.5
86.3
85.7
96.3
100
100
97.3
83.5
83
82
80.3
81.8
85.2
85.3
80.3
75.2
74.3
82.7
95.3
100
100
100
100
100
100
100
100
100
100
100
85.2
77.7
78
87.5
95.8
99.7
100
100
100
99.3
91.5
95.8
92.7
89
97.7
98.7
96
82.3
77
77.5
81.5
77.7
76.5
74.5
65.3
64.7
63.7
63.8
66.2
75.2
83.3
87
96.8
100
99.8
100
100
100
100
100
100
100
100
100
100
100
100
100
69.7
63.3
62.5
64.5
74.8
85.7
91.5
93
94.8
96.7
96.2
95.2
72.3
64.3
72.3
92.3
99
100
100
100
100
100
100
68.7
60.8
59.3
56.3
57.2
61.5
71.2
81.2
93
99.3
100
100
100
100
100
100
100
100
100
100
100
100
100
100
94.5
61.3
55.8
60.2
63.5
70.7
77.8
83.2
88.5
91.7
94
96.3
98
90.8
86.5
89.7
93.5
97
96
90.8
94.7
90.3
91.8
92.7
89.3
89
90.5
97
97.7
99.5
100
100
100
100
100
100
100
100
100
100
100
100
100
100
100
100
100
100
100
100
100
100
100
100
100
100
100
100
100
100
100
100
100
100
100
100
100
100
100
100
100
100
100
100
100
100
100
100
100
100
100
100
100
100
100
100
100
100
100
100
100
100
100
100
100
100
100
100
100
88.7
99.7
100
100
100
100
100
100
100
100
100
100
100
100
100
100
100
100
100
100
100
100
100
93.8
86.8
89.2
95.3
100
100
100
100
100
100
100
100
100
100
100
100
100
100
100
100
100
100
100
100
97.5
91.2
95.5
99.2
100
100
100
100
100
100
100
100
100
100
100
100
100
100
100
100
100
100
100
100
99.8
85.2
88.7
97.7
100
100
100
100
100
100
100
100
100
100
100
100
100
100
100
100
100
100
100
100
95.2
93
88.7
87.2
92.7
100
100
100
100
100
100
100
100
100
100
100
100
100
100
100
100
100
100
84.2
76.3
79.2
80.7
82.7
93.2
99.8
100
100
100
100
100
100
100
99.3
99
99.8
100
100
100
100
100
100
96.5
90.2
91.3
95
96
97
99.7
100
100
100
100
100
100
100
100
100
100
100
100
100
100
100
100
100
100
100
100
100
100
100
100
100
100
100
100
100
100
100
100
100
100
100
100
100
100
100
100
100
100
100
100
100
100
100
100
100
100
100
100
100
100
100
100
100
100
100
100
100
100
100
100
100
100
96.8
91.5
85.8
91.5
94.8
98
100
100
100
100
100
100
100
100
100
100
100
100
100
100
100
100
100
100
100
100
92.8
81.7
52.3
62.3
81.8
85.5
90.8
91.3
90.3
89.3
93.5
97.2
99.2
100
99.7
100
99.5
94
97
100
100
99.3
100
99.8
100
100
100
100
100
100
100
100
100
100
100
100
100
100
100
100
100
100
100
100
100
100
100
100
100
100
100
100
100
100
100
100
100
100
100
98.2
73.7
63.5
81.2
94
98.3
100
100
100
88.2
69.2
65.3
54.7
46.8
38.2
27.7
33.5
32.2
59
77.2
83.8
82.5
80.5
82
86
81.5
69.7
79.8
89.7
95.7
96
97.8
99.8
94
57.5
56.3
54.5
53.8
52.3
53.8
60.8
67.2
64.8
64.8
64.5
64
64.7
65.3