91
125
157
163
166
167
130
164
170
171
171
173
178
182
183
181
178
183
138
183
189
188
193
200
200
75
187
200
135
180
201
96
135
156
132
149
217
220
192
104
169
220
146
217
224
207
224
181
114
237
243
245
244
251
250
255
228
218
242
274
399
48
297
327
302
308
148
12
124
130
126
131
69
124
133
133
136
127
131
132
131
129
131
122
133
131
130
128
81
89
126
109
96
120
91
24
94
105
47
121
126
110
97
124
133
132
133
135
135
108
138
140
144
146
151
114
154
146
143
153
147
156
162
163
169
163
170
171
172
172
170
159
130
181
171
151
193
198
192
151
171
188
198
200
193
189
189
198
49
187
215
204
103
194
101
171
169
205
209
189
223
203
172
233
212
240
234
222
92
44
159
235
234
238
193
158
197
249
174
250
223
225
149
237
179
251
266
269
197
272
279
268
191
212
235
95
203
199
267
268
272
242
237
279
253
201
202
288
296
287
196
238
280
258
256
287
295
300
306
296
305
302
303
285
254
302
307
306
307
313
307
299
205
193
289
176
204
304
260
285
296
288
317
282
315
288
321
309
306
302
295
299
291
286
312
312
310
316
314
325
314
314
314
315
318
287
266
288
298
307
302
229
116
233
239
219
316
315
314
317
284
317
277
273
247
318
322
324
155
278
182
324
314
291
317
285
295
263
331
320
318
322
326
288
301
228
330
319
310
321
324
319
323
298
241
318
315
296
320
318
315
290
292
202
209
309
314
285
243
302
274
302
305
307
273
255
193
279
285
287
287
226
253
119
106
280
269
265
186
158
238
207
227
203
183
126
188
222
140
218
210
115
123
211
60
234
203
196
229
221
242
242
81
228
165
213
198
212
197
48
48
169
135
131
136
199
171
170
185
207
198
180
164
188
187
103
185
174
163
155
130
142
149
101
141
156
104
134
135
132
114
151
100
135
141
78
132
110
143
134
110
143
140
137
142
141
124
101
144
141
137
138
120
138
139
139
137
136
136
133
130
129
84
33
110
116
77
84
122
101
125
128
122
52
105
60
132
130
132
132
134
104
138
138
141
141
85
138
139
141
91
98
85
103
123
119
140
89
135
63
121
131
138
138
137
137
142
128
148
154
156
156
160
164
98
117
161
168
170
170
162
169
169
152
145
153
188
88
188
189
193
190
188
192
183
191
182
167
188
191
203
209
219
204
220
220
209
219
218
213
209
197
224
229
224
203
211
219
234
234
177
232
205
208
240
223
119
147
240
248
256
212
230
200
210
262
260
263
265
267
269
271
277
254
256
262
265
267
279
268
276
278
287
295
287
250
257
253
283
285
289
289
297
296
295
295
292
301
306
309
291
245
223
298
304
306
290
250
277
291
292
296
316
312
293
296
307
310
297
232
136
182
287
299
306
306
265
301
300
298
303
307
309
314
311
316
313
312
310
226
311
312
217
131
296
201
275
307
313
316
292
241
264
151
235
315
318
283
311
316
316
287
80
198
251
318
233
307
297
203
177
235
312
313
287
313
280
250
306
290
324
323
276
330
282
318
323
289
221
240
322
271
147
290
271
311
299
233
241
296
305
301
310
307
304
305
244
245
143
232
267
270
284
197
163
104
221
273
278
277
278
269
249
260
209
166
153
242
267
264
262
258
262
134
198
210
192
207
173
212
237
242
245
243
159
113
128
155
222
130
236
208
208
134
185
94
190
228
225
222
83
186
212
193
209
208
208
203
198
180
191
186
136
171
173
101
147
103
140
170
168
164
163
165
163
158
157
156
137
155
151
150
95
154
161
129
152
157
152
157
158
113
55
82
95
97
105
100
25
167
101
125
140
141
140
125
112
139
111
132
133
126
116
130
134
109
73
120
132
135
135
136
137
134
134
132
101
92
94
113
103
111
142
130
142
132
128
144
142
50
129
70
134
88
144
144
129
80
126
136
145
129
139
119
93
152
157
111
153
149
149
159
155
154
167
165
159
165
161
182
180
177
85
144
146
180
182
163
189
190
184
190
119
154
195
200
203
204
203
208
208
216
205
169
209
210
207
196
213
212
205
224
224
160
229
232
217
210
250
246
246
255
263
251
206
241
237
105
223
253
265
252
261
243
196
178
232
271
183
174
243
201
216
287
283
306
297
297
293
267
288
288
281
286
285
268
272
213
214
296
300
295
306
313
306
312
308
313
311
291
300
297
298
304
306
309
297
307
311
304
299
302
303
303
304
314
316
316
290
243
297
313
315
316
306
299
312
312
135
170
318
321
318
317
318
305
321
320
324
321
320
298
127
319
319
327
320
321
323
323
319
322
270
316
329
317
316
315
316
320
317
320
317
260
317
318
320
324
327
324
333
299
318
326
323
258
325
326
322
318
314
315
275
301
242
275
308
305
222
311
311
298
261
134
294
279
182
295
181
217
290
262
295
303
307
301
298
218
285
295
239
198
67
214
180
199
182
168
260
208
177
146
221
179
95
256
256
254
244
237
184
218
242
235
235
236
237
227
232
153
102
197
216
219
215
208
211
210
211
203
210
212
202
183
197
174
191
38
166
91
137
188
189
189
186
183
180
173
172
176
170
176
175
167
116
158
160
150
157
102
154
153
150
147
151
130
96
141
131
135
122
138
145
147
141
141
140
144
78
139
128
142
141
138
137
116
133
129
132
137
126
139
135
119
137
137
133
131
136
136
124
137
138
124
121
131
119
143
143
143
142
141
141
142
143
141
137
136
131
142
145
104
100
120
56
120
101
105
93
108
127
93
140
148
115
77
168
168
154
168
169
161
104
176
178
180
87
186
120
188
71
108
57
83
191
189
87
174
179
180
89
204
190
201
180
199
208
189
123
216
204
206
90
197
195
226
228
229
145
177
194
185
173
195
217
228
237
230
237
218
201
246
234
244
244
202
169
237
251
264
193
206
89
228
263
256
258
245
262
281
270
251
251
276
251
299
299
284
302
298
288
293
295
304
292
274
302
240
289
294
301
292
51
278
279
302
274
196
213
281
305
283
274
290
290
291
296
292
291
245
266
251
267
291
296
222
200
306
262
286
279
305
302
286
287
295
288
273
288
282
209
305
310
312
309
307
298
308
290
205
307
311
311
312
308
303
297
315
317
313
230
177
313
316
318
319
317
314
253
311
315
318
280
284
237
153
264
206
234
307
214
221
187
224
249
133
321
324
322
313
307
220
243
196
199
75
304
295
206
307
216
247
241
107
284
292
126
181
172
247
217
203
291
286
298
300
299
293
141
271
167
282
125
231
201
251
253
236
235
231
231
262
194
214
216
261
258
255
229
254
252
246
203
244
196
238
143
86
209
218
240
223
225
228
169
156
117
163
228
177
207
221
115
221
129
211
146
152
210
174
199
197
195
194
145
173
198
179
192
189
163
173
67
99
81
107
132
174
66
160
152
134
137
165
165
47
57
160
160
160
159
155
107
37
145
148
83
75
87
150
133
79
144
135
52
103
143
143
144
144
144
109
117
140
138
135
141
139
136
134
140
134
139
136
136
111
78
135
134
135
68
37
140
141
144
141
144
141
139
143
146
82
52
106
110
141
120
128
119
139
103
143
141
140
145
149
140
153
157
159
160
165
165
158
99
158
123
165
135
147
148
178
179
181
173
179
186
181
183
187
186
186
190
192
184
143
133
60
175
208
96
196
136
98
118
113
201
182
193
204
207
205
201
214
216
217
217
106
187
196
225
225
222
237
251
253
258
221
246
124
239
252
255
268
269
277
260
239
258
276
268
274
255
275
278
254
258
227
216
245
224
200
245
239
216
255
277
279
281
290
298
277
282
293
302
265
263
199
184
206
234
274
111
279
299
306
306
302
309
303
289
287
280
292
306
297
293
297
275
283
305
301
311
263
296
291
312
308
312
288
248
304
287
202
313
320
318
308
279
259
283
187
286
315
304
311
305
273
279
267
305
276
214
313
267
249
270
284
222
310
309
298
287
291
275
301
310
228
301
153
171
179
177
310
259
275
272
233
299
253
281
305
328
304
327
280
288
312
323
318
325
275
207
315
269
321
252
191
216
288
293
278
171
207
252
143
286
242
233
257
254
233
279
260
238
266
235
245
272
272
262
269
272
277
257
253
231
262
275
277
264
272
254
263
159
253
190
251
200
202
140
150
218
239
152
228
237
220
230
228
229
221
224
179
112
202
208
209
170
130
157
111
150
99
137
88
104
197
203
195
195
167
160
169
105
87
171
185
190
189
179
175
175
173
153
74
172
169
166
118
124
154
161
106
154
69
142
44
146
148
146
146
87
142
146
139
142
141
103
138
135
136
141
132
131
139
141
137
139
137
138
67
122
137
124
138
138
136
99
134
97
48
92
136
141
129
133
136
136
133
134
103
130
108
60
45
125
65
126
142
45
110
149
141
84
40
136
147
148
155
157
155
155
161
121
163
161
107
173
167
81
131
162
63
97
163
124
167
160
86
150
118
67
79
103
181
187
187
180
192
100
122
179
174
203
167
209
197
211
209
196
155
201
127
160
210
209
212
207
219
215
223
184
234
237
241
229
194
248
133
220
253
253
263
161
265
261
257
252
260
257
246
240
241
127
99
123
124
266
268
250
210
152
74
250
276
235
258
268
262
279
282
267
252
186
268
269
301
313
304
306
296
306
311
315
205
301
297
294
294
270
290
235
278
259
214
271
292
274
275
267
238
276
289
279
185
247
279
278
273
280
299
302
234
270
294
311
297
294
265
302
304
304
297
260
285
290
288
305
298
294
303
308
297
172
302
294
301
306
291
295
299
288
283
297
301
314
316
309
304
303
303
304
313
277
313
306
313
310
304
319
300
299
206
170
258
307
323
309
249
309
66
251
120
297
226
192
163
210
299
303
303
306
214
311
309
305
306
306
306
251
270
144
298
259
294
303
284
299
305
286
260
242
288
283
294
88
220
261
243
283
235
266
273
266
253
254
262
158
118
126
168
190
234
242
218
238
230
230
240
230
237
232
232
223
228
225
171
180
201
219
223
210
193
106
206
205
202
204
134
192
157
138
170
192
142
107
170
164
168
133
168
163
166
164
161
58
151
154
154
154
158
157
115
127
165
160
101
146
154
154
148
147
144
135
139
149
142
145
142
142
126
127
136
82
137
133
61
125
124
130
125
126
125
126
118
66
95
129
123
132
127
87
82
131
133
119
123
130
129
138
135
124
112
93
128
103
131
136
143
145
56
141
149
101
151
154
158
159
163
160
63
162
164
164
157
154
157
157
159
159
159
162
167
170
173
176
177
176
178
179
71
48
176
184
190
175
146
149
165
183
104
147
214
170
128
189
93
206
204
224
166
103
222
229
239
178
194
222
206
203
229
403
235
250
250
108
47
179
180
125
98
175
58
162
139
33
106
44
138
115
158
145
150
162
165
160
162
161
146
158
170
150
161
155
155
139
116
130
157
155
154
153
135
152
85
72
85
141
134
161
167
155
142
141
162
146
115
108
80
92
58
14
130
167
114
78
150
131
82
158
171
175
156
59
64
154
169
167
171
190
59
188
188
200
144
133
193
126
152
200
188
66
158
165
202
199
210
209
214
212
219
213
172
199
225
225
212
224
169
166
222
206
212
239
205
237
221
213
217
241
242
166
172
220
187
231
265
269
231
71
155
188
222
196
252
213
238
263
280
283
297
296
294
287
281
289
259
260
284
279
284
258
202
157
279
227
257
293
297
309
287
292
271
271
302
316
261
319
325
321
319
305
296
306
309
300
288
309
334
330
333
342
339
343
330
332
337
323
331
310
334
338
332
320
316
319
318
329
324
325
324
280
260
321
325
340
345
333
340
339
337
310
326
331
327
321
324
331
298
337
322
340
304
161
219
294
238
340
305
322
316
311
326
327
332
342
290
188
330
333
355
342
336
340
343
343
334
337
338
330
328
242
235
283
295
349
343
279
181
314
246
314
347
334
333
327
267
125
307
356
343
243
335
357
361
357
355
361
356
347
350
353
180
322
227
304
308
326
339
326
229
315
289
277
338
330
329
333
329
319
290
122
227
275
313
184
72
308
307
312
292
290
269
280
72
291
215
234
270
285
254
232
255
85
110
183
127
248
264
264
254
169
241
248
251
252
243
239
196
234
209
238
238
232
145
61
43
203
214
220
219
211
165
206
209
193
206
200
196
190
105
189
145
125
46
160
260
182
178
183
115
213
159
159
153
153
152
156
150
163
161
125
154
134
145
151
147
154
153
133
146
149
123
43
139
140
68
138
101
129
159
156
140
94
153
112
149
157
158
137
148
149
161
156
164
147
99
75
160
168
171
168
161
175
173
175
178
182
185
180
181
178
176
190
192
180
156
202
205
207
180
196
191
194
180
162
207
194
162
227
220
221
200
210
229
227
234
227
207
98
226
234
245
255
195
244
211
185
171
247
220
216
237
250
254
168
226
62
275
289
261
188
209
140
140
212
250
116
214
230
293
295
230
201
134
255
316
311
312
311
313
305
304
248
217
171
315
306
278
120
289
229
238
303
320
208
330
323
317
309
212
280
306
316
317
306
329
224
272
250
279
324
315
336
327
329
326
328
324
327
316
329
326
320
340
341
317
315
330
323
315
171
300
319
306
270
321
323
318
327
330
319
305
311
332
325
261
327
325
302
323
327
330
331
316
324
325
324
321
316
321
329
337
327
345
331
256
272
328
344
339
336
270
318
340
313
192
318
343
340
333
335
347
306
347
179
274
210
224
245
279
308
339
350
331
323
337
340
323
332
222
275
317
346
346
179
343
349
345
337
342
331
303
316
326
328
298
314
320
321
299
278
319
326
322
327
307
324
121
258
214
320
254
249
303
251
265
187
292
298
301
130
264
284
231
262
232
205
128
235
260
125
216
273
227
257
242
259
184
173
96
168
114
239
137
78
214
242
234
196
201
203
135
79
76
146
212
211
213
206
203
203
191
212
188
184
191
184
187
192
197
201
195
194
193
186
153
178
131
181
179
122
165
168
74
159
157
165
165
163
159
162
164
165
130
162
159
156
153
150
153
152
134
154
154
159
153
152
137
69
150
154
153
148
133
156
155
146
152
141
151
145
155
100
155
135
99
133
157
160
163
163
149
78
129
166
170
23
105
126
107
156
153
149
172
153
115
107
149
169
171
188
166
88
176
121
28
117
111
170
128
178
127
137
68
67
106
187
123
135
173
209
210
219
207
204
183
144
170
219
229
192
217
146
228
200
206
243
247
240
232
83
254
257
256
167
246
232
122
212
263
107
188
271
266
230
254
247
268
270
275
288
438
79
0
0
0
0
0
0
0
0
0
0

