6.74
4.5
3.88
5.55
3.02
2.86
5.48
2.86
4.1
5.55
7.3
8.72
7.88
8.54
8.85
8.83
11.83
11.72
11.74
10.32
9.7
7.14
4.69
3.96
12.2
14.91
10.26
9.55
11.61
12.08
13.24
15.44
16.06
10.82
16.28
11.76
9.38
9.38
11.17
14.3
12.2
12.4
15.28
12.65
13.91
16.7
14.61
18.92
15.64
15.41
13.92
11.42
14.4
15.16
15.1
17.26
17.11
15.47
15.85
13.73
18.56
16.09
16.15
11.97
11.5
12.28
20.52
2.4
2.28
3.76
2.87
4.08
6.63
2.28
2.36
2.43
2.04
3.6
5.33
4.85
5.25
3.87
4.13
4.9
6.22
4.19
5.67
8.96
11.36
10.72
9.36
11.51
10.57
6.62
12.73
13.66
7.69
6.56
4.85
6.12
9.23
10.43
3.32
2.93
2.19
6.03
7.49
6.13
7.09
6.88
5.97
5.7
4.19
4.12
8.45
11.6
4.64
7.62
8.67
8.42
9.71
7.96
7.16
6.58
8.04
10.11
9.06
9.31
9.06
10.37
9.96
16.63
14.66
10.57
15.14
11.77
10.06
12.38
14.97
15.53
11.33
10.79
13.65
12.52
13.45
14.52
17.41
12.46
17.1
14.36
12.68
12.45
13.64
15.17
17.16
17.82
20.36
14.56
12.29
13.6
13.46
13.91
15.91
9.03
10.35
10.7
10.46
16.11
16.38
17.26
15.97
14.77
16.24
15.54
18.26
20.17
15.7
17.53
15.1
19.81
19.28
19.28
18.35
20.47
18.67
15.8
15.83
14.69
16.43
15.77
15.75
18.38
18.53
19.99
18.23
25.06
17.09
15.75
19.17
19.53
19.16
19.97
17.9
19.05
25.74
23.41
16.56
15.3
17.3
21.87
19.81
22.03
20.16
22.14
18.35
17.08
17.32
16.65
18.51
18.55
16.48
18.94
22.5
27.78
23.39
19.49
19.83
19.15
18.18
16.67
19.81
26.66
23.05
22.23
21.99
22.9
21.59
21.28
19.6
19.88
27.97
20.9
20.31
19.81
21.36
19.53
18.51
21.6
20.55
18.64
18.21
17.75
17.34
15.19
15.31
14.04
15.85
13.95
13.34
14.79
16.2
15.87
15.86
13.45
13.94
18.52
18.62
19.26
18.02
17.28
17.27
19.4
20.11
23.1
18.07
18.51
18.34
16.2
15.58
17.2
14.03
20.56
17.42
18.37
17.32
11.61
13.29
10.22
15.19
15.57
15.03
13.82
12.88
14.68
15.28
15.65
16.98
17.6
14.02
15.69
15.31
13.16
10.75
14.24
13.36
20.55
14.85
12.56
12.71
11.65
11.01
9.65
8.76
10.32
12.73
8.89
10.24
7.25
8.94
12.33
8.77
12.36
7.66
12.7
9.51
6.34
6.92
9.38
10.56
10.55
11.39
9.55
7.1
6.11
13.08
9.05
10.08
9.2
8.18
6.85
5.33
7.2
7.22
9.52
10.88
6.57
10.08
5.02
10
10.16
11.07
6.77
6.3
7.14
6.32
8.51
8.9
10
12.01
7.89
6.13
10.3
7.96
2.48
6.38
7.29
5.12
4.18
8.88
4.24
4.62
2.9
6.34
3
6.29
2.41
3.48
7.63
12.1
11.74
12.98
9.87
10.22
14.06
6.18
4.16
8.94
5.85
3.47
2.64
1.76
2.05
2.02
2.82
1.92
5
5.62
6.88
8.23
8.66
9.59
6.85
8.24
6.74
2.71
6.39
10.81
5.65
7.67
10.14
4.45
6.09
9.43
5.49
6.44
8.4
1.43
0.13
1.93
3
0.92
1.68
0.91
2.45
1.4
0.21
3.9
1.15
0.99
0.46
0.68
8.75
2.37
0.58
1.98
3.18
3.76
4.54
5.47
4.71
4.49
8.03
9.81
8.51
5.73
5.26
11.91
6.8
4.55
4.81
1.14
2.41
5.53
3.48
4.36
4.28
2.18
6.49
0.53
5.71
-0.48
-0.93
-0.53
-0.93
-1.43
2
1.35
0.39
0.84
0.06
2.74
4.65
7.29
5.44
8.45
6.56
8.28
7.02
11.69
10.88
2.85
2.86
1.53
3.1
3.41
4.68
2.61
2.55
1.31
0.04
0.16
0.77
2.16
11.34
13.6
11.28
10.91
8.52
9.23
9.23
10.43
9.13
9.65
13.63
11.28
6.55
6.21
14.93
10.94
11.51
10.93
10.48
10.6
11.54
12.95
14
11.29
12.54
16.05
11.89
9.77
10.7
12.09
10.99
9.81
11.99
13.97
13.19
15.98
15.6
11.7
14.12
12.78
11.31
12.71
17.26
15.82
15.55
14.63
15.63
16.78
15.67
14.91
19.34
15.81
19.5
21.34
17.29
15.54
15.05
17.17
18.86
19.82
20.04
15.88
14.82
16.33
16.47
16.86
16.52
15.8
16.56
16
19.56
17.29
15.53
18.47
17.42
16.68
16.91
15.76
17.33
15.03
17.47
22.18
24.12
23.07
19.9
17.51
15.24
15.79
15.72
18.48
17.48
17.97
17.29
16.79
15.17
13.86
16.14
19.73
21.88
20.14
18.5
17.14
15.71
21.01
22.3
19.7
19.48
17.8
16.89
14.56
16.71
19.27
17.29
14.15
15.39
20.35
24.16
28.29
20.11
15.91
15.21
17.11
18.05
18.53
17.55
17.43
16.38
15.46
15.14
13.09
13.42
16.25
12.43
16.78
14.4
13.42
17.56
12.08
10.11
15.99
16.65
11.27
15.79
15.52
15.25
14.05
14.14
17.66
20.36
17.01
18.93
18.3
12.14
13.24
16.6
12.65
13.79
10.2
17.09
18.97
15.31
15.37
14.67
13.69
10.64
17.04
14
17.07
16.18
15.79
13.75
14.23
13.46
14.5
14.1
11.33
10.31
8.49
14.46
14.45
14.04
14.41
10.2
10.4
13.33
9.89
11.42
5.42
5.6
10.17
14.71
13.92
9.71
8.17
9.87
11.74
10.71
8.99
8.24
6.86
10.1
8.71
8.93
13.47
12.06
14.36
10.75
8.38
12.03
7.66
8.99
10.46
14.86
10.65
7.72
6.43
8.27
10.48
9.09
11.04
9.99
15.56
12.14
10.11
8
6.95
5.33
5.8
2.45
1.57
6.19
10.39
11.83
7.38
7.65
9.15
8.3
4.96
2.88
4.57
3.5
9.5
9.99
6.52
9.33
9.92
7.41
4.81
4.33
9.71
8.58
4.78
6.17
5.45
5.05
3.82
2.29
7.79
4.53
4
3.92
5.46
4.28
6.68
5.52
4.49
10.21
3.53
10.09
4.12
2.86
5.78
7.1
9.69
6.45
7.81
3.59
4.61
5.42
4.47
5.61
5.99
5.68
5.25
1.84
3.64
8.54
5.88
2.85
1.35
-0.23
-1.23
-0.44
-2.08
-2.14
-2.4
-1.53
-1.27
2.42
6.22
6.96
10.87
9.75
5.53
7.28
7.07
-1.6
-0.69
1.61
1.92
2.75
3.87
5.06
6.57
5.45
6.36
5.54
5.73
5.9
6.01
5.65
3.1
4.88
NA
4.2
3.05
2.69
2.2
3.62
3.5
3.59
4.55
8.09
9.28
8.82
3.56
5.39
7.81
11.53
6.65
6.6
5.45
6.19
5.3
4.48
9.19
10.34
9.27
8.69
2.56
6.19
0.51
-0.58
1.16
3.37
4.79
3.71
6.55
7.14
1.25
2.92
8.1
4.16
6.48
10.76
12.06
14.03
11.96
10.77
9.93
11.64
12.12
15.21
12.08
12.72
5.12
4.38
4.59
8.4
15
11.32
9.14
7.76
6.82
7.84
12.93
14.86
13.1
13.16
16.52
14.76
11.44
11.69
12.03
11.26
12.02
8.36
11.96
11.5
16.68
16.08
14.44
14.72
14.36
14.93
15
14.54
14.02
16.48
14.56
12.99
13.74
15.38
17.91
14.94
13.59
11.39
11.14
10.65
14.55
17.1
18.39
16.52
18.19
19.19
18.38
18.4
18.03
17.79
17.93
19.71
23.72
23.22
17.39
13.99
18.6
21.35
24.42
23.65
16.1
15.7
15.23
13.36
15.46
19.08
18.17
17.3
17.18
16.49
18.22
18.53
19.55
20.48
18.45
19.68
19.19
17.63
16.69
17.57
17.33
16.32
15.72
17.36
17.3
14.14
16.28
20.08
20.25
18.31
18.11
18.35
17.86
17.29
17.26
14.34
16.3
18.83
18.33
17.48
15.37
16.02
14.99
14.08
14.32
14.78
17.34
17.67
14.77
12.81
12.92
14.31
15.66
15.16
15.4
16.22
20.35
18.25
15.59
14.39
14.47
13.99
19.39
15.1
14.75
12.83
12.77
13
10.56
14.81
13.88
12.65
12.7
12.46
12.14
12.38
10.79
12.8
16.94
15.31
17.38
16.31
16.7
16.85
15.95
14.61
12.71
11.58
12.95
11.19
13.91
14.38
11.9
13.01
12.53
9.49
9.88
11.44
13.86
15.57
16.38
15.24
17.07
12.87
12.67
11.36
12.12
11.67
11.68
10.63
12.05
13.16
15.15
13.5
12.05
17.22
15.04
NA
9.6
8.22
9.05
11.04
10.21
7.49
10.54
9.34
11.83
10.75
9.03
13.89
9.24
6.96
6.14
6.07
7.41
8.78
9.35
5.88
6.4
8.49
10.37
11.8
10.53
NA
NA
11.64
9.49
9.74
9.95
12.13
10
11.05
6.2
4.14
4.18
4.58
5.57
6.17
12.06
8.6
7.33
5.21
6.75
6.05
5.92
5.48
3.37
4.21
10.73
10.65
5.8
6.79
5.86
4.77
4.28
4.52
5.04
4.62
4.86
3.21
5.67
5.12
4
8.89
5.85
6.53
3.34
5.35
4.4
4.06
2.21
1.36
3.89
3.64
2.65
2.98
2.11
2.42
2.71
-0.53
1
4.58
NA
3.6
2.09
0.86
4.41
3.7
1.93
0.31
0.81
0.55
-0.81
4.98
6.56
-0.37
-0.37
0.02
0.44
-2.5
-0.83
-1.09
-2.22
-2.69
-3.13
-3.2
-1.95
-2.12
-1.18
-0.46
-0.45
-1.22
0.18
1.78
0.61
0.71
0.84
0.2
1.51
2.93
4.21
2.99
3.67
3.86
2.73
4.13
4.68
3.99
5.07
3.04
3.25
6.33
4.13
3.41
2.7
4.29
3.9
4.96
6.32
6.52
7.45
6.92
5.8
5.52
6.61
6.71
8.18
8.05
7.67
7.62
7.92
8.69
11.81
11.32
6.32
6.65
4.99
8.73
6.88
10.15
6.77
8.55
10.25
8.21
6.36
5.74
10.16
6.61
6.43
8.92
12.32
6.23
4.98
7.62
12.94
8.82
5.34
5.78
8.57
15.24
15.61
10.67
11.39
14.99
11.99
11.58
10.07
11.33
11.07
13.63
8.95
14.18
14.91
14.96
12.97
17.67
12.04
14.27
13.73
14.27
17.45
15.27
13.86
14.59
13.48
13.15
16.66
14.58
15.73
16.88
19.86
16.54
18.14
18.56
16.78
16.22
16.64
18.04
16.91
17.46
16.99
15.9
15.42
19.81
19.12
16.44
12.67
13.66
17.19
16.25
18.62
14.64
16.24
17.28
19.08
18.66
15.75
15.57
19.02
19.65
20.21
18.4
15.18
15.42
16.51
15.13
16.94
17.93
19.76
17.97
15.51
16.03
18.28
21.83
19.48
19.76
19.36
17.26
18.45
19.5
20.39
19.27
20.76
18.17
20.97
21.71
17.21
16.32
16.36
18.59
20
16.46
16.74
16.7
17.23
16.74
16.97
20.52
19.57
20.19
16.99
17
13.92
15.27
15.34
12.95
16.1
18.02
14.82
16.98
17.24
17.79
16.46
15.01
17.41
17.32
13.21
18.5
18.06
14.55
14.26
14.81
15.07
14.95
15.22
14.78
14.36
14.95
14.25
13.57
14.93
14.79
16.2
14.28
11.86
12.66
12.63
11.38
16.44
16.98
12.33
10.15
12.58
11.46
10.32
10.64
11.86
11.77
10.17
9.5
14.65
15.22
15.33
13.58
9.97
13.49
11.7
11.95
12.71
10.86
15.18
10.96
13.22
11.9
8.12
7.71
10.07
9.95
10.34
11.13
9.48
13.13
12.95
11.9
7.72
6.31
7.33
4.08
9.88
4.68
11.04
13.92
11.85
12.96
13.56
11.98
13.71
8.11
11.18
13.24
12.62
12.03
9.18
8
6.37
6.69
8.59
5.38
11.03
7.37
7.37
7.38
8.29
11.09
8.97
10.65
8.24
13.2
5.44
4.56
9.36
9.38
6.21
4.59
9.45
8.29
5.48
0.24
0.91
1.6
6.95
6.32
7.04
2.12
6.66
9
7.07
7.35
5.07
6.54
9.73
7.75
12.38
12.79
11.72
6.34
9.81
6.68
6.89
8.76
4.12
2.58
6.12
3.55
6.48
2.4
7.46
5.19
3.57
4.89
2.2
3.77
9.29
2.49
2.41
3.39
1.88
1.31
2.52
5.09
4.97
1.2
4.94
4.19
-3.01
-1.44
5.35
1.65
3.04
0.85
-1.04
-1.81
-1.11
1.75
3.84
1.93
2.22
1.83
2.44
1.89
6.88
4.21
2.68
0.58
4.91
7.35
2.72
2.1
7.03
5.33
2.45
0.16
4.94
7.36
2.26
3.01
0.58
2.78
3.83
8.1
3.19
4.92
2.45
0.9
-0.88
-0.25
0.2
0.91
0.52
1.04
1.32
1.05
2.42
6.18
4.45
3.8
1.52
-0.22
3.33
5.76
2.54
0.66
-0.4
0.07
1.92
3.35
0.27
1.07
2.07
5.19
10.44
8.89
6.97
7.83
6.72
7.89
4.37
2.4
5.25
4.81
5.19
4.61
4.22
4.08
3.45
2.15
3.38
2.03
3.01
2.31
4.98
6.74
7.46
7.44
6.96
7.21
11.04
8.06
5.49
7.26
5.68
8.34
8.31
10.08
10.34
12.19
10.57
13.07
12.52
12.49
11.49
15.86
10.17
14.14
17.2
17
14.78
15.37
19.74
16.64
17.48
15.67
15.17
12.96
14.52
14.2
16.45
16.48
14.84
14.96
15.73
15.67
16.46
14.69
15.11
18.93
17.35
17.44
13.67
13.29
15.07
10.94
10.79
9.32
9.04
13.15
17.17
21.14
16.13
14.57
13.92
14.74
14.76
16.53
17.39
16.81
14.42
17.98
18.28
18.04
17.69
14.54
15.19
16.76
19.88
21.75
24.88
18.05
20.24
19.28
21.17
24.37
20.26
18.62
18.84
20.08
19.43
18.03
18.37
18.16
19.23
14.98
15.75
21.43
23.93
26.26
22.44
22.86
19.64
18.11
15.9
16.56
17.7
15.77
17.97
17.34
16.4
16.36
19.91
21.46
16.76
13.61
15.34
16.75
20
20.22
23.08
20.4
21.75
20.18
19.59
17.68
17.22
15.98
15.02
14.8
16.33
15.86
17.63
15.89
18.08
13.19
10.83
14.45
17.3
17.44
18.89
22.55
22.95
20.93
18.86
17.8
17.97
18.59
20.28
20.21
20.03
19.07
16.24
14.46
17.85
17.28
19.52
18.19
15.75
17.08
15.2
11.8
13.06
16.34
17.02
16.99
16.85
15.58
14.19
13.6
16.78
15.76
18.16
17.73
15.13
14.84
15.7
17.16
18.46
13.46
16.43
17.4
16.28
12.3
10.3
11.95
10.84
11.67
10.69
15.59
10.93
14.42
14.7
12.46
13.25
14.04
11.58
10.33
11.14
10.44
10.94
9.22
11.24
11.07
13.17
13.29
11.94
14.31
12.46
13.22
16.74
11.75
12.41
10.3
9.53
10.83
12.04
11.29
12.06
10.61
10.56
9.78
8.85
9.12
8.59
9
9.65
9.08
11.6
10.59
6.11
5.38
5.15
3.04
2.55
1.8
9.49
6.92
10.25
5.89
9.45
7.22
7.56
9.78
3.88
0.98
7.9
6.96
8.83
10.19
10.62
9.04
8.03
5.87
9.19
8.86
9.55
6.68
4.76
4.84
6.32
5.81
6.99
8.54
5.57
8.68
2.83
4.18
6.86
5.6
5.73
4.93
3.92
3.96
6.35
10.11
3.08
7.21
1.63
2.1
2.67
3.87
4.76
7.3
4.31
3.68
4.32
2.96
2.26
1.28
2.75
8.42
1.15
-2.12
-0.7
2.65
-1.1
1.3
-1.18
0.76
-0.75
-0.77
-1.75
-0.84
2.85
-0.08
0.17
0.72
-1.89
-0.98
0.49
2.09
1.36
0.83
0.55
-0.61
0.12
0.54
0.84
1.31
1.21
1.15
2.22
4.73
2.64
0.97
2.27
0.05
2.09
3.74
1.21
1.6
2.89
4.38
6.21
2.84
2.95
5.09
5.36
4.86
6.01
6.42
6.85
10.29
6.82
10.42
10.54
8.84
4.79
7.85
5.56
5.92
8.34
6.58
4
4.81
6.95
9
5.88
3.81
2.56
4.44
4.76
4.96
6.15
4.25
5.64
5.18
5.41
4.17
3.18
6.7
11.83
12.7
11.61
15.93
12.83
12.62
14.91
12.6
13.09
17.23
15.24
14.84
17
14.62
14.31
10.98
10.51
12.85
13.36
13.73
15.69
13.22
11.44
16.14
10.18
14.06
8.2
12.18
12.59
14.42
14.23
18.98
14.66
17.03
13.53
13.11
13.33
12.65
14.08
15.77
16.42
13.76
14.66
13.06
11.71
11.09
15.29
14.89
13.41
16.87
13.48
13.7
11.57
14.51
18.07
15.2
16.1
16.76
16.6
17.26
18.86
20.22
21.6
19.06
23.24
17.72
16.49
16.73
17.97
19.92
21.53
21.27
24.43
20.85
20.35
19.2
20.81
21.34
20.63
19.04
19.08
19.66
22.31
23.31
24.32
21.47
18.79
15.9
16.3
18.01
20.86
21.99
17.74
15.91
18.41
22.92
20.2
20.76
19.48
20.18
18.72
19.31
19.04
20.24
22.5
22.17
19.54
18.55
21.04
24.41
22.89
24.07
20.15
18.92
19.95
18.86
18.49
18.71
20.95
19.32
18.72
17.99
15.91
20.08
16.02
14.81
16.49
17.72
18.25
17.82
16.24
16.22
14.68
13.65
15.38
18.62
19
17.4
16.43
15.93
14.29
14.67
14.75
11.01
16.5
15.61
16.06
15.65
14.93
16.01
16.64
17.26
19.55
15.95
13.31
12.01
10.43
14.71
13.32
13.49
12.77
12.55
17.14
11.99
13.13
14.26
13.5
15.91
15.76
16.26
17.4
13.41
10.47
15.19
14.63
NA
9.55
9.38
7.39
7.81
9.17
11.14
12.5
12.3
9.89
13.66
14.5
16.31
13.74
14.2
10.4
9.53
12.05
8.47
10.34
11.4
9.9
12.13
7.95
9.39
5.32
8.43
12.46
10.31
10.03
7.46
9.58
7.05
6.33
6.65
6.34
8.23
7.99
6.9
4.95
7.6
11.94
6.31
8.5
6.12
5.32
11.19
9.55
8.82
7.95
10.72
5.69
3.54
7.15
7.61
8.88
8.3
11.83
5.13
3.77
5.15
3.19
3.76
2.87
2.84
-0.42
0.61
0.56
3.82
5.74
1.23
8.29
8.54
5.94
3.63
1.27
-0.25
-0.9
4.37
8.83
1.17
2.4
3.21
3.13
6.7
1.68
4.91
7.81
-1.69
1.54
2.03
7.32
12.46
5.39
5.66
5.3
3.57
5.36
4.02
3.04
5.32
8.61
4.41
3.96
2.95
0.72
-0.48
1.3
3.02
2.96
6.49
2.96
6.42
5.23
5.3
5.11
3.51
2.28
3.34
8.85
5.59
5.32
5.22
4.29
3.1
1.26
7.23
5.95
10.13
5.16
2.03
3.6
10.5
3.53
1.96
3.3
2.3
1.69
1.27
1.34
1.13
3.63
2.58
0.87
1.46
5.2
5.52
5.18
4.66
4.31
2.29
5.11
3.55
3.31
5.27
1.84
2.67
2.44
3.29
5.03
9.57
7.95
4.79
5.11
5.01
4.87
5.19
4.51
5.35
3.68
1.54
0.91
1.91
-0.98
1.25
2.09
7.37
3.02
3.92
4.13
5.28
7.88
6.33
8.49
6.96
9.64
9.12
9.17
9
11.21
10.53
10.39
8.55
7.83
6.04
5.42
9.25
10.73
12.58
9.6
8.42
14.34
11.81
15.39
14.03
16.68
15.54
13.5
10.43
11.88
13.74
13.74
15.04
12.06
11.24
10.34
17.01
18.8
17.44
9.45
9.11
15.39
17.05
15.8
16.51
15.24
14.9
21.27
15.11
14.24
15.18
16.86
17.13
5.3
0.73
4.41
1.68
1.33
5.43
4.2
8.15
11.6
8.63
3.19
5.57
2.71
0.04
1.91
1.54
-0.51
0.96
0.65
-0.63
1.19
3.06
0.44
2.04
2.21
2.55
1.27
3.16
5.17
5.55
4.83
5.11
3.87
4.41
4.04
5.59
3.9
7.35
7.22
6.71
3.82
2.69
2.89
3.05
3.65
4.67
4.17
7.27
6.4
10.15
10.69
10.46
9.83
7.25
10.39
10.11
6.52
8.84
11.63
12.2
13.5
13.54
11.45
9.22
7.55
10.05
14.61
13.11
9.86
10.9
10.04
6.31
6.08
9.44
8.15
5.79
6.29
11.69
11.35
9.75
14.67
12
11.48
14.76
20.5
15.22
12.32
11.13
9.65
10.03
13.06
13.09
12.33
14.49
14.53
14.68
13.88
12.46
11.68
12.87
12.43
15.43
14.51
13.7
10.85
13.14
11.09
16.07
13.44
17.7
17.5
16.43
15.34
14.16
19.09
17.62
13.1
14.89
14.22
15.5
14.4
17.42
17.98
15.49
17.38
17.73
19.52
17.44
16.11
17.22
15.4
16.89
14.27
14.12
16.61
16.32
17.06
14.96
16.84
18.29
19.46
17.95
17.39
18.21
18.96
21.39
22.09
21.47
22.67
19.01
17.88
16.27
17.11
19.26
21.64
19.65
16.11
18.83
16.9
16.74
16.3
15.51
17.42
18.27
18.86
17.65
18.26
17.03
20.21
18.4
16.03
15.06
16.78
15.53
16.3
16.42
16.09
16.02
16.43
15.64
17.01
16.1
16.98
17.83
16.18
15.85
17.49
19.43
19.98
20.08
18.64
16.47
16.58
17.14
21.29
20.04
17.8
15.19
14.6
14.09
15.59
13.48
14.51
13.08
17.58
15.2
14.04
16.51
14.46
14.81
16.16
15.94
11.75
15.85
12.33
16.16
16.9
14.73
14.9
15.77
16.41
20.23
19.86
17.12
15.56
14.4
13.42
12.84
11.99
16.14
17.14
13.43
12
14.85
12.19
12.87
13.65
13.68
9.81
10.99
12.18
11.05
10.12
11.12
13.37
11.73
14.18
12.41
11.29
10.94
17.29
17.29
18.29
19.62
17.32
15.01
13.77
13.98
14.56
14.73
16.55
14.23
13.41
15.04
16.87
12.51
12.35
10.91
11.51
10.21
8.7
11.19
10.96
9.78
7.8
10.44
8.74
11.97
12.78
11.28
9.86
8.77
13.55
13.76
13.31
15.1
15.37
13.59
12.61
13.08
9.2
7.15
5.75
7.14
8.45
5.76
6.64
4.1
8.03
7.77
6.2
4.78
7.21
5.87
5.99
4.88
3.75
11.16
7.71
13.67
9.15
5.72
6.86
5.2
10.87
9.27
9.66
9.61
15.23
10.96
8.95
3.57
3.35
6.72
13.07
7.44
6.13
2.5
4.77
2.67
4.28
9.86
4.86
8.07
1.36
4.36
3.53
6.24
7.28
10.1
4.75
6.64
4.56
1.74
1.38
9.14
4.71
4.79
9.31
2.95
3.66
5.41
5.78
8.52
3.42
4.13
4.77
4.78
5.96
3.73
1.79
0.52
0.98
6.94
2.57
3.11
3.84
2.69
2.43
1.18
1.9
-1.65
-2.16
5.31
9.23
4.32
7.39
2.09
2.75
1.75
0.26
-1.6
4.76
3.41
3.32
6.41
7.39
3.9
5.61
7.18
6.74
5.63
3.23
2.72
4.18
8.94
7.45
7.41
8.48
0.97
0.66
3.05
7.53
10.66
5.15
6.55
3.08
8.07
11.37
14.6
3.32
3.08
4.03
3.25
1.52
5.76
7.24
6.37
11.27
6.43
6.38
6.63
6.82
8.28
8.96
11.39
8.32
8.92
14.12
11.39
8.61
6.55
4.35
8.89
11.52
10.54
7.74
13.19
13.68
10.27
9.56
10.78
10.96
11.78
12.6
14.98
13.23
11.16
11.25
11.82
12.54
17.91
15.3
15
15.27
13.83
12.74
14.42
16.55
19.49
19.66
17.15
17.31
16.51
18.16
14.53
14.34
14.86
16.11
18.07
17.18
18.17
17.34
14.74
14.34
15.78
14.78
14.52
16.05
16.98
16.67
14.84
16.95
14.87
15.92
16.91
17.1
15.37
16.91
13.49
15.1
14.35
16.63
14.06
15.94
15.5
17.7
14.65
16.05
17.73
19.41
21.33
23.17
20.92
22.85
24.42
16.75
15.96
16.32
17.3
20.26
21.31
23.59
22.05
20.4
18.08
18.72
17.74
18.63
19.37
22.47
19.68
20.98
21.66
19.69
17.69
15.99
16.3
16.18
16.98
17.47
16.46
16.39
15.82
15.44
15.21
3.13
14.69
14.89
16.45
15.71
16.76
15.9
19.84
23.38
20.78
19.8
21.68
19.79
17.14
17.86
16.11
15.85
14.75
15.18
18.93
17.97
14.92
19.19
19.72
16.23
16.62
16.41
14.12
11.01
11.19
12.42
16.01
15.08
16.38
16.39
15.96
15.29
12.5
12.6
10.76
9.85
13.57
10.8
10.52
12.05
13.7
11.62
12.67
10.04
13.38
9.45
8.38
6.88
11
10.49
10.14
10.02
7.34
6.19
9.43
8.16
5.76
10.56
8.9
10.94
13.98
15.7
15.87
14.26
11.7
11.59
12.74
13.09
14.55
11.53
9.89
8.37
11.85
13.01
5.29
8.15
9.81
11.89
10.32
6.46
9.69
10.57
8.78
14.82
15.18
14.84
13.49
18.72
15.52
12.24
11.88
11.92
10.33
10.74
11.01
8.3
8.46
6.99
3.75
4.85
8.78
9.13
7.94
7.73
10.82
12.13
7.81
9.18
11.96
7.84
7.61
4.68
4.65
8.7
8.97
7.25
12.19
14.05
12.13
13.39
9.87
6.99
10.46
8.99
5.03
5.57
8.59
12.02
10.6
10.3
10.24
9.08
11.64
5.66
5.86
0.38
8.44
7.09
3.59
2.18
5.76
10.32
6.56
3.08
3.51
6.43
5.72
5.95
4.12
5.55
3.36
3.19
4.48
1.2
-1.86
-1.55
-1.5
1.44
1.66
1.88
-0.21
6.98
2.83
4.21
4.98
6.03
4.62
4.07
4.48
7.08
3.61
0.32
0.21
4.03
6.25
3.55
9.22
1.73
-2.31
-2.38
-2.57
2.02
-1.64
-1.06
0.54
0.53
1.17
-0.73
-0.3
1
1.46
1.5
0.71
1.05
1.16
-1.6
-0.18
-0.02
2.14
0.38
8.78
7.24
4.92
4.7
4.08
3.19
4.87
3.08
3.57
3.64
3.07
4.13
3.15
3.47
3.25
5.01
4.26
4.81
7.69
3.21
0.4
-0.86
-0.25
-0.17
1.12
6.73
2.48
4.77
2.69
10.14
9.94
8.41
9.11
8.09
8.76
6.06
4.38
5.17
8.79
9.96
8.93
7.1
4.79
3.17
5.75
7.07
9.73
11.42
15.13
16.14
16.66
17.32
16.26
16.5
15.65
15.18
17.31
16.26
13.7
10.11
12.69
12.85
12.4
14.54
13.19
8.37
8.12
7.33
12.42
12.39
12.72
9.92
11.36
10.83
11.91
14.44
14.96
18.76
17.21
15.19
15.92
15.32
17.15
15.98
13.77
12.87
11.83
12.96
13.32
13.71
14.7
15.38
15.58
17.99
16.1
14.8
16.29
18.06
15.22
16.6
16.45
15.7
14.52
13.52
21.09
25.1
24.98
23.66
24.26
24.6
24.69
24.96
25.93
26.25
26.59
26.93

