14.18
12.92
12.29
13.68
12.88
11.98
11.57
11.78
11.98
14.19
16.75
17.64
17.89
18.52
18.83
19.92
20.58
20.84
20.56
19.84
18.96
16.85
14.81
13.53
16.04
17.72
17.25
18.42
17.98
18.69
20.5
20.06
20.45
17.63
20.03
17.93
17.87
17.41
16.81
17.05
19.12
18.52
19.01
20.19
21.73
24.35
24.23
25.45
22.91
24.47
23.81
21.91
23.86
25.46
26.73
26.5
26.79
25.57
26.17
25.81
31.67
18.52
21.11
20.8
19.63
18.81
22.02
6.07
11.41
12.4
11.98
12.64
13.54
12.37
11.9
12.07
11.92
12.28
14.07
13.96
13.94
12.99
12.94
13.02
14.06
12.39
12.61
13.86
14.53
17.61
17.87
17.28
16.77
13.79
16
15.41
14.71
13.65
13.24
13.66
14.69
14.35
11.75
12.13
12.35
15.2
17.08
16.74
17.1
16.36
16.35
15.07
14.13
13.73
15.96
17.08
15.53
17.19
18.64
19.28
18.91
18.47
17
16.43
17.76
19.17
19.11
18.51
18.66
19.5
19.79
22.57
22.44
22.61
23.29
23.7
21.86
24.14
24.25
25.01
22.67
21.49
23.33
23.44
23.04
23.51
24.78
22.62
22.12
23.38
21.28
17.85
17.37
20.6
20.53
23.68
27.1
25.57
23.46
22.99
23.55
25.05
24.66
20.76
19.12
19.81
20.03
21.5
19.16
19.22
23.42
24.23
24.5
24.69
24.45
24.38
23.18
23.85
23.5
24.65
23.91
24.05
24.66
28.05
28.01
26.52
25.75
24.57
24.47
25.22
25.21
26.09
26.99
28.4
29.27
28.47
26.67
24.24
24.61
26.84
27.59
26.97
28.59
30.53
34.95
33.22
29.47
26.79
25.08
24.83
26.34
28.12
30.09
31.31
27.97
26.42
26.1
26.64
27.5
30.06
29.94
29.93
32.08
37.02
36.18
34.85
31.6
27.99
27.03
29.76
33.26
36.82
35.67
34.01
34.95
32.7
31.3
31.34
29.18
29.78
29.84
31.28
32.58
30.75
30.31
32.93
34.24
35
34.59
31.65
28.77
26.28
26.82
24.7
23.56
23.53
23.09
23.63
23.27
22.37
22.98
23.53
23.81
22.6
22.57
24.35
25.38
27.49
27.63
27.09
24.8
25.32
26.81
28.46
26.16
27.23
27.85
28.14
27.12
26.34
25.55
23.66
23.24
23.14
22.95
22.81
22.83
21.38
19.42
24.71
26.09
25.17
22.18
21.61
25.04
24.24
24.43
24.85
29.37
25.43
24.73
24.06
21.35
23.84
24.13
26.32
25.47
26.5
27.03
26.08
24.32
23.23
20.97
18.47
17.58
18.87
21.77
20.67
19.79
18.78
18.39
18.67
17.33
17.47
16.3
14.84
15.92
15.18
16.85
21.67
23.22
22.37
20.33
18.11
18
16.17
16.15
20.5
19.51
17.45
15.76
13.95
11.66
12.94
15.13
17.46
17.64
14.26
14.4
15.6
18.41
16.6
14.66
13.09
10.81
12.41
15.01
15.62
14.99
16.28
14.25
13.24
11.14
10.26
10.3
15.49
14.2
14.11
14.29
14.01
13.4
10.51
9.82
12.07
12.96
13.12
14.25
16.66
17.92
15
14.91
17.93
17.2
21.54
17.53
15.23
14.48
12.82
12.71
14.12
13.38
12.21
12.57
12.99
12.71
12.28
16.03
16.69
17.7
17.13
16.37
16.17
16.92
16.13
14.19
15.05
18.2
16.78
16.07
15.35
12.14
10.85
13.55
12.98
15.33
17.99
11.85
9.69
11.42
11.53
9.56
11.49
12.23
11.76
12.07
9.96
9.79
9.04
10.71
10.45
9.63
10.16
11.85
11.74
11.98
13.58
14.13
13.81
14.5
13.4
13.02
13.21
15.32
13.05
12.7
13.24
16.06
16.09
14.86
13.23
11.3
11.02
12.71
9.89
13.52
11.97
12.05
9.94
9.48
12.94
8.6
8.86
9
8.72
7.81
9.16
9.54
10.95
9.45
9.03
9.66
11.68
12.05
11.37
13.53
15
15.22
13.85
15.54
14.9
13.73
11.76
11.47
12.74
12.79
13.17
13.27
13.72
12.53
10.73
10.94
11.31
12.69
15.78
17.81
18.24
19.72
19.18
19.49
18.93
18.52
18.59
17.67
18.74
20.05
17.56
16.8
19.94
20.29
22.44
23
22.12
22.24
22.71
23.08
21.71
20.22
19.6
23.03
22.91
21.89
20.61
23.47
23.37
21.37
22.1
21.2
25.09
28.42
27.94
23.61
21.31
24.14
24.18
22.04
22.46
22.48
23
22.58
23.36
23.03
24.2
23.59
24.21
22.8
24.01
27.54
26.78
27.68
26.28
26.03
27.76
29.42
29.74
29.03
26.87
26.46
25.11
24.78
24.52
24.95
25.33
27.21
26.5
26.47
25.09
24.91
26.06
25.58
24.91
25.86
27.18
27.7
30.77
33.1
35.97
36.12
33.4
27.39
25.02
23.67
23.47
24.85
25.15
27.63
27.64
26.59
25.3
23.64
24.46
27.84
30.41
30.74
29.28
27.11
26.37
29.1
32.22
32.98
31.83
28.2
27.36
30.3
31.21
31.67
30.26
28.02
26.74
28.93
33.17
35.08
33.79
28.61
25.28
25.61
27.84
28.15
27.73
28.61
29.04
26.11
24.45
23.75
23.86
25.36
25.05
24.94
24.76
22.96
22.01
21.84
21.53
21.01
19.97
20.82
20.81
22.94
23.72
23.5
23.56
27.26
31.08
28.56
25.32
26.39
25.44
22.58
21.27
21.29
22.48
22.29
22.62
22.2
22.02
22.63
22.24
21.55
20.66
19.62
19.75
24.79
28.51
29.29
27.16
25.83
24.63
25.02
25
22.91
20.75
20.48
20.92
19.69
19.67
23.42
23.9
22.32
20.9
18.3
17.85
17.1
15.7
15.78
19.79
19.47
18.78
17.78
18.74
18.77
19.74
19.53
18.67
18.69
20.28
19.69
18.94
18.65
17.97
19.31
20.7
19.95
19.38
17.31
17.28
16.87
17.3
17.55
17.7
16.21
16.52
18.41
17.51
20.2
19.24
23.43
20.76
21.08
19.91
17.67
17.21
15.94
13.35
10.92
11.57
15.3
15.62
16.42
17.29
18.04
17.33
14.84
13.73
13.52
12.66
12.88
13.42
12.25
12.9
14.75
13.27
13.78
12.62
13.34
13.08
10.56
10.57
13.46
13.95
13.49
10.67
11.28
15.89
13.93
14.12
14.97
15.53
16.84
16.58
15.37
15.81
14.01
15.54
12.63
10.95
10.58
10.12
11.43
11.98
13.67
15.8
14.7
13.28
13.82
16.07
16.13
15.98
14.6
12.26
12.2
16.12
13.6
11.49
8.95
9.29
10.19
7.96
7.09
6.12
6.03
7.11
6.59
8.2
7.98
9.39
14.5
15.82
13.26
13.54
11.66
6.72
7.11
10.07
11.95
12.26
13.16
13.7
12.93
14.18
14.76
13.56
13.59
12.18
11.99
12.3
10.21
8.74
8.69
12.69
11.6
11.65
10.91
11.77
11.8
11.24
11.57
12.42
12.43
13.12
10.58
10.09
11.72
15.09
16
15.74
14.54
14.61
13.85
13.55
15.51
15.21
14.81
13.65
12.98
12.97
11.19
9.53
9.58
12.41
13.24
13.59
15.62
15.31
12.43
12.16
15.28
14.68
16.62
17.37
19.21
19.55
21.79
21.53
20.41
19.65
20.09
22.53
21.97
22.26
18.62
16.11
13.88
15.12
17.98
17.57
18.67
19.53
17.52
17.77
21.13
21.24
22.55
22.56
24.29
23.56
23.14
23.73
24.65
24.39
23.02
22.14
22.16
23.86
27.37
28.94
26.79
26.59
26.26
26.55
26.32
25.6
24.47
24.39
23.14
22.46
24.63
23.85
25.42
25.46
24.3
23.34
22.71
22.69
22.97
24.34
24.64
23.96
23.78
22.8
24.08
25.04
25.98
25.73
25.93
27.75
30.39
28.84
28.86
26.42
25.09
29.84
34.14
34.03
29.11
26.32
25.63
25.76
28.77
30
31
29.81
28.33
26.81
26.5
27.47
29.44
29.82
29.96
28.65
27.21
26.83
26.08
26.11
26.52
25.34
25.87
26.16
25.68
24.9
26.14
28.33
30.04
28.27
27.9
27.64
26.48
25.42
25.2
24.53
25.53
27.5
28.22
28.44
26.28
24.62
23.48
23.3
24.36
24.49
24.82
25.06
26.2
23.82
23.05
24.13
25.58
24.6
24.43
24.56
23.34
23.58
24.93
24.33
24.62
24.05
23.49
23.74
23.95
23.42
22.94
22.11
22.42
22.01
19.57
22.99
22.19
21.5
21.5
21.89
22.14
21.44
22.83
26.12
29.02
29.11
29.14
28.89
28.52
27.77
26.94
25.68
25.67
23.16
23.71
24.37
23.31
22.74
21.16
20.45
20.78
23.9
27.4
28.08
29.06
29.58
29.15
25.53
23.59
23.04
21.88
23.02
22.36
21.36
19.69
19.66
19.39
20.31
23.79
25.88
25.07
21.49
19.94
16.78
15
14.41
17.58
15.39
15.43
16.47
16.34
17.36
20.68
19.74
21.19
18.2
15.87
15.93
16.04
16.28
15.99
13.94
11.24
12.18
12.4
18.13
16.1
3.5
5.41
16.6
17.82
16.38
15.39
16.71
20.76
17.97
16.13
15.81
14.98
16.75
16.88
18.29
19.98
20.6
19.53
17.37
18.26
18.08
18.02
17.56
14.31
11.69
13.32
15.44
16.14
15.89
15.74
14.11
14.61
14.87
15.87
16.41
16.74
15.23
15.99
15.44
14.05
13.83
10.86
9.92
12.78
12.71
13.74
16.3
14.72
13.6
14.79
14.24
13.53
12.66
12.55
13.26
13.16
10.44
9.83
11.87
12.9
11.35
10.43
10.98
11.99
10.13
11.45
10.86
10.92
9.37
8.54
11.76
11.97
8.87
9
8.07
9.14
7.99
9.53
9.73
8.8
8.04
6.88
7.14
5.91
8.38
8.79
9.64
9.17
8.63
9.71
10.77
9.51
8.99
8.25
9.62
11.39
12.33
13.73
12.79
12.88
13.09
11.73
12.54
12.93
12.41
12.89
12.57
11.81
12.54
12.06
10.41
10.66
13.44
13.35
13.81
15.23
15.13
15.55
15.68
14.72
13.61
12.82
14.36
15.33
15.37
13.93
13.62
12.98
12.39
13.37
16.17
13.15
12.53
9.77
13.46
14.18
14.61
14.12
13.95
14.03
12.75
15.36
14.58
16.34
14.89
14.13
14.5
15.2
14.98
14.45
15.87
16.01
14.31
12.07
11.13
12.64
17.6
19.02
18.14
20.57
21.05
18.8
19.36
17.64
17.45
15.87
20.74
18.17
20.48
21.16
24.74
22.39
22.06
20.53
22.32
23.52
23.03
24.28
25.22
24.46
25
24.13
23.21
22.59
21.22
22.75
24.47
26.7
27.03
26.36
28.21
28.19
26.27
26.72
27.25
25.86
24.77
25.26
24.54
24.28
25.85
26.31
26.19
23.17
22.65
22.25
21.1
22.09
25.1
23.97
24.82
25.31
26.73
25.73
25.1
26.14
27.61
27.47
30.14
27.32
27.84
27.97
26.93
25.97
27.57
28.27
27.62
25.01
24.06
26.98
30.32
30.03
30.01
28.31
26.93
25.2
27.15
25.69
32.01
32.38
31.38
29.69
30.04
27.17
25.66
26.75
28.54
28.76
26.35
26.03
26.84
27.76
27.78
26.67
28.13
28.28
28.1
27.58
26.32
25.5
24.16
24.1
23.6
23.17
28.08
29.11
28.62
28.29
27.17
27.23
25.79
25.74
25.93
25.13
24.72
22.58
22.85
23.57
24.34
24.6
23.9
22.5
24.01
23.3
21.24
23.36
24.71
24.68
24.12
24.07
24.37
21.66
21.47
21.2
21
21.31
20.4
21.24
22.21
21.81
20.72
21.35
20.93
20.05
21.06
21.05
19.75
20.52
20.69
20.06
18.13
18.92
17.82
18.32
20.25
19.03
18.14
19.25
19.16
18.25
17.01
21.06
20.11
19.71
19.64
19.82
18.41
17.25
17.78
16.89
15.2
18.01
16.2
15.04
15.19
15.62
14.19
16.01
17.49
20.33
19.79
15.59
16.13
17.19
17.24
15.8
16.83
23.52
23.73
21.56
18.9
16.72
13.97
11.08
14.04
14.25
13.89
12.1
13.96
13.64
16.32
18.09
18.16
16.84
17.05
16.76
14.97
14.68
17.15
17.51
16.62
16.55
15.28
13.56
12.12
11.19
10.92
13.19
14.52
14.15
10.54
10.82
12.75
14.25
15.2
14.95
13.89
15.99
17.55
17.48
17.17
15.5
13.74
14.52
13.97
15.22
16.09
12.3
11.91
11.87
13.25
12.62
10.96
12.7
10.89
12.46
13.09
11.56
11.78
14.68
12.22
11.23
11.06
10.32
9.98
9.38
8.98
6.61
6.56
7.15
7.67
6.02
7.79
10.03
10
9.32
7.47
6.75
6.51
6.84
7.4
7.33
10.93
10.77
11.59
11.5
10.95
10.93
8.91
9.53
7.79
9.23
10.88
8.64
10.45
14.04
12.2
10.08
7.98
7.3
9.65
10.73
12.47
11.39
11.99
13.27
14.63
12.15
12.28
11.23
9.12
8.14
8.3
8.23
8.72
8.57
8.76
8.62
9.27
9.75
11.84
11.45
9.97
9.43
7.38
8.03
10.45
11.86
9.86
8.49
8.54
10
10.7
9.78
8.28
8.38
11.48
13.46
17.03
16.69
16.77
16.4
17.23
14.37
13.5
13.32
15.26
15.85
14.68
14.61
14.89
15.01
12.78
11.94
12.29
13.62
13.97
15.23
16.79
16.67
18.6
16.36
17.68
17.57
16.27
16.42
16.74
16.33
18.85
20.22
21.03
21.33
22.53
22.2
22.27
22.59
22.1
21.23
22.51
19.02
19.61
23.71
24.06
25.02
26.44
26.04
27.79
25.88
22.59
24.1
21.57
22.26
25.04
24.6
26.86
26.04
26.07
25.06
24.75
23.55
23.23
23.83
23.43
27.63
27.79
25.23
24.08
21.62
21.86
22.05
21.65
21.06
21.68
25.93
29.25
27.14
26.55
24.59
23
24.69
27.72
28.72
27.41
25.52
27.13
28.61
28.55
26.22
24.94
24.01
23.43
24.65
30.24
33.35
32.43
32.03
30.56
32.84
34.46
32.06
29.11
29.11
30.44
30.33
27.62
25.88
26.75
27.36
27.54
27.18
30.67
34.48
36.07
33.87
33.56
32.19
28.26
24.44
25.73
26.38
28.83
31.32
30.23
29.18
29.17
30.12
31.26
28.01
24.55
23.82
25.38
28.99
29.82
34
35.23
35.02
33.86
33.19
30.11
27.17
25.56
25.3
25.73
25.64
24.89
24.84
24.77
26.97
25.2
24.55
23.21
23.89
26.59
28.32
31.61
32.7
31.95
33.3
30.2
27.67
26.04
29.04
30.39
29.7
29.89
27.18
22.49
22.58
26.37
32.02
29.12
27.29
26.72
27.54
24.65
23.7
23.57
25.3
24.96
24.88
23.43
22.33
21.33
21.99
20.76
22.11
21.36
20.13
21.93
22.99
24.49
31.08
25.51
24.93
28.64
28.5
25.47
22.81
21.11
20.13
20.21
19.57
21.77
23.89
23.53
22.07
19.6
18.94
23.25
23.19
20.3
18.44
18.1
19.99
20.13
20.17
19.47
18.46
19.22
19.17
18.59
19.33
24.63
26.18
25.31
22.5
22.48
20.37
18.76
19.64
20.58
21.42
22.42
20.05
19.58
20.64
20.07
19.98
20.34
20.71
20.4
22.03
21.54
18.82
16.37
14.02
11.89
11.13
10.29
12.53
14.02
14.68
13.92
15.03
16.06
15.19
15.15
12.52
11.25
13.5
18
21.24
22.19
22.64
20.84
19.66
17.94
16.26
13.89
13.95
17.76
15.12
13.63
12.59
12.17
13.02
12.82
11.49
11.76
9.76
8.89
11.58
14.06
15.63
15.52
13.44
12.37
12.82
15.26
10.45
11.52
12.45
12.86
14.27
15.09
13.43
13.43
12.53
11.25
11.14
10.49
12.93
11.68
11.54
13.33
11.65
7.14
7.4
8.01
6.18
6.04
5.51
6.51
7.58
8.34
7.83
8.36
10.78
8.93
10.46
9.53
7.84
9.2
9.25
10.94
10.57
10.29
10.59
10.02
9.11
9.6
9.43
9.88
9.63
9.8
11.35
11.15
10.58
9.66
9.6
8.87
9.17
9.89
8.59
7.7
8.55
9.06
12.83
11.47
11.2
12.59
12.74
12.51
13.37
13.45
13.45
15.11
13.61
14.97
15.17
14.67
13.01
11.86
12.05
12.03
11.84
12.22
11.62
10.34
9.35
11.68
14.07
12.34
12.08
13.96
14.71
14.73
13.9
13.84
12.82
14.04
13.38
11.82
12.11
13.89
13.61
17.46
19.76
19.65
21.21
21.83
21.8
22.33
22.35
22.88
24.22
22.04
19.87
19
20.03
19.44
19.45
21.04
22.93
23.23
22.47
22.55
19.61
20.46
17.93
18.36
18.14
19.03
20.33
21
21.87
26.57
25.45
25.59
25.09
24.48
23.82
22.65
22.07
23.89
26.3
23.97
22.88
22.83
22.07
21.35
22.06
21.44
22.58
21.98
23.01
23.47
22.61
21.78
22.75
22.8
23.72
25.02
24.95
25.92
27.42
29.32
31.17
30.41
28.64
25.32
24.95
22.43
27.02
30.07
31.98
32.41
31.61
28.86
27.89
28.58
28.63
31.57
30.03
28.58
27.7
28.49
30.33
32.09
29.89
29.82
28.23
26.3
28.34
30.31
32.48
33.07
30.31
29.69
30.85
31.47
31.78
30.06
30.27
31.27
29.99
27.19
26.78
29.31
32.3
32.33
31.45
29.38
29.57
33.84
33.05
34.81
32.08
29.67
30.22
32.27
30.45
30.24
30.14
29.1
28.52
28.14
27.19
24.86
22.72
23.35
23.28
23.06
25.04
24.28
24.48
23.74
23.69
22.64
22.28
27.48
31.23
31.51
28.18
28.05
27.15
26.01
24.47
21.68
21.07
22.93
25.53
25.87
25.62
24.37
24.6
25.58
29.45
28.77
24.8
23.06
22.66
21.33
22.78
24.01
23.06
21.08
22.52
20.26
20.37
21.66
21.33
24.42
28.42
27.88
27.63
26.02
21.98
19.55
20.21
22.1
20.26
18.98
17.24
15.56
15.48
14.67
16.84
17.5
17.16
17.86
18.11
20.04
22.19
21.94
21.67
19.32
20.28
19.28
20.5
21.58
20.82
20.39
19.9
19.41
16.89
16.4
17.41
19.9
19.43
17.41
17.06
16.77
16.38
16.2
15.23
13.89
16.55
17.43
16.15
15.53
14.63
15.3
15.3
14.24
15.12
15.89
17.17
18.23
16.56
17.19
15.85
12.6
10.98
10.55
11.01
12.01
15.26
14.13
15.2
17.31
15.78
13.58
13.57
14.82
12.16
11.77
12.29
13.71
13.66
10.8
14.07
14.18
12.62
14.79
13.74
12.03
9.14
10.03
11
11.79
13.08
14.1
13.23
12.53
12.2
11.91
11.53
9.28
8.74
8.52
10.09
16.11
13.86
14.26
12.75
13.84
14.05
15.16
14.04
16.45
15.84
14.43
14.51
13.08
11.96
11.22
11.09
11.16
11.57
13.93
13.06
13.33
15.13
15.53
13.81
12.42
11.49
12.55
15.33
15.19
14.67
14.75
13.64
13.01
11.29
12.37
13.44
15.32
13.61
11.4
11.24
13.6
11.78
11.14
13.06
12.5
11.5
11.43
11.69
11.3
10.59
11.34
11.02
10.61
13.09
13.43
11.99
13.05
13.87
13.4
14.42
13.15
12.66
13.6
11.53
11.01
11.38
11.35
13.66
15.82
14.9
14.59
14.98
14.09
13.74
12.12
14.12
15.11
10.99
11.14
10.58
10.86
8.53
9.27
11.04
12.41
12.67
14.06
13.94
14.92
15.15
14.62
16.98
17.14
18.18
18.53
17.85
18.08
19.24
20.68
20.31
18.36
16.67
15.1
13.31
12.56
12.76
18.8
17.76
18.05
19.72
18.41
20.6
20.13
20.65
21.05
21.58
19.77
17.53
18.58
19.4
19.48
20.96
19.25
19.36
20.19
20.92
22.36
19.93
18.11
20.81
22.79
24.25
26.23
26.23
24.44
27.88
22.36
21.44
21.65
20.12
19.3
8.8
8.09
10.29
8.49
7.99
9.04
12.07
12.56
13.77
14.42
9.9
12.87
10.08
7.98
7.99
8.55
8.4
8.65
8.88
8.32
8.67
10.11
9.02
9.64
8.99
10.15
9.59
11
11.21
11.58
11.45
12.43
11.3
11.13
10.76
11.49
9.79
10.99
9.1
11.76
11.13
10.15
11.1
10.8
10.39
10.47
10.24
11.79
11.76
13.04
13.65
13.69
12.27
10.24
12.05
13.4
12.73
13.31
14.11
16.35
16.75
16.76
17.76
17.08
14.6
15.91
16.36
15.8
16.3
17.52
15.97
14.06
12.16
14.11
15.7
14.3
13.59
14.72
16.16
18.23
21
20.99
22
24.97
24.03
25.3
22.83
21
19.22
21
23.84
23.58
24.19
26
25.13
23.34
23.12
22.13
20.18
19.3
19.08
20.12
20.55
21.55
19.56
21.08
21.06
21.78
21.93
23.53
25.99
26.19
23.79
22.64
22.91
21.79
20.89
21.75
21.73
21.59
21.8
22.99
21.16
21.74
22.11
22.46
23.52
24.22
25.11
24.76
25.96
24.96
24.2
24.34
25.52
24.08
24.08
25
26.31
26.36
26.6
25.93
25.51
25.75
26.95
30
30.57
32.1
30.86
30.04
27.65
26.58
26.67
29.08
30.87
27.4
24.6
26.02
28.35
26.71
27.54
26.81
27.08
27.71
27.03
25.48
26.21
27.09
28.41
29.43
25.87
24.34
24.1
23.44
24.94
25.25
25.42
24.63
24.72
24.61
23.91
23.69
24.46
26.34
26.97
25.95
26.04
27.32
27.7
30.16
30.36
27.8
26.13
25.35
28.16
28.36
28.8
26.72
23.75
23.1
24.41
24.29
22.67
22.05
26.93
28.32
26.75
25.87
25.67
23.99
22.86
21.31
20.57
21.92
20.84
21.56
21.26
20.49
21.98
21.32
23.66
29.38
31.17
27.69
24.39
22.03
22.03
22.38
21.12
20.9
25.53
25.03
24.23
24.14
21.26
22.07
23.77
22.88
20.63
18.86
18.58
18.47
17.95
19.26
18.54
18.3
18.59
19.14
20.94
20.69
24.23
27.91
30.79
30.6
29.39
26.29
24.66
23.75
24.65
23.94
19.92
25.04
24.61
24.72
25.17
24.04
22.28
22.35
22.38
22.09
21.43
20.17
18.4
18.77
15.98
14.41
16.94
17.34
19.46
19.64
19.34
19.19
21.64
22.96
22.42
24.12
24.57
24.78
24.68
23.7
21.17
18.27
15.12
12.78
12.72
15.31
13.87
12.06
10.26
9.64
13.54
14.31
17.82
16.45
15.97
14.55
13.98
12.93
17.59
20.09
18.98
16.01
14.91
13.27
15.29
14.38
12.26
13.94
21.5
21.22
20.6
16.39
14.41
14.11
16.1
15.53
14.61
13.44
14.1
12.91
12.78
13.67
12.7
13.46
11.7
11.98
10.62
11
10.29
11.67
12.4
16.08
13.35
11.07
10.37
12.5
12.1
11.73
13.78
12.12
11.32
11.63
11.46
12.41
11.08
9.31
8.56
8
11.15
13.13
10.95
8.53
8.95
11.19
10.9
11.83
12.33
11.19
10.36
9.27
8.89
8.02
7.23
10.44
13.23
12.43
13.94
11.34
10.4
9.79
8.32
7.09
11.08
11.47
10.64
11.75
12.25
12.12
12.05
11.48
13.2
12.83
11.46
11.1
12.38
14.81
13.81
14.24
13.29
11.6
8.88
10.14
14.88
15.6
13.03
12.81
10.94
13.02
15.29
16.5
12.75
11.38
12.28
11.45
9.96
11.65
13.34
16.11
16.97
15.61
16.3
16.81
16.11
17.04
16.91
17.26
18.29
18.64
20.94
19.9
19.6
18.34
14.74
16.43
18.87
20.32
16.81
18.18
18.5
20.16
19.52
18.65
19.9
20.19
20.41
19.99
23.1
21.63
21.03
20.36
20.43
21.69
19.79
21.71
22.05
21.23
21.53
22.44
23.92
23.83
23.18
22.44
23.26
22.18
22.59
22.19
22.19
21.37
21.16
22.45
19.93
24.6
27.07
22.53
19.69
19.98
19.58
19.56
21.71
22.06
21.64
21.86
23.02
24.41
24.2
22.99
22.17
20.43
23.11
24.62
26.95
26.51
27
25.59
23.83
23.21
23.66
21.06
20.87
24.62
27.5
29.47
30.54
30
30.5
32.58
28.79
27.37
27.2
30.54
32.53
34.39
35.35
32.7
33.51
31.38
28.75
29.37
29.6
30.6
30.64
28.59
27.9
31.8
33.23
29.93
27.91
27.32
25.46
25.72
26.4
27.1
26.28
25.7
25.52
24
24.48
26.22
27.98
28.75
27.71
27.41
28.74
30.95
30.28
32.04
31.73
32.75
29.87
27.31
27.48
26.96
26.62
26.51
25.53
26.95
27.87
27.61
31.23
30.96
28.69
28.71
28.16
26.16
23.13
21.99
20.79
21.19
22.48
25.37
26.26
25.37
23.6
23.61
21.45
21.46
19.95
19.84
19.39
18.41
18.83
21.37
23.92
24.79
23.49
19.74
18.05
18.66
17.09
17.33
17.74
18.97
19.19
19.6
18.16
16.74
16.03
16.32
14.75
15.79
14.7
17.73
19.91
25.95
24.65
24.52
25.76
25.66
26.21
26.36
23.84
21.26
18.79
17.54
17.27
15.04
15.37
14.32
14.67
17.29
18.79
19.74
20.96
19.05
23.03
26.25
27
26.91
28.45
27.7
23.96
21.57
18.99
19.15
18.96
19.78
19.26
17.61
16.53
14.16
12.74
12.95
14.53
14.29
16.84
16.89
18.19
19.12
18.16
17.02
15.08
15.23
14.93
12.62
12.5
15.27
16.4
16.45
18.41
18.01
19.19
19.79
16.05
14.54
14.48
13.62
13.2
14.3
17.27
16.98
16.71
16.02
13.26
13.77
14.35
11.57
11.61
11.94
12.58
14.31
12.71
12.58
13.52
14.17
11.69
9.63
10.34
12.99
15.02
14.99
15.16
14.42
13.21
12.74
10.52
10.69
10.45
9.06
10.63
11.12
11.92
10.78
13.24
12.51
15.05
15.3
15.9
14.55
13.41
11.57
14.27
11.15
8.66
8.85
11.33
12.55
9.89
12.63
11
7.97
7.1
7.29
10.58
9.02
8.85
9.96
10.59
9.37
8.89
8.8
9.51
10.26
10.79
9.37
9.83
9.36
7.72
9.08
9.07
10.3
9.52
13.21
13.1
14.16
13.96
13.8
12.66
12.94
13.33
12.51
12.13
11.35
11.1
10.41
10.75
11
12.13
11.92
11
13.51
11.51
8.94
7.55
7.5
7.08
7.47
9.29
10.41
12.24
11.6
13.32
16.25
15.23
15.64
15.86
14.94
14.33
11.81
12.23
13.86
14.17
14.8
14.01
12.96
11.53
11.73
12.08
14.28
15.77
16.64
19.11
20.39
22.84
22.49
22.87
20.78
20
19.94
18.61
17.36
16.69
17.43
18.63
19.12
21.45
23.53
18.32
15.63
12.52
15.31
17.7
20.73
20.53
19.88
18.36
20.02
21.47
23.71
26.27
26.36
25.43
24.95
23.87
22.25
19.44
21.79
22.49
21
18.99
17.92
17.16
18.02
21.29
22.87
20.76
25.78
26.42
25.02
24.09
24.02
24.26
27.04
26.05
25.79
25.61
30.85
25.73
25.41
24.32
24.64
25.41
25.32
25.61
26.56
26.75
27.09
27.22

