97.4
97.4
97.5
97.5
97.5
97.5
97.5
97.5
97.5
97.4
96.6
90.7
90
96.7
97
93.1
97.2
97.5
97.5
97.6
97.6
97.6
97.7
97.7
97.7
97.7
97.6
97.7
97.8
97.6
97.6
97.7
97.6
97.6
96.7
81.7
73.9
73
69.6
73.7
88.1
94.3
97.3
97.5
97.5
97.3
97.4
97.2
96
95.5
97.3
96.8
95.5
94
96.1
91.7
89.7
84.8
75.3
62.2
53.2
51.6
54.2
61.6
69
74
72.3
74.2
73.4
75.5
73.6
74.7
76.3
77.1
78.3
78.2
78.5
78.9
81.5
80.8
81.8
75.4
67.1
55.1
51.5
54.7
58
60.9
63.6
71.8
81
89.5
94.8
96.8
97.1
95.8
95.2
91.8
88.3
84.5
68.5
73
80.4
83.3
81.2
74.8
72.8
68.3
63.1
60.5
60.4
64
65.5
69.2
77.5
76.7
77.2
74.4
76.4
74.8
75.3
70.9
73.9
74.6
72.8
78.5
75.5
78.4
82.3
77.4
64.6
58.9
57.7
57
58.2
61
64.7
71.6
81.7
85.2
87.2
90.1
83
87.8
88
84.5
83
87.1
83.4
72.7
71.6
75.1
81.3
77.2
67.1
59.4
52.8
50
50.6
51.4
53.2
61.4
67.5
72.9
77.7
79.1
80.2
77.4
80.7
80.1
80.7
79.6
79.3
79.7
80.1
81.6
83.7
83.2
78.7
72.7
69.3
69.3
68.8
66.2
65.6
70.6
74
81.9
83
83
82.8
82.4
83.8
83.3
83.8
83.3
78.2
74.2
74.9
77.9
80.8
83.1
73.2
63.1
60.7
60.4
61.4
62
64.5
71.7
76.3
80
90.2
93.8
96.5
93.9
88.9
81.3
89.6
91.2
93.1
87.2
84.6
87.5
86.1
80.6
66.3
58.4
53.2
51.7
50.8
53.5
67
81.6
91.1
96.4
97.3
94.6
87.2
84
78.8
78.4
77.5
75.9
74.9
73.6
73.6
73.4
71.3
64.4
54.5
51.9
47.8
45.8
46.5
52.5
56.7
67.5
77.7
80
81
79.8
70.5
69.4
70.6
68.4
63.9
63
65.4
68.4
68.8
68.8
70.5
65.1
56.3
50.8
47.6
46.6
52.3
54.8
57.5
67
72.3
76.8
79.8
81
81.9
82.9
83.8
85.4
84.2
85.8
84.2
86.5
85.9
83.9
87.5
81.2
69.2
61.2
55.5
54.6
56
58.3
62.4
69.7
79
84.4
82.6
91.4
96
94.9
82.1
83
80.6
82.4
78.6
76.1
69.9
74.1
74.5
67
56.6
52.4
48.5
47.7
51
52.6
53.7
62.2
70.5
71.6
65.2
65.1
67.8
69.1
68.3
72
75.1
79.1
83.7
86.2
88.6
83.6
84.1
84.1
76.1
69.9
63.3
62.1
66.8
66.1
69.6
76
83.1
86.4
92.3
91.7
96.7
96.4
91.3
88.8
95.5
97.4
97.4
91.7
97.3
96.2
95.4
96.3
79.6
70.9
65.4
64.5
64
66.3
73.1
79.7
84.4
85.1
85.1
87.8
89.5
89
90.6
89.7
90.9
90.2
87.2
85.8
84.7
83.9
80.4
81.6
83.9
87.4
87.7
82.7
80.5
83.3
84
83.6
85
88.7
94.4
96.6
97.5
97.5
97.2
95.8
97.1
97.4
97.4
97.4
97.5
97.5
97.6
97.6
94.2
79.3
69
68.6
64.9
62
68.4
81.9
93.2
97.1
97.4
97.4
97.5
97.4
95.8
97.5
96.8
97.3
97.5
97.5
94.3
83
95.5
95.4
77.2
67.5
62.3
58.4
57.7
57.1
58.8
76
93.1
97
97.5
97.5
97.2
86.3
80
74.8
74.6
69.5
72.3
76.3
77.1
78.7
79.6
74
64.6
57.3
54.3
56.6
57.5
58.4
63.8
71.4
80.5
87.1
95.2
97.1
97
94.8
90
83.9
78
80.6
80.3
75.4
92.5
91.8
97.1
97.4
97.3
86.4
72
69.1
73.2
75
75.3
88.5
97.4
97.6
97.6
97.5
97.5
97.5
97.5
97.5
97.5
97.5
94.5
90.1
80.2
82.2
84.5
78.3
69
63.1
59.4
56.1
55.8
50.2
47.5
55.9
67.2
67.6
65.1
63.6
58.6
63.4
68.5
67.5
65.6
69.3
73
75.5
81.4
81.4
83.8
81.5
77
73.8
67.3
72.9
73.4
72.7
72.9
75.8
73.2
69.4
69
74.4
79.3
84.1
85.9
89.7
84.4
92.1
95.6
96.4
95.4
95.9
92.1
84.6
72.3
65.6
61.5
60.7
59
58.5
59.5
63.5
70.6
73.6
80.5
81.7
82
84.4
84.8
88.4
90.5
92.5
93.3
92.8
91.4
88.3
87.1
82.7
71.2
64.5
60.6
59
58
58.3
60.3
65.4
71.3
75.3
77.3
81.3
85
88.7
83.8
83
81.2
78.3
75.5
67.3
72.9
74.1
75.7
76.4
70.3
60.2
73.5
84.6
89.8
94.2
97.4
97.4
97.5
97.5
97.5
97.5
97.6
97.6
97.6
97.6
97.6
97.6
97.6
97.6
97.6
97.7
97.7
97.7
97.8
97.8
97.8
97.9
97.9
97.8
97.9
97.9
98
98
98
98
98
98
98
98
98
98
98
98
98
98
98
98
98
98
98
97.6
97
97.2
97.5
97.6
97.7
97.7
97.8
97.7
97.7
97.7
97.6
97.7
97.7
97.7
97.6
97.7
97.8
97.8
98
98
97.9
97.7
94.1
88.6
78.6
81.7
88.9
97.2
97.6
97.6
97.7
97.6
97.7
97.6
97.6
96
93
97.1
97.5
97.5
97.6
97.6
97.5
93.2
74.3
70
65.5
61.6
60.6
63.2
64.5
72.8
87.6
95.6
97.5
97
97.5
97.5
97.5
97.5
97.6
97.5
97.3
90.2
95.8
95.1
95.5
77.8
65.7
60.9
57.8
58
57.9
58.8
59.5
64.9
76.5
83.8
77.7
86.8
86
81.4
72
67.5
73.5
64.3
58.3
64.1
69.7
70.5
70.6
63.6
51.5
50
53.2
51.9
47.7
48.9
49.8
54.7
65.4
70.5
75
72
58
61.5
59.7
64.7
66.4
67.2
68.3
67.6
65.8
67.3
68.6
61.9
52
46
43
42.6
43.4
44.2
45.6
48.2
57.9
61.2
64
66.9
66.3
69.3
69.1
70.6
73.3
74.6
74.2
75.5
78.5
80.3
77.5
68.1
57.2
50.7
48.5
51.2
53
56.1
57.8
63.8
72.7
83.9
88.5
89.4
90.6
88.3
84.6
83.4
86.2
84.3
83.9
87.1
88.1
87.8
86.8
75.8
65.4
58.5
55.3
57.1
59.7
62.1
63.2
66.1
71.7
80
85.5
88.6
88.9
88.9
93.8
95.1
90.6
77.9
86
86.8
78
73.7
75.2
75.8
64.8
63.8
62.3
61.1
59.7
58
58.3
62.5
69.1
76.6
81.7
83.3
81.7
83.4
83.6
84.7
82.8
82.1
80.1
80.2
78.8
78
78.7
72.3
62.2
56.7
55
54
53.9
53.6
54.2
57.5
63.6
67.9
69.9
73.1
74.4
74.2
75.8
76.9
80.3
79.7
80.4
81.5
83
85.6
84.9
77.9
67.5
60.6
56.5
55.1
53.9
53.7
53.2
58.1
72.6
78.6
80
83.9
85.5
86.5
87
87.9
85.6
86.4
84.4
84
87.1
84.6
79.3
79.7
77
73.6
71.8
73.3
73.9
76.2
78.8
79.6
89.8
95.4
95
96.5
97.5
97.6
97.6
97.6
97.7
97.7
97.7
97.7
97.8
97.7
97.7
89.3
67
57.8
57.7
56.1
54.5
58.2
60.1
69.3
79.5
87
87
75.1
82.6
90.5
82.3
39.5
44.5
36.9
43.8
49.6
48.7
47.7
45.8
41.8
35.5
30.3
30.1
30.2
30.9
29.5
32.1
41.2
49.6
50
37.4
40.5
47.9
49.4
40.9
41
47.4
46.7
46.5
49.6
54.2
53.4
47
41.3
35.8
35
36.5
37.3
39.5
36.5
36.2
37.7
44.2
51.7
54.4
56
57.3
59.9
61.3
62.2
62.6
65
65.3
66.8
68.4
68.6
69.4
58.4
45.9
43.2
43.9
44.5
45.6
45.3
47.8
51.1
57.8
63.3
67
68.1
68.3
63.2
63.9
68.7
71.3
70.2
68.1
71.6
74.9
75.3
74
64.6
56.6
50.4
48.3
49.1
49.8
49.6
50.3
53.5
61.2
68.3
74.2
73.7
78.3
75.6
73.1
75.2
78.6
82.1
82.7
85
85.6
85.3
82.1
73
62.6
56.2
53.9
54.6
55.3
54.4
57.1
61.9
64.5
67.6
70.4
73.8
75.4
74.5
71.5
73.2
68.2
70.5
72.7
73.9
73
74
73.3
75.2
74.5
76.2
77.8
83.8
95.8
97.7
97.8
97.8
97.9
97.9
97.9
97.9
97.9
97.9
97.9
97.9
97.9
97.8
97.8
97.8
97.8
97.8
97.9
97.9
97.9
97.8
97.7
97.6
97.7
97.8
97.9
98
98
98
98
98
98
98
98
98
98
98
98
98
98
98
98
98
98
97.9
87.3
67
62
61.8
64.4
65.7
74.8
86
95.4
97.1
97.5
91.3
71.5
68.8
72.3
69.2
65.5
60.9
57.3
58.6
60
57.1
82.2
90.5
97.5
97.5
97
97.9
98
98
98
97.6
97.5
97.5
97.6
97.9
98
97.9
97.8
97.8
97.8
97.9
97.7
93.5
91.9
80.7
97.2
97.3
97.6
94.1
95.1
96.7
82.4
79.6
79.7
90.2
84.8
80.8
81.4
97.6
97.9
98
98
98
98
97.5
88.4
92.9
97.8
98
98
98
98
97.9
97.6
97.5
97.3
97.5
97.6
97.8
98
98
98
98
97.9
98
98
97.9
97.9
97.9
97.9
97.8
97.7
97.6
97.6
98
98
98
98
98
97.9
98
98
98
98
98
98
98
98
98
98
98
98
98
98
98
98
98
98
98
98
98
98
98
98
98
98
98
98
98
98
98
98
98
98
97.9
97.9
97.7
97.9
97.8
97.7
84.3
82.7
88
80.6
76.3
78.3
69.7
64.7
68.1
79.8
91.5
97.2
97.4
97.5
94.7
97.5
97.5
91.3
88.8
97.4
96.2
97.5
97.5
97.7
97.8
97.7
97.6
97.5
97.6
97.7
97.9
98
98
98
98
98
98
98
98
98
98
98
98
98
98
98
98
98
98
98
98
98
98
98
98
97.8
97.7
97.6
97.7
97.8
97.8
97.9
97.9
97.8
97.9
97.9
97.9
97.9
97.9
97.9
97.9
97.9
97.8
97.2
90.3
80.2
78.7
80.9
77.1
81.6
83.9
89.9
93.8
95.3
95.9
97.5
95.5
97.6
97.8
97.9
97.9
97.6
97.1
96.6
96
97.6
90.4
79.6
90.7
82.6
79.6
76.6
74.7
NA
95.9
96.8
93
88.4
80.7
74.1
71.9
75.6
74.2
74.8
74.4
72.9
72.4
73.2
76
76
70.9
61.4
57.2
56.8
55.2
54.9
53.7
53.2
56.2
59.1
67.9
75.8
77.4
79.9
82.8
78.3
79.7
76.2
78.5
82.5
80.8
80.3
77.5
77.6
71.8
64.5
59.3
60.5
60.9
58
56.8
56.6
56.5
61.6
69
73.9
77.6
81.3
72.3
71.8
73.3
77.8
78.5
78
83
84.8
87.6
88.8
72.7
64.2
54.7
54.8
57.8
56.6
60.6
60
51
48.3
57.6
68.9
71.7
69.4
65.7
65.6
60.5
59.5
59
54.2
52.7
52.5
51.4
55.5
56.9
55.9
47.5
43.3
44.3
45.7
45.7
49.5
55.6
61.4
68.1
67.4
67.7
68.3
68.6
70.6
70.1
71.6
71.6
73.8
73.1
72.7
73.5
76.1
75.7
68
71.3
74.3
71.5
65.8
65.4
65.4
67.7
73
74.7
74.4
75.7
76.6
85.7
89.9
91.7
92.4
97.7
97.9
98
98
98
98
98
98
97.8
81.8
76.7
75
71
78.5
88
94.9
89
80.9
42.8
46.4
67.2
95.1
97.5
97.6
97.2
95.3
97.5
97.7
97.7
94
75.6
62.8
58.1
53.8
51.7
49.5
47.4
48.5
52.9
45
34.5
33
32.6
43.7
50.7
52.8
55.7
56.2
56.9
59.3
56.7
46.7
45
42.1
37.6
32.2
29.6
28.4
28.8
27.9
26.3
26.1
25.8
27.3
30
36
34.4
35.3
35.7
36.4
43
51.5
51.4
43
50
56.2
56.7
50.7
44.8
43.2
42.9
43.2
44.4
43.6
43.4
42.9
43.2
46
51.7
55.9
58.4
60
60.8
62.6
63.2
61
59.8
61.4
63.6
64.3
64.2
64.7
61
54.6
51.5
52.9
52.2
49.8
49.5
51
55.6
60.9
71
75.7
71.2
72.9
72.6
73.3
77.2
77.8
78.9
79.6
77.5
78.1
82.6
79.3
71.4
61.4
59.4
57.8
55.5
52.3
49.4
47.3
45.3
46.7
51.5
52.9
57.5
76.6
81.4
81.1
81.8
79.3
81
82
80.4
93.8
97.3
93.8
76.3
65.8
63
60.3
59
56.6
56.1
55.7
56.6
58.2
66.6
65.2
59.5
57.9
55.5
57.5
56.6
58.7
59.8
58
40.6
35
30.2
26.9
25.8
24.8
24.9
24.7
24.6
25
25.2
25.1
25.5
26.5
27.5
28.7
29
29.9
32.7
34.5
35.9
40.2
39.8
42.9
42.6
47.3
48.4
43.1
40.2
36.4
32.3
32.9
31.9
29.7
27.5
27.8
27.7
31.1
41.3
43.4
45.3
46.2
47.4
55.4
56.9
58.1
60.8
68.1
72.3
73.3
74.9
64.1
54
48.2
48
48.1
48
46.2
45.6
NA
NA
49.5
54.1
57.7
58.8
70.9
82
88
91.9
96.4
97.5
97.5
97.5
97.5
97.5
91.2
73
62.7
59.8
58.2
57.5
56.5
55.3
54.4
55.1
58.1
62.9
63.9
64.7
65.2
66.7
68.7
75.2
77.6
83.2
79.7
90.7
97.5
97
95.3
93
84.2
82.7
72.5
69.9
70.7
71.2
70.1
69.9
73.1
85.6
90.4
94.5
96.1
96.8
94.7
88.4
92.5
95.4
91.6
90.4
88.4
89.5
84.6
82.7
79
79.7
72.8
65.2
63.9
64.4
62.4
62
63.7
68.9
72.3
68.7
67.4
69
72
75
75.3
72.7
72.8
74.8
71.1
72.8
72.5
68.9
67.6
67.7
64.9
61.7
57.9
55.8
54.7
55.2
58.4
66.3
75.6
80.2
81.7
79.6
73.7
73.5
71.7
80.8
81.5
82.8
86.2
94.4
86.4
70.8
65.7
60.9
57.3
54.3
53.7
51.7
52.7
54
55.5
57.9
64
71.1
74.1
78
79.7
80.5
82.3
86.6
87.5
84.1
88.4
93.4
82.4
69.1
60.3
57.1
56.4
55.1
54.5
56
57.5
58.9
59.3
60.5
63.2
65.5
67
72.1
77.9
76
81.1
77
88.1
90.1
81.3
85.2
85.6
80.7
89.1
92.8
97.5
97.6
98
98
98
98
98
98
98
98
98
98
98
98
98
98
98
98
98
97.9
NA
NA
NA
NA
71.3
69.3
64
61.1
62.1
64.4
71.9
85.8
97.5
97.7
97.6
97.8
97.8
98
98
97.8
97
97.3
94.2
97.7
96.1
88.8
71.2
69.7
70.8
70.7
71.3
69
68.6
71.8
72.4
73
77
83.1
93.3
92.1
85.8
83.4
90.6
88
80.3
76.1
76.2
72.2
70.5
71.2
89.6
97.5
97.7
97.8
97.6
98
97.6
96.2
97.6
97.7
97.8
97.8
97.8
97.8
97.7
97.8
97.8
97.9
97.9
97.9
97.9
97.9
96.8
80.7
70.4
69.7
70.9
69.5
68.5
66.9
68.3
71.4
72.9
74.7
79.5
87.1
93.6
94.7
96.8
93.7
94.3
97.5
97.6
97.6
97.7
97.7
96.1
82.5
70.7
68.5
65.6
63.1
60.9
59.1
58.1
59.8
61.1
70.1
77.6
88.1
93.1
90.8
93.4
97.3
97.5
97.4
97.5
97.6
97.5
97.5
96.4
91.5
91.2
96
97.4
95.1
82.8
77.7
77
77.2
84.6
87.7
94.6
95.1
95.3
97.5
97.5
97.5
97.6
97.5
97.5
97.6
97.6
97.8
98
97.8
98
98
98
98
98
98
98
98
98
98
98
94.2
97.5
97.7
95.6
97.9
97.9
88.6
84.1
77.3
78
78.4
66.9
57
51.9
50.8
50.4
50.7
42.5
39.2
38.6
37.2
39.4
45.1
52.5
57.2
60.4
56.6
53.3
51.5
57.9
62.2
58.4
61.2
58.5
56
62.7
59.5
55.8
58.4
56.8
57
57.4
61.3
64
61.1
63.3
70.1
81.7
86.6
92.5
96.8
97.2
92.6
94.5
97.5
97.2
96.2
95.6
96.4
90.1
74.1
65.9
62.3
58.6
55.9
55.2
54.7
54.3
55
58.5
65.9
74.6
81.1
91.9
97.5
97.6
97.7
97.8
97.6
97.5
97.6
97.5
97.5
96.2
87.6
81.4
78.1
77.5
79
78.7
77.7
80
95.2
97.7
97.8
98
98
98
98
98
98
98
98
98
97.8
97.7
94.8
80
70.7
67.2
66
66.1
65.2
59.4
56.2
53
54.9
58.4
63.5
73.3
81.3
76.1
77.1
83.9
74.6
81.5
86.6
94.4
96.6
97.6
97.5
91.8
78.5
67.5
63.4
61.7
59.8
52.1
30.9
26.5
24.4
26.4
28.2
30.2
36.5
68.4
80.5
92.9
97.5
97.6
97.6
97.6
97.6
97.5
91.6
69.1
54.7
52.3
51.3
46.8
44
43.8
39.9
38.7
39.6
43.4
48
59.1
62.9
61.9
61.9
58
59.4
59
58.2
60.2
62
63.1
64.8
61.5
62.1
62.7
65.1
85.3
97.8
97.9
98
98
98
98
98
98
98
98
98
98
98
98
98
98
98
98
98
97.9
97.9
97.8
97.8
97.9
97.6
95.2
93.4
97.5
97.5
97.5
97.6
97.6
97.7
97.7
97.7
97.7
97.7
97.6
97.7
97.7
97.7
97.7
97.7
93.5
78.5
74
68.5
65.1
61.6
59.8
58.4
55.9
58
61.2
65.7
74.9
85
96.4
97.5
97.6
97.6
97.6
97.7
97.6
97.7
97.8
97.6
82.9
68.6
62.2
60.5
57.5
53.8
53.2
50.3
50.2
51.1
53.7
58.3
69.7
75.6
80.8
82.7
84.4
85.9
86.5
89.8
89.3
93.2
95.3
91.1
79.5
72
74.3
70.4
69
69
70.4
71
71.5
76.1
84.3
75.7
90.7
96.7
96.2
94.4
93.2
97.4
91.7
93.4
92
89.6
92.6
97.6
97.5
97.4
92.1
91.9
97.4
86
83.3
83.9
96.9
97.5
97.9
98
98
98
98
98
98
98
98
98
98
98
98
98
97.9
97.6
84.8
66.8
70.3
69.6
72.2
69.3
66.7
61.9
63.8
70.3
80.3
83.9
80
90.2
91
84.4
86.6
89.6
89.1
83.8
83.3
69.2
57.5
60.4
53.5
51.9
52
48.4
48.7
46.9
46.2
47
51.6
59.6
66.6
60.3
55.3
56.7
54.1
59.5
58.3
60.9
62.8
67.2
67.4
63.7
52.6
48.8
47.4
47.2
47.6
46.8
44.2
43.8
41.6
37.6
39
42.1
53.5
59.1
61.2
63
67.6
70.4
72.4
72
76.2
77.2
77.5
71
58.1
51.7
51.2
50.3
50.4
50
49.1
46.5
44.7
44.2
48.4
58.4
69.1
74.8
80.3
85.5
97.1
97.5
97
97.6
97.6
97.5
97.5
94.6
77.9
72.8
68.8
67.9
65.7
69.7
73.6
92.2
97.9
97.7
97.6
96.9
97.8
97.6
96.9
96.7
93.1
87.7
94
97.5
97.6
97.8
98
98
98
98
88.7
80.9
78.1
73.4
68.9
64.6
61.8
62.3
65.2
69.4
82.9
95.7
91.9
90.6
90
90.8
97.6
97.7
97.9
98
97.9
95.3
92.5
85
78.5
73.3
73.9
76.3
80.8
96.4
97.4
86.3
68.4
80.2
92.5
87
96.7
97.1
97.6
97.7
97.7
97.7
97.7
97.6
90.1
93.3
82.9
69.9
74.2
74.7
67
64.6
65.3
62.4
55.6
60.8
93.4
97.7
97.4
95.7
97.5
97.6
97.6
97.1
97.5
97.7
97.8
97.8
97.8
95
77.8
64.7
58.7
56.6
55.1
54.1
53.9
56.9
65.4
62.9
63.2
69.6
71.2
74.7
77.6
76
77.3
96.9
97.3
97.6
97.6
97.7
97.7
92.4
73
60.9
57.8
59.2
60.2
59.3
55.5
54.7
54.6
54.4
56.7
62.8
73.3
84.1
87.7
83.9
87.3
85.7
89.9
97
97.5
97.5
97.3
88.7
69.5
59.3
56.9
56.2
53.2
50.7
50.1
48.1
49.6
49.5
51.5
60.5
70
73.9
78.7
81.7
85.7
86.1
89.9
92.9
96.1
95.9
96
83.6
64.6
56.4
53.5
53.6
50.9
49.2
47.6
46.7
42.7
39.9
43.6
49.6
56.9
62.4
63.9
70.1
70.1
70.4
77.9
80.4
85.8
84.6
87.3
77.2
67.5
55.8
48.1
46.3
46.8
46.5
45.6
44.2
42.4
42.5
44.3
47.9
56.6
62.7
66.2
67.6
72.9
76.6
71.9
64.6
67.3
74.1
82.8
78.3
65.6
57.6
54.6
55.5
53.3
51.2
48.8
46.4
44.5
44
45.4
49
57.8
66.8
71.6
69.5
62.8
59.1
63.6
59.8
61.6
64.4
65.6
65.8
61.7
59.3
57.8
58.6
65.5
52
50.2
49.3
54.3
62.4
66
76
97.4
98
97.9
88.7
76.7
92.5
95.9
96.9
97.5
97.6
97.6
97
76.2
70.7
65.9
67.3
73.7
71.1
57.6
49
48.1
47.7
52.2
53
57.8
64.8
69.9
64
63.7
72.3
71.2
70.9
72.3
81.5
76.6
68.3
64.1
60.5
62.3
61
58.1
57.6
65.2
96.5
75
74.1
91.8
90.2
98
98
98
98
98
98
98
98
98
98
98
98
97.7
96.6
95.4
94.6
89.1
73.1
66.5
66.3
69.2
76.4
78.8
79.8
97
97.6
97.7
97.8
97.7
97.8
97.8
97.9
97.9
98
98
97.7
94.9
93.9
80.9
75
72.6
70.2
67.4
63.4
63.6
67
87.6
97.9
97.2
93.4
94.1
98
98
98
98
98
97.9
98
98
97.8
92.1
78
89.1
76
60.3
64.5
69.1
72.4
73.7
75.1
76.8
80.6
89.8
97.1
97.4
97.5
97.6
97.6
97.6
97.6
97.8
97.7
97.6
97.6
92.5
81.9
76.4
75.6
69.9
66.6
64.3
62.7
60.9
62.8
65.5
68.9
77.3
85.6
92.3
88.2
91.9
90.3
94.7
98
98
98
98
98
97.9
92.8
81.2
73.7
74.9
73.2
71.5
71.9
70.7
66.5
69.3
73.9
88.8
97
97.7
97.7
97.9
97.9
97.5
97.7
97.8
97.9
98
97.5
84.7
70.8
68.6
66.9
66
64.1
62.6
62.4
62.1
63.1
64
64.4
69.9
79.1
86.6
97.3
97.5
95.5
83.4
72.6
74.3
78.5
94.8
82.8
66.9
60.7
58.6
56.8
57.2
56.4
55.3
55.3
55
56.8
58.1
60.1
60.6
58.5
57.6
62.4
71.1
77.4
76.8
76
79.2
88.3
93
88.7
82.5
65.3
58.5
58
58.2
60.4
65.5
69.8
78.9
81
72.8
64.6
71.5
77.1
78.5
68.6
68.6
67.5
73.4
75.2
78
78
84.5
83.5
65
60.1
53.6
47
45.4
45.9
47.5
45.3
44.1
44.3
49.5
57.4
63.8
76.9
79.9
90.5
94.3
94.8
95.4
97.5
97.6
97.6
97.5
81.7
65.7
59.2
55.1
55.1
53.1
52.3
50
46.7
46
45.5
46
49.8
60.2
67.9
71.4
68.7
60.7
63.2
70.7
76.5
78.9
86.3
93.8
97.8
92.3
88
84.1
74
69.9
59.6
57.1
55.8
56.4
61.8
77.7
70.6
86.6
83.6
90.2
83
83.4
94.3
98
98
98
98
96.4
98
98
98
98
98
93.9
75.4
81.7
84
78.4
85.2
86.4
90.3
97.6
97.6
97.7
97.6
97.6
97.6
97.6
97.7
97.8
98
97.8
90.2
72.7
66.1
63.9
62.1
58.1
54.6
52.4
52.1
52.3
55.3
65
75.4
96.3
94.6
85.5
91.6
97.7
93.3
97
97.8
97.9
97.9
97.8
97.5
85.5
71
64.8
61.8
60.5
58.2
56.3
55.6
56.4
55.5
56.5
59
67
83
91.1
97.3
88.2
96.8
97.7
97.7
97.5
97.8
97.8
88.8
72.1
60.3
55.2
53.4
49.8
49.1
48
46.5
44.1
42.1
49.6
52.1
57.7
65.4
68.1
74.8
82.4
86.5
92.8
89.1
89.4
90.8
88.6
72
62.2
55.9
48.5
46.7
47.3
48.4
48.6
48.9
50.4
52.1
57.5
58.9
61.2
61
63.8
63.6
66.2
88.1
98
98
98
97.9
97.9
97.9
97.9
87.1
74.9
68.6
67.2
64.4
61.2
59.8
60.5
63.9
64.6
66.2
74.6
74
75
74.2
77.1
88.1
94.3
97.8
97.6
97.7
94.2
85.7
87.5
70.5
71.6
67.8
61.8
58.4
57
56.6
55.3
52.6
54.5
58.5
70.5
81.7
91.6
91.6
97
95.7
97.7
97.7
97.6
97.2
97.4
88.5
70
62.6
60.5
60.6
58.1
54.4
54.6
55.6
53.6
53.6
55.6
64
66.7
76.2
81.4
92.6
96.9
97.6
97.6
97.8
97.8
97.9
97.8
95
82.9
70.4
64
62.4
62.1
59
57.6
55.7
54.1
53.2
53.1
57
69.7
73.5
78.7
78.6
81.3
86.8
86.5
92.2
97.6
97.7
97.7
97.6
84.1
72.6
72.9
72.7
65.8
67.2
63.6
61.7
66.5
66.3
67.3
74.1
80.5
93.6
91.4
95.5
97.6
95.7
97.6
97.8
98
98
98
97.8
84.7
73.6
66.2
57.1
55.4
54.6
55.9
55.5
51.7
49.8
51.5
53.1
62.6
63.4
71.7
75
84.6
82.6
94.1
97.4
94.6
85.7
89.1
86.2
76.9
71.1
73.1
75
73.6
70.1
65.9
65.7
64.6
61.9
60.6
65.6
74.6
88.3
95.6
96.9
97.6
97.6
97.7
97.8
97.8
97.8
95.1
90.7
78.5
68.9
62.8
64.8
61.4
61.6
59.4
59.7
58.3
58
59.2
66.6
73.7
82.6
86.8
79.2
86.4
88.1
97.3
97.5
88.2
85.9
83.8
79.2
72.6
68.4
63.3
61.5
60.3
59.4
56
51.8
51.3
52.3
55.3
56.3
58.4
58.9
61.4
64.4
68.4
84.7
94.2
95.1
97.5
86.3
82.5
72.6
67.3
63.4
61.6
62.5
60.9
58
56.8
57.4
55.9
57
60.4
64.2
59.5
55.6
60.8
67.4
80.5
79.9
85.7
92.5
88.1
87.6
86.3
75.1
73
68.4
63.7
62.2
58.7
54.8
50.7
48.3
48.5
54.6
56.9
60.7
67.2
73.7
81.2
97.5
97.4
97.5
97.5
97.7
97.8
97.7
97.6
95.7
NA
NA
NA
NA
52.9
50.7
49.4
49.7
49.2
50.2
52
55
65
72
78.1
79.3
82.9
84.2
80.4
97.3
97.6
97.7
97.2
81.1
65.9
59.2
57.5
57.4
55.5
51.7
48.7
46.4
46.3
50.5
51.8
53.2
57
62.5
66.8
71
78
81.7
84.7
85.9
85.7
91.1
87.6
77.8
70.4
66.7
63.8
57.9
57
54.1
54.9
52
52
52.6
55.6
58.7
65
71.2
77.3
86.5
97.4
97.7
97.9
98
98
98
98
94.8
74.6
66.8
61.4
56.4
56.6
56.8
57.3
56.3
58.9
65
59.5
50.5
53
59.7
68.8
74.6
71.8
72.3
72.9
88.4
85.1
97.3
93.3
91.9
84.1
95.5
91.7
81.4
78.5
74
69.7
70
76.1
87.8
94.3
97.5
98
98
98
97.8
98
98
98
98
98
98
98
95.5
58.9
42.9
37.5
34.8
51.5
61.4
61.2
57.3
47.6
51.9
53.5
56.1
67.8
78.1
76
69.2
67.9
59.5
60.8
62.8
54.7
50
52.4
50.7
42.4
37.5
35.7
38.3
39.2
39.7
52.9
51.5
50.3
45.6
44.7
46.4
56.1
57.8
65.1
75.2
81
85.6
92
94.7
90.9
77.6
66
52.9
49
39
37.9
36
36.1
35.2
34.5
33.9
35.2
35.7
37.6
38.7
45.7
53.6
57.4
60.1
62.6
64.2
76.2
92.5
82.2
87.6
80.8
78.4
75.6
61.2
48.5
42.9
39.6
41.9
39.7
38
36.7
35.6
38.8
41.8
44.5
52.2
54.2
58.8
62.4
66.1
71.8
59.4
52.3
51.8
50.7
51.8
46.5
46.6
44.7
33.3
33.2
30.5
29.2
27.6
27.3
31.8
35.4
34.9
41.5
44.4
47.1
49.5
49.3
47.2
46.6
47.5
46.9
54.8
56.5
53.5
46.7
40.1
38
35.3
35.8
37.1
34.2
33.9
33.6
32.7
31.1
30
29.4
31.5
32.7
33.8
35.6
42.6
41.4
47.9
50.6
58.1
54.1
47.4
44.5
41.8
44
44.5
43
42.3
43.2
48.8
52.5
50.1
51.6
53
56.2
60.7
68.3
78.1
87.3
97.3
97.6
97
91.6
97.5
94.2
85.1
75.2
66.5
65.9
64
60.9
59.3
54.5
55
54.9
56
71.2
73.3
68.2
68
74
84.7
96.8
97.4
97.7
97.8
97.9
97.8
97.7
86.6
70.5
65.3
59.2
54.6
50.8
49
47.3
45.6
44.8
43
43.9
45.2
47.3
51.7
56.7
54.2
59
61.5
62.1
58.1
56.5
57.5
56.8
59.1
59.1
52.4
42.6
40.3
39.8
41.9
42.3
42.5
42.5
43.4
44.8
46
49.1
51.9
54.9
57.4
60.3
65.2
67.1
61.9
71.1
78.4
84.4
71.3
54.9
49
46.5
44.1
42.9
43.6
43.1
44
44.6
45.3
46.1
46.7
49.5
55.4
57.4
66.6
66.7
70.1
65.7
71
72.5
73.6
70.8
64.5
58.2
50.7
48.6
46.4
45.2
45.3
45.3
43.5
43.2
44.5
46.1
47.9
53.1
57.8
59.7
61.9
62.2
62.8
71.4
73.2
66.1
62.1
65.6
59.1
56.8
55.3
51.4
51
51.5
49.6
49.2
49.6
49.3
51.1
51.9
53.7
56.5
57.1
56
54.4
52.8
53.3
53.6
54.6
59.5
65.5
67.6
56.7
49.8
47
45.5
45
44.6
44.4
44.3
43.9
45
46.1
47.8
50
51.5
61
68.7
74.2
78.4
78.7
83.3
88.2
87.8
91.6
90.4
69.8
60.7
54.2
52.8
49.4
47.4
46.3
45.5
43.1
42.4
41.5
42.4
43.1
48.6
57.5
59.3
60.5
62.1
65.4
66.6
67.6
74.3
81.3
83.4
69.7
61.2
53.1
50.1
45.9
42.1
39.9
39.1
38.4
38.3
40.3
42.9
43.2
51.3
58.8
63.9
66.4
72.3
70.3
78.5
81.3
87
89.3
83.9
67
56.7
47.1
41.8
39.5
37.9
35.7
33.6
33.8
34
35
37.6
41.6
50.9
58.1
62.2
56.2
64.2
66.6
64.6
70.4
74.4
75.4
69.8
62.3
55.1
48
39.6
39.1
37.8
37.8
40.3
39.2
41.4
44.9
47
48.1
52.5
52
56.3
62.3
66.6
70.1
79.3
80.7
83
78.5
65.1
68.2
59.9
54.7
47.5
45.8
44.4
43.2
42.8
43
43.8
43.7
46.7
52.1
59
61.9
69.5
71.2
77
85.3
87.6
84.3
83.5
74.8
78.1
68.8
60.1
57
56
54.9
53.2
52.1
53.9
49.5
45.9
51.5
51
46.7
48
52.6
54.6
58.5
68.3
72.8
70.2
72.2
79.3
86.4
91.4
74.9
63.7
56.9
54.9
54.5
49.7
48.6
45.1
43.6
44
44.4
43
45.3
52
55.3
58.1
61.7
64.8
67.9
72.8
73.7
77.3
78.9
76.8
64.1
58.5
53.3
51.1
48.6
46.1
43.5
43.4
43.9
45.2
50
49.6
46.2
49.6
57
61.4
60.6
64.7
68.6
70.9
67.6
71.3
75.7
76.1
69.9
64.9
58.7
50.5
43.4
41
41.1
40.3
39
37.8
37.4
38.6
45
50.3
56.5
64.6
72.2
76.8
81.8
85.9
89.6
90.9
92.3
86.8
69.5
59.2
53.5
51
48.8
48.5
45.6
40.7
47.2
49.6
47.8
48.3
48.8
52.4
56.2
60.8
69
73.4
77.8
83
83.8
72.6
71.2
69.1
65.5
55.5
53.5
50.7
48.9
48
45.1
43.4
41.1
40.9
39.8
42.5
43.6
47.3
55
60.1
60.7
60.9
67.6
70.4
69.1
76.8
79.5
76.2
63.4
53.6
48.4
47.4
46.7
45
45.5
44.4
43.5
41.7
41.6
42.4
47.6
51.2
60.1
68.4
84
90.4
82.5
77.6
69.7
69.1
69.3
67.2
66.4
66.7
57.2
51.5
51.4
51.1
48.9
48.9
56
60
55.3
57.5
61.9
71.3
77.6
67.7
63.8
61.3
62.1
62.6
66.8
65.5
71.6
72.3
65
58.3
59.3
55.8
52.1
50.4
47.9
47.6
44.3
41.4
38.2
41.7
47.4
46.8
55.9
63.7
67.8
67.3
72.2
71.2
73.6
71.2
68
64.5
55.8
49.4
43.1
43
43.2
44.2
42.5
41.4
41
40.6
40.3
39.3
37.7
44.8
55.2
60
55.9
60.2
53.7
59.4
57.8
NA
NA
NA
NA
65.6
57.8
51
45.9
47.4
48.8
49.8
49.3
48.7
49.8
51.8
56.2
62.3
73.2
81
77.7
80.1
74
78.1
88.2
83.7
88.8
96.3
62.8
70.2
63.8
78.9
72.4
65.1
56.6
50.3
47.2
46.1
45.4
47.3
50.6
59.9
70.9
74.3
65.7
65.8
64.7
62.8
63.3
57.8
62.2
61.8
52
48.1
39.7
37.3
40.6
41.2
42.2
40.9
37.2
37.9
39
39.9
44.1
46.8
53.4
61.8
64.8
64.4
65.3
68.1
69.5
75.5
78.4
77.3
63.6
54.7
44.9
41.3
42.7
44
41.8
41.3
41.7
43.7
44.7
46.4
47.4
48.1
53.4
56.7
57.7
55.8
55.3
54.4
56.2
63.7
68.4
71.9
60.6
57.5
53.3
52.6
54.4
49.7
49.9
48.1
45.5
46.5
47.9
49.9
52.4
54.8
58.5
61.5
59.8
58.6
58
59.6
66.4
70.3
72.4
75.7
66.5
55.7
51
48.2
47.8
47.8
47.3
47.4
48.9
50.9
51.9
53.1
53.9
60.1
97.3
97.9
97.9
97.2
93.6
97.8
97.6
97.8
98
97.9
97.7
97.2
77.1
59
56.3
55.3
54.1
54.6
56.5
55
54.9
54.6
56.9
58.8
64.6
63
57.3
56.2
59.2
68.8
64.3
72.2
78.7
75
71.8
61.7
51.3
47.9
46
45
44.7
45.6
46.4
47.6
48.4
50.5
52.7
54.7
58.8
61
68.7
73.5
72.8
83.7
80.7
90.9
90.1
82.6
78.9
67.9
61.2
58.1
52.8
48.4
46.7
46.5
57.4
53
60.8
59.3
59.5
84.8
98
98
97.9
97.9
97.8
97.8
97.8
95.7
95.8
97.6
97.5
95.1
85.8
84.9
79.9
NA
NA
NA
NA
95.3
97.9
97.9
98
97.9
98
98
98
98
98
98
98
98
98
98
97.4
84.2
71.7
66.7
61.4
57.1
54.3
52.5
52.5
53.2
67.6
86
96.7
97.6
97.7
96.6
94.5
84
83.7
97.7
97.8
87.7
89.4
94.5
77.9
67.2
59.5
53.7
51.4
49.7
48.9
49.4
47.8
48.8
48.1
52
57.1
61.2
67.7
68.3
80.7
89.2
91.2
81.1
93.4
97.6
97.7
97
76.6
65.7
57.3
53.2
53.3
50.8
47.2
46.2
45.9
43.9
44
47
51.4
55.3
62.8
73
79.3
79
76.2
78.6
84.2
96.3
96.2
88.7
80.6
68.4
61.9
49.9
48.4
44.8
43.2
45.2
46.2
48.5
47.5
49.2
49.6
53.9
61.3
67.8
64.4
65.3
69.7
72.8
77
76.5
85.9
87.8
76.7
65.3
58.1
55.4
52.5
51.9
51.2
51.2
58.7
75.9
71.2
69.2
68.1
65.5
65.6
81.5
92.6
76.6
72.9
82.7
89.7
76.3
89.4
91.2
73.8
63.2
53.6
48.6
47.7
47.6
48.7
49
47.5
50.7
88.4
83.1
96.6
97.4
95.9
82.9
71.6
66.4
78
86.5
94.5
96.6
89.6
85.1
78.8
67.4
59.7
55.8
54.1
52.8
53.1
53.2
52
49.6
54.5
66.4
68.7
67.2
67.8
65.8
62.5
57.7
58.9
57.5
56.1
61.5
66.1
72.4
71.6
62.2
54.9
48.6
47.8
48.5
48.7
47.9
48.9
49.1
50.6
53.6
56
60.1
64.5
68.2
62.7
60.4
70.1
69.1
73.6
76.2
74.3
66.4
67.6
63.8
60.4
57.6
54.8
52.7
53.2
52.2
50.8
51.6
52.1
53.8
55.7
57.6
60.8
62.6
60.4
59.5
63.5
61
62.5
59.1
55.6
58
58.2
50.9
49.9
50
48.2
47.7
47.7
46.4
46.4
46.7
48.7
50.6
53.1
56
62.4
70.5
82.1
80.7
72.3
79
90.7
96
97.5
95.5
73
61.7
52.8
50.7
48.5
46.8
45
44.6
44
43.4
43.7
45.8
48
52.3
57.9
66.9
67.3
68.4
74.1
71.8
74.1
78.9
85.5
87.6
72.1
62.1
56.9
50.1
47.4
46.2
44.5
46.5
47.3
46.5
47
47.4
50.6
56.3
68.7
74.7
81.5
85.8
88.6
93.4
93.3
94
93.4
87.5
68.3
59.7
52.9
46.3
44.5
43.6
37.4
33.1
31.2
32.6
36.8
37.9
39.9
48.4
55.8
58.9
60.5
61.6
61.5
62.1
66.8
69.9
70.9
72
62.4
NA
NA
NA
NA
NA
NA
NA
NA
NA
NA
NA
NA
NA
NA
NA
NA
NA
NA
NA
NA
NA
NA
NA
NA
NA
NA
NA
NA
NA
NA
NA
NA
NA
NA
NA
NA
NA
NA
NA
NA
NA
NA
NA
NA
NA
NA
NA
NA
NA
NA
NA
NA
NA
NA
NA
NA
NA
NA
NA
NA
NA
NA
NA
NA
NA
NA
NA
NA
NA
NA
NA
NA
NA
NA
NA
NA
NA
NA
42.6
41.9
43.5
42.7
44.9
48.1
49.9
60.8
63.2
63
60.4
58.9
60.6
71.2
78.8
70.2
74.2
70.4
68.4
56.8
48.3
45.8
45.2
45.1
44.7
44.7
44.1
45.9
48.8
50.6
55.1
63.2
61
59.8
61.3
65.6
61.7
64.8
76.4
79.2
76.3
77.4
65.7
60.8
53.7
51.5
51
51
50.7
49.3
54
97.7
97.8
91
74
92.9
86.7
93.5
91
97.6
97.6
97.6
97.6
97.6
97.6
89.1
68.7
58.4
51
49.4
48.3
47.4
45.7
45.4
46.2
45.6
46.2
46.1
52.8
57.4
59.3
53.7
58.6
56.1
56
67.6
72.2
84.2
90.5
77
66
59.5
55
54
53
49
48.9
48.6
48.9
54.7
56.9
58.6
58.6
59.2
62.3
63.8
67.1
74.2
78.9
77.3
86.6
94.2
90.3
74.6
70.4
64.5
55.8
50.2
51.6
51.5
50
47.7
50.7
92.1
85
66.6
70.9
83.5
88.4
95.6
92.5
90.6
96.4
97.7
97.4
96.7
96.6
77.4
58.7
54.9
52.5
50.9
49.6
45.4
44.5
41.8
41.7
41.1
41.7
45.7
51.5
62.3
67.9
72.1
69.3
68.9
69.2
67.5
69.9
71.6
72.4
69.2
61.9
57.2
47.6
45.9
45.6
44.5
43.7
43
44.5
47.9
48
51.7
56.2
73
68.1
62.8
62
96.3
81.2
80.6
83.9
90
94.3
96.9
NA
NA
NA
NA
71.2
63.9
66.6
64.7
67.7
68.9
75.3
86.9
85.6
97.9
97.6
97.6
97.9
98
98
98
98
98
97.9
97.9
97.1
87.5
77.5
72.1
65.7
63
62.2
59
58.9
62.6
74.1
98
97.9
97.9
97.9
97.7
97.6
97.6
97.9
97.8
97.7
97.7
97.7
97.7
97.7
97.7
97.7
97.7
97.8
93.3
77.3
64
61.6
62
69.7
73.9
86.1
93.7
95.8
97.5
97.4
97.6
97.7
97.7
97.6
97.7
97.4
87.1
71.2
66
65.5
59.8
58.2
56.2
53.6
52.9
53.8
57.5
86.7
97.8
86.1
82.5
79.9
93.1
96.2
97
97
96.9
97.4
93.1
97.6
95.4
71.3
60.8
56.4
56.9
55.8
53.3
49
56.8
53.1
56.6
62
68.6
81
81.2
85
86.1
97.2
97.4
96.6
97.6
80.3
91.5
92.7
79.9
64.4
57.9
51.5
50
50.5
50.2
49.2
49.8
41.7
49.3
51.2
54.1
63.6
70.5
74
64.9
61.5
57
59
57.9
55.4
54.7
55.6
57.3
61.7
52.4
46.2
41.6
40.5
39.4
38.9
42.5
42.6
39.4
42.9
41.2
50.6
43
41.5
44.7
46.2
48.1
47.8
46.5
51.8
53.7
57.5
57.5
56.3
49.9
38.1
36.7
35.9
37
39.3
37.9
38.5
39.1
38.9
41.5
47.8
51.7
52.6
54.2
55.5
61
61.1
63.3
61.4
63.5
76.4
70.6
61.6
54.5
49.5
51
48.8
52
58.9
59.5
55.2
53.3
54
56
59
62.2
70
78.1
81
87
88.8
94.4
97.5
97.5
97.5
81.3
67.3
58.6
54.3
52.2
51.8
52.4
50.9
50.5
50.6
53.4
64.2
77.4
92.9
90.6
83
84.3
84.2
89.6
97.7
98
97.9
97.7
97.9
97.8
96.9
80.6
73.1
69.4
65.6
64.3
65.5
64.8
57.8
64.4
64.8
64.5
68.3
81.8
95.8
98
98
95.8
97.7
97.7
97.9
97.9
97.8
97.7
97.5
89.8
79.7
93
94
72.4
60.4
59.7
61.7
58.3
59.8
58.8
66.2
78
78.9
87.1
93.6
91.9
97.5
97.6
97.8
97.9
98
97.9
96.2
75.3
68.9
65.8
77.1
61.3
57.4
59.3
58.6
57.5
59.5
63.3
72.9
80.3
97.8
98
98
98
98
98
98
97.9
97.9
97.8
97.6
91.5
78.5
78.2
71.2
65.2
60.6
57.7
55.3
56.2
56
60
70.4
76.4
92
97.6
97.7
97.6
95.3
96.7
97.9
98
98
92.9
75.3
68.2
63.7
61.5
59.6
58.7
58.1
55.8
54.7
53.5
57
60.3
66.8
68.1
69.7
68.1
75.9
93
97.8
98
98
98
98
97.7
98
98
98
90.2
76.5
75.5
72.3
82.4
97.6
97.6
96.8
97.5
92.8
92.1
91.8
95.4
96.4
94
96.8
97.5
95.8
96
97.6
97.1
90.4
80.7
79.2
78.5
77
76.1
73.6
66.2
68.1
72.5
96.8
98
97
91.1
96.3
97.5
95.1
95.9
97.7
98
97.9
97.9
98
97.7
95.4
83.4
67.2
61.4
60.2
57.9
56
52
50.5
49
52.4
62.1
69.8
80.2
72.4
65.3
88.3
96.6
98
95
97.9
97.9
96.6
94.2
78.2
69.7
71.7
71.4
65.1
60.5
57.2
66
67.2
66.4
75.1
81.7
94.4
97.5
97.6
97.7
97.7
97.8
97.9
98
98
98
98
95.4
79.5
68.9
65.1
64.9
64.1
65
64
63.3
60.2
58.5
60.6
66.8
71.8
74.8
80.5
77.7
83.4
96.4
96.1
90.3
94.8
88.2
77.4
79.8
70.6
65.5
62.8
62.1
57.4
53.7
52.5
52.2
51.5
51.5
54
58
67.4
80.3
92.8
92.6
96.5
97.3
97.1
97.7
97.7
97.8
97.9
96.4
81.5
76.9
64.8
61.9
60.8
59.7
57.7
56.9
57.6
57.3
58.9
61.8
74.1
86.4
86
88.1
82.1
86
96.8
93.2
97.8
97.9
97.9
97.8
88.4
78.6
65.8
64.9
62.5
62.6
60.5
59.5
60
57.4
58.8
62.1
73.8
87.8
91.7
84.4
90.5
79.4
80.4
88.4
88.9
90.5
88.9
90.1
94.4
98
98
93.2
72
64.4
66.5
64.1
80
98
98
98
91.9
95.6
83.9
97.1
NA
NA
NA
NA
NA
NA
NA
97.7
94.3
76.7
74.8
72.8
66.4
65.2
60
59.6
57.6
57.6
59.5
62.4
73.6
90.8
97.3
96.8
97.6
97.6
97.6
97.6
97.6
97.6
97.6
95.6
95.4
80
65.6
61.5
60.4
58
55.8
54.1
54
53.2
56.7
72.1
69.4
74.5
86.8
96.5
98
97.8
97.8
94.2
92.1
96.3
96.2
96.7
93.3
81
75.6
70.9
72.2
68
62.4
60.2
59.7
60.1
64.2
72.9
82.7
92
92.3
97.6
96.8
97.7
97.8
97.8
98
97.8
97.8
96.1
86.7
74.2
67.8
63.9
63.8
62.1
62.1
64.7
64.6
62.4
64
72.4
92.7
98
97.9
97.9
97.9
97.9
97.9
98
98
98
98
96.8
50
38.9
35.6
33.6
34.3
31.2
32.2
32.3
37.5
47.2
47.7
48.9
48.1
50.1
59.1
72.6
80.3
97.7
97.7
97.9
97.5
97.3
96.8
84.5
77.1
68
55.8
50.2
40.5
34.8
33.3
33.2
32
31.6
32.2
32.1
32.1
32.9
34.1
35.7
38.7
48.6
52
48.7
62.2
70.3
71.8
64.5
56.4
49.4
46.5
45.3
40.7
40.6
40
39.2
37
35.9
38.6
45.9
52.9
62.3
61.2
69.6
71.3
71.5
80.5
89.6
94.1
92.4
95.3
79.3
64.5
56.3
47.8
46.1
46.7
44.9
43.6
42.6
41.5
41.4
46
58.1
66.5
70.8
71.1
79.1
85.8
86.9
89.5
92.4
91.9
96.6
93.1
86.3
71.4
60.7
53.9
52
50.4
50
48.9
47.3
47.9
48.2
52.6
64.4
71.7
75.4
74
72.3
79.5
86.6
96.6
97.5
97.5
97.5
97.6
97
86.1
67.2
60.5
57.4
56.6
55.2
54.1
51.8
50.7
50.5
52.1
57.7
71.8
78.5
78.1
85.8
96.4
97
97.5
97.6
97.6
97.7
97.7
95.5
76.9
68.6
62.7
59.2
57.4
54.4
51.6
50
49.1
49.1
53.1
62.2
69.5
78.7
86
96.4
96.9
97.6
97.1
94.4
97.8
97.7
97.7
97.7
80.7
73.7
68.5
64.7
62.1
59.4
56.7
54.7
52.5
53.1
59.4
68.5
84.1
94
95.6
97.6
95.1
97.7
97.7
97.8
97.9
97.9
97.9
97.8
88.1
71.6
61.9
57.9
56.7
54.5
51.9
51.2
51.7
52.9
61.2
66.1
73.2
81.4
90.2
89.6
88.3
81.8
97.5
97.7
97.8
97.8
97.9
97.8
91.3
73.4
67.5
63.5
58.4
57.3
57.2
56.9
56.8
57.5
65
78.4
89.3
97.5
97.5
97.6
97.6
97.6
97.6
97.3
97.6
97.7
97.7
95
97.5
83
75.2
67.9
62.6
64.2
61.1
54
50.5
51.4
56.3
60.6
78.7
98
97.7
96.2
93.2
97.4
97.7
97.7
97.7
97.6
96.1
81.1
60.5
52.3
52.2
51.3
50.3
47.7
46.8
44.5
43.5
44.9
47.2
55
64.5
73.4
81.3
81.6
88.5
94.8
91.6
96.6
97.5
97.5
97.5
90.2
68
56.8
49.2
49.6
49.5
48.5
47
46.6
46.4
47.3
50.8
59.3
69.5
74.8
81.5
87
92.9
84.7
95
97.5
97.4
97.7
97.8
96
76
61.5
56.4
54.3
53.1
50.8
50.6
48.6
46.7
47
48
54.1
64.6
73.3
82.2
77.2
85.7
90.7
93.2
95.9
96.8
95.7
97.5
88.5
78.4
68.6
60.7
59.1
54.2
53.9
49.5
44.1
45.3
48.2
50
58.7
61.1
71.5
74.3
77
83.1
87
91.1
96.3
97.4
97.1
97.5
95.7
73.8
60.5
54.6
52.8
51.2
49.1
47.5
46.8
45.8
46.6
48.6
53
59.9
60.7
56.9
58.5
63.3
63.5
64.7
62.9
68.5
75.7
94.9
81.8
75.7
75.6
71.1
70.2
67.6
75.6
71.3
84.1
97.6
98
98
98
97.8
97.6
98
98
98
98
98
98
98
98
98
98
98
98
98
97.9
98
97.7
89.4
85.7
96.1
96.9
93.5
97.7
97.8
98
97.7
95.5
90.2
94
89.1
87.6
95.9
93.2
97.8
97.9
97.8
85.6
70.9
68.8
64.3
59.9
60.5
61.5
66.1
70
74.6
83
87.3
95.3
97.9
98
97.9
97.9
97.9
97.8
97.8
97.8
97.8
97.8
97.8
97.9
98
97.7
91.5
82.1
69.1
80.5
97.6
97.7
97.6
97.7
97.7
97.6
97.6
97.7
97.7
97.7
97.9
98
98
98
98
97.9
95.7
79.7
73.8
72.6
68.6
73.3
71.7
69.1
64.2
65.1
73.1
93.2
97.6
97.3
97.6
97.9
97.9
98
98
98
97.9
98
98
98
91.5
76.1
71.9
69.3
65.7
60.9
56.5
56.5
55.2
57.2
65.9
79.9
85.6
97.1
97.6
93.9
97.6
97.7
97.9
97.9
98
98
98
98
95.1
81.4
68.7
63.3
61.9
61
59.6
59.5
58.3
61.2
73.1
87.5
97.6
97.6
97.7
97.6
97.7
97.6
97.8
97.9
97.9
97.9
97.9
98
97.7
83.8
74.3
68.7
66.8
63.6
64.2
59.8
59.3
62.5
75.4
91
97.5
97.6
95.8
97.6
97.7
97.9
98
98
98
97.9
98
98
96.8
81.3
68
64.7
64.2
61.8
61.1
59
58
59.8
69.3
81.3
95.7
97.6
97.6
88.7
97.6
97.9
97.9
97.9
98
98
98
98
97.8
93.8
82.2
89.5
81.1
78.1
75.8
72.1
71.5
73.2
77.9
75.1
74.2
76.4
72.6
77
87.9
74.7
75.3
80.8
93
96.9
97.6
97.6
83.2
65.9
57
57
56.2
54.4
55.2
55.4
55.2
61.3
65.3
71.3
71.9
71.5
69.6
70.6
71.2
74.4
82.8
90.7
95.1
97.4
94.8
93.5
97.9
98
98
98
98
98
98
98
98
98
98
98
98
98
97.9
97.9
97.9
97.9
97.9
97.9
97.9
98
98
98
98
97.8
86.5
77.8
63.1
62.1
57.7
65.4
67.9
82.4
95.3
97.6
97.7
97.7
94.2
97.4
97.6
97.7
97.7
97.5
97.5
97.6
97.7
97.5
81.9
68.4
60.4
55.5
52.4
50
50
51.1
53
55.7
63.4
76.5
90.7
97.3
97.6
97.6
97.6
97.7
97.6
93.2
97.7
97.9
97.9
97.9
92.4
73.3
61.8
55.2
55.3
56.4
56
54.2
54.9
58.3
71.6
84.5
97.2
97.6
97.6
97.7
97.7
97.8
97.9
97.9
97.9
97.9
97.8
97.7
97.7
89.8
71.4
64.4
62.8
59.9
58.1
57.9
59
60.7
69.1
83.7
93.7
97.5
97.6
97.7
97.8
97.8
97.8
97.8
98
97.9
97.8
97.9
97.7
88.1
70.6
65.8
63.5
62.9
60.6
62.7
67.1
70
76.5
93
97.5
97.5
97.6
97.6
97.4
97.2
97.7
98
98
98
98
98
97.9
97.7
95.5
91.6
96.8
97.7
96.7
97.5
97.7
98
98
98
98
97.9
97.9
97.9
97.9
97.9
97.9
98
98
98
98
98
97.9
96.5
91.9
85.1
84.1
79.7
78.3
74.2
76.5
84.4
96.4
97.6
97.7
97.6
97.7
97.7
97.7
97.7
97.7
97.7
97.7
97.7
96.9
95
89.9
87.4
80.3
78.9
76.9
73.8
74
71.9
73.1
75.7
71.1
69.7
71.7
73.5
77
86.9
93.7
97.6
97.6
97.4
97.6
97.7
93.8
83.7
92.8
82
70.7
68.4
62.8
62.5
63.2
63.6
91.7
85.6
79.4
73.6
81.7
70.7
90.4
93.3
96.6
97.6
97.7
97.6
97.6
97.1
97.7
83.1
69.5
62.9
55
52
52.5
50.7
50.4
49.3
49.4
51.9
65.2
76.2
91.9
89.5
79.6
96.4
97.7
97.8
97.9
97.9
98
98
98
98
97.8
82.7
65.6
60.2
60.6
59.8
59.7
60.6
61
64
79.9
93.2
97.6
97.7
97.9
97.9
98
98
98
97.9
98
97.9
98
97.6
97.6
97.6
97.6
97.6
97.2
89.1
78.6
70.8
72.1
78.2
92.4
97.6
97.7
97.8
97.8
97.7
97.9
98
98
98
98
97.9
97.9
97.7
82.2
67.4
58.5
50.2
47.5
48.4
48.8
49.1
51.5
54.9
69.7
84.7
97.1
97.6
97.6
97.8
97.8
97.9
97.9
98
98
97.9
98
98
96.2
74.6
65.3
62.6
61.7
59.8
58.2
57.2
57.8
64.6
89.4
96.8
97.6
97.7
97.8
97.8
98
98
98
98
98
98
98
96.5
91.4
74.1
58.3
54.8
53
51.8
50
50.4
50.3
56.9
74.4
91.8
97.5
97.6
97.7
97.8
97.8
97.8
97.7
97.7
97.7
97.7
97.7
97.7
86.9
68.7
58.1
54.3
53.6
52.6
51.1
50.8
53.3
64.7
78
87.8
95.1
97.4
97.5
97.5
95
87
96.4
97.7
97.7
97.8
97.9
97.9
91.1
70.8
66
64
62.6
60.9
61.2
60.2
64
68.2
85.7
96.2
97.5
97.6
97.7
97.7
97.9
98
98
98
98
98
98
98
98
94.5
72.4
61.5
59.4
58.2
58.2
59.4
59.2
65
86.7
97.1
95.3
88.7
97.6
97.5
97.6
97.6
97.7
97.7
97.7
97.7
97.7
97.8
97.8
95.5
84.9
70.1
58.8
57.9
60.1
60.2
57.1
59.1
61.8
61.1
68.2
74
80.5
82.7
77.6
77.9
83.5
83
78
83.6
85.8
74.9
72.9
66.8
59.5
57.2
54.1
52.3
51.4
50.6
52.5
58
72.5
81.5
72.3
86
97.5
97.6
97.7
97.7
97.7
97.8
97.8
97.8
97.7
93.2
83.3
67.8
61.7
59.3
59.7
58.1
57.2
57
56.3
55
61.8
67.1
77.2
68.6
66.7
68
69.6
75.8
84
86.5
86.4
85.5
86.9
86.5
68.6
66.8
63.4
62.2
61.4
59.9
58
56.8
57.6
61.3
72.2
82.9
90.7
95.5
95.4
97.1
97.6
97.7
97.8
97.8
97.7
97.8
97.8
97.9
97.7
83.2
69.6
64
64
63.9
64.1
63.8
65.7
68.5
78
88.8
92
96.4
91.1
88.4
83.1
80
89
88.4
87.9
84.9
85.5
92
89.3
87.7
85
84.6
80.4
74.7
77.5
82.5
95.3
93.6
97.6
97.7
97.5
97.7
98
98
98
98
98
98
98
98
98
98
98
98
98
97.9
97.6
95.6
85.8
81.9
88.9
94.7
97.5
97.8
98
98
97.9
97.9
98
98
97.9
97.9
98
98
98
98
98
98
98
98
98
98
98
98
97.9
97.9
97.9
98
98
98
98
98
98
98
98
98
98
98
98
98
97.8
97.5
97.6
96.9
87.2
85.7
82.5
82.4
83.2
93.2
97.6
97.8
97.8
97.9
98
97.9
98
97.9
97.7
97.6
97.8
97.9
97.9
97.9
97.9
98
98
98
98
98
98
98
98
98
98
98
98
98
98
98
97.9
97.6
97.5
97.1
97.7
97.7
97.9
97.8
98
98
98
98
98
98
97.8
83.5
80.8
95.7
97.6
97.7
97.9
98
98
98
98
98
98
98
98
98
98
97.9
97.3
87.9
71
67.3
65.3
63.5
63.9
62.5
62.2
74.9
90.9
97.5
97.7
97.8
97.9
97.9
98
97.9
97.9
98
98
98
98
98
97.4
82.9
67.5
62.3
61.1
60.2
59.1
59.8
61.7
76.2
96.5
97.6
97.9
97.8
97.8
98
98
98
98
98
98
98
98
98
98
89.2
72.7
68
63
60.9
62.8
61.9
62.6
76
88
97.4
97.7
97.7
97.8
97.9
98
98
98
98
98
98
98
98
98
97.5
87.6
77.1
77.3
74.7
69.3
67.5
75.2
93.9
97.7
97.7
97.6
96.8
96.6
96.6
97.4
97.6
97.6
96.7
96.1
97.6
97.6
97.7
90.5
72.5
61.5
58
55.3
54.9
59.7
57.5
59.8
67.9
79.9
89.4
86.7
85.9
72.7
56.8
61.7
68
66.9
53.5
49.6
54.5
58.2
52.5
64.5
57.7
51.6
44.3
48.9
52.4
52.6
52.4
51.3
54.9
68.6
78.2
81
84.9
81.6
82.5
91.7
87.7
89.9
89.8
88.8
90
90.3
87.4
80.4
65.6
62.8
56.1
52
49.2
49.8
52.1
56.5
66
76.8
87.8
91.6
96.3
97.3
97.2
97.5
97.1
97.5
97.6
97.6
97.7
97.7
97.8
97.1
77.8
65
62.2
60.8
57.4
54.5
51.5
44.4
29.8
28.9
27.7
28.6
29.4
27.7
26.7
28.3
29.2
29
32.9
33.2
34.9
32.9
31.6
31
29.7
25.3
24
25
24.5
24.3
24.3
25.2
29.3
28.6
25.3
34
39.7
43.3
44.1
44.6
42.6
43.1
46.9
50.2
50.6
49.8
52.6
51
38
38.2
32.1
28.5
26.8
26.4
26.2
27.1
29.1
37
44.7
45.5
42.4
44.2
47.5
52.1
54
59.7
63.5
68.9
72.4
74.6
78.9
75.1
55.9
44.7
44.8
43.5
42.8
42.3
41.6
42.3
51.6
56.4
63.7
67.1
69.3
69.3
72.6
71.9
76.1
77.2
78.1
75.3
76.4
76.9
77.6
75.3
61.5
53.3
49
49.2
51.4
53.3
53
47.7
52
62.6
67.3
73.4
73.1
71.4
69.3
74.2
70.9
73
74.9
73.6
73.2
72.6
73.5
65.1
63.7
62.3
50.3
53.5
53.7
54.3
59.6
67
72.3
72.4
78.4
83.8
84.6
82.7
81.2
84.4
82
83.2
77.8
75.5
74.9
76.7
77.8
65.3
60.6
52.1
49.3
54.6
57
55.5
56.9
60.4
72.3
83.6
93.5
94.6
97.5
97.5
97.6
97.6
97.7
97.8
97.8
97.8
97.8
97.9
97.8
97.8
92.5
75.2
72.3
66.1
66.2
64.7
65.1
66
77.8
83.2
89.8
88.7
95
96.3
96.8
91.7
91
86.1
92.8
96.6
96.8
81.9
83
84.4
73.1
64.1
57.2
57.5
54.6
54.1
53.4
56.4
66.5
74.4
75.4
80.1
84.1
92.3
74.6
89.9
85.7
88.8
89.8
77
71
69.9
64.4
67.1
56.1
53.2
62.6
61.9
60.2
58.5
60.5
68.9
78.3
79.9
70.3
64.7
72.2
78.4
82.1
81.9
81.1
77.5
78.4
81.8
84.5
93
97
97.5
91.4
76.5
69.8
71
73.7
74.4
79.8
85.1
95.1
97.6
97.5
92.2
89.3
94.4
97.2
97.4
97
86.3
74.3
80.7
85.6
92.2
95.7
94.5
82.4
66
61.6
58.5
56.9
56.6
54.8
55.6
61.2
66.6
70.1
87.7
95.7
97.6
97.6
96.1
97.7
89.7
82.2
97.5
97.5
96.7
97.3
86.7
67.2
57.8
51.3
54.1
52.6
44.8
44.1
47.1
58.9
71.5
74
80.7
83
84.9
86.6
87.3
88.7
90.8
88.3
88.8
91
88.4
86.8
83.4
64.2
54.7
51.6
54.6
56.2
57.3
58.1
62.8
70.4
77.1
79.8
88.5
88.9
86.2
89.6
96.3
90.8
86.1
86.4
83.7
80.3
81.1
87.4
84.6
81.7
80
78.1
76.2
73.3
72.5
73.4
74.6
79.9
87.7
89.9
94.8
96.5
97.5
97.4
97.5
94.2
94.7
93.9
97.5
97.5
97.3
97.6
97.5
97.5
97.4
93.5
94
95.7
96.2
96.3
96.9
97.7
97.8
97.9
97.9
97.9
97.9
97.9
97.8
97.7
97.8
97.7
97.8
97.7
97.8
97.7
97.7
97.5
97.4
95.2
93.7
97.1
96.6
97.6
97.8
97.8
97.7
97.9
98
98
98
98
98
98
98
98
98
98
98
98
98
98
98
98
97.9
98
97.9
97.9
97.9
98
98
98
98
98
98
98
98
98
98
98
98
98
98
98
98
98
97.8
81.1
72.2
68.7
68.5
67.5
79.3
97.3
97.6
97.8
97.9
98
97.9
97.9
97.7
97.8
97.5
97.9
98
98
98
98
98
98
98
97.8
97.6
97.5
93.5
89.4
90.5
95.3
97.7
97.7
97.8
97.9
98
98
98
98
98
98
97.9
98
98
98
98
98
97.7
96.5
91.2
91.8
97.1
97.5
97.8
97.9
98
98
98
98
98
98
98
98
98
98
98
98
98
98
98
98
94.8
97.9
97.9
97.8
97.7
97.5
97.6
97.9
98
98
86.9
69.1
66.1
71.3
69.3
72.8
80
84.5
77.5
75.7
66.9
71.6
70.3
54.8
51.2
44.4
44.5
48
46.6
50.8
55.2
64.7
75.1
72.3
69.5
63
66.7
68.2
69.3
71.1
74.4
73.5
75.3
73.4
67.3
70.6
74.5
81
80.6
80.6
88.8
82.1
82.3
88.6
96.1
97.9
98
98
98
98
98
98
98
98
98
98
98
98
98
98
98
98
98
98
98
97.9
98
98
98
98
98
98
98
98
98
98
98
98
98
98
98
98
98
98
98
98
98
98
98
97
98
98
98
98
98
98
98
98
98
98
98
98
98
98
98
98
98
98
98
97.9
97.7
97.6
97.6
97.1
94.1
96.3
97.5
97.5
97.5
97.5
97.5
97.5
97.5
97.6
97.7
97.5
97.5
97.5
97.6
97.5
97.5
97.5
97.5
97.4
96.3
91.5
89
87.8
83.6
83
84.2
85.3
86.9
90.2
89.3
89.8
88.9
90.5
88
88.1
89.4
88.2
87.8
85.9
86.2
89.8
91.7
90.7
88.6
84.6
80.6
79.3
78.4
78.1
80.4
93.6
97.5
97.5
97.7
97.7
97.8
97.9
97.9
97.9
98
97.9
97.9
97.8
97.7
97.6
97.5
90.5
71
60.3
53.6
54.6
55.5
56.8
58.4
73.9
78
86.5
91.2
95.6
97
97.4
97.5
97.5
97.5
97.6
97.6
97.6
97.6
97.6
97.6
97.3
82.4
73.4
66.2
64.5
65.2
66.6
71.3
89.1
97.4
97.6
97.7
97.6
97.5
97.4
91.7
95.6
93.4
79.5
81.2
79.6
85.9
86.8
79.6
78.9
77.5
76.7
85.7
97
86.2
77.5
93.9
97.6
97.6
97.7
97.8
97.6
95.9
85.7
88.5
88.6
96.6
95.6
89
85.3
87.4
86.7
91.2
96
97.3
97.6
97.7
97.9
98
98
98
98
98
98
98
98
98
98
98
98
98
98
98
98
98
98
98
98
98
98
98
97.7
97.6
97.6
97.6
97.6
97.6
97.6
97.6
97.5
97.5
97.6
97.5
97.5
97.6
97.8
97.8
97.8
97.6
97.7
97.7
97.6
97.6
97.4
94.2
88.2
79.1
82.4
96.2
97.5
97.5
97.5
97.5
97.5
97.6
97.7
97.9
98
98
98
98
98
98
98
98
98
98
98
98
98
98
98
98
98
98
98
98
98
98
98
98
98
98
98
98
98
98
98
98
98
98
98
98
98
98
98
98
98
98
98
98
98
98
98
98
98
98
98
98
98
98
98
98
98
98
98
98
98
98
98
97.9
96.4
85.9
94.7
97.8
97.9
97.8
97.9
97.8
97.8
97.9
97.8
97.6
92
92.5
94.8
97.9
97.6
97.5
95.8
85.7
82.8
79
94.2
87.4
66.2
78.5
96.1
93
97.6
91.2
97.1
97.5
96.3
97.5
97.6
97.7
97.5
97.5
94.1
90.5
69
60.5
59.6
58.2
62.3
62.9
62.9
66.4
76.7
86.4
87
97.1
96.5
97.6
97.6
97.6
97.6
97.6
97.6
97.6
97.6
97.5
97.5
97.5
82.7
68.9
63.5
61.8
60.5
58.6
60.6
63
84.9
96.6
97.5
97.6
97.7
97.7
97.6
97.7
97.7
97.6
97.5
97.5
97.5
97.5
92.8
91.7
82.1
83.6
73
63.2
56
55.3
56.2
59.7
77.8
95.4
96.6
88.9
94.6
93.6
94.9
95
89.2
89.9
88.7
92.7
91.7
91.9
91.3
86.4
83
65.3
56.6
51.7
48.5
51.5
53.5
57.2
68.7
81.2
88.5
88.9
83.4
74
77.4
74.9
68.9
69.9
72.2
72.2
64.1
65.1
70.1
70.4
63.5
53.6
49.8
45.3
45.3
45.3
48.4
57.1
69.9
78.2
81
69.8
76
76.6
78.6
79.2
68.3
68.2
72.5
75.7
76.7
72.8
67.9
65.2
61.5
58.9
53.6
48.4
49.3
48.1
51.1
54.9
67.4
73.4
77.2
74.5
83
90.5
86.3
90.6
87.5
84
76.9
73.7
63.5
71.4
77.3
83.4
81.4
60.6
60.6
65.6
71
71.7
71.1
72
80.7
79.6
86.9
85.2
84.2
85.1
95.1
97.7
97.9
98
98
98
98
97.9
97.7
97.6
97.6
97.4
95.6
87.4
81.4
85.4
96.6
97.5
97.5
97.5
97.5
97.5
97.6
97.9
98
98
98
98
98
98
98
98
98
98
98
98
98
98
98
98
98
98
98
98
98
98
98
98
98
98
98
98
98
98
98
98
98
97.7
90.9
86.2
89.1
80.3
72.4
72.5
72.2
72.4
74.4
86.7
91.4
93.2
97.5
97.4
97.5
97.5
97.5
96.4
96.4
96.1
97.6
97.8
97.8
97.7
93
77.5
67.5
66.4
67.9
68.2
70.4
71.8
72.4
72.1
80.3
88.9
97.2
97.5
97.6
97.6
97.6
97.6
97.6
94.4
95.5
97.5
95.8
93.9
95.1
72.6
66.3
59.9
47.1
46.2
48.6
50.3
65.5
71.6
78.1
85
83.1
84.8
88.6
89.4
84.2
83.1
86
85.7
87
86.2
82.8
82.2
67.8
64.6
58.6
53.4
52.5
52.3
52.4
54
67.5
77.6
86.6
92
95.9
97.4
96.9
97.4
96.9
94.8
95.1
95
94.2
94
96.4
93.6
83.4
72
60.9
54.8
51.5
47.9
47.9
56.6
70.7
83.1
89.8
91.5
86.9
81.1
77
75
72.8
73.1
71.6
71.8
64.6
58.9
67.3
67.1
57.9
53
47.8
43.3
40.8
39.5
40.9
43.9
56.8
64.5
68.8
65.8
66.8
62.3
62.6
65.9
66.2
56.3
45.9
57.8
61
61.9
64
61.1
58.2
51.2
44.2
42.2
42.6
43.9
43.5
44.6
58.8
64.3
63.5
65
66.1
67.3
66.7
68.3
70.4
67.4
73.2
83.3
95.5
97.3
96.8
97.5
96.7
80.9
72.6
69.5
68.5
66.5
67.9
65.4
75.6
86.6
93.5
96.9
97.2
97.5
97.5
97.6
97.6
97.6
97.7
97.7
97.8
97.7
97.8
97.8
97.8
91.4
78.7
74
76.5
78.4
86.9
93.6
97.7
97.9
98
98
98
98
97.9
97.9
97.9
97.8
97.8
97.8
97.8
97.7
97.7
97.8
97.9
97.9
97.8
97.6
90.8
83.7
76.9
83.7
94.9
97.5
97.6
97.7
97.7
97.8
97.7
97.8
97.9
98
97.9
97.9
97.9
97.8
97.8
97.8
97.8
97.8
97.8
97.8
97.9
97.9
97.9
98
98
98
98
98
98
98
98
98
98
97.9
97.8
97.8
97.6
97.7
97.8
97.8
97.5
94.3
85.9
87.5
79.6
91.4
92.1
91.7
97.4
97.7
97.8
97.8
97.9
98
98
98