90.3
88.2
89.5
90.5
90.9
91.5
91.5
91.7
92
91.3
89.7
87.7
85.7
86
85.9
87.2
87.8
89
91.4
91.8
91.4
91.5
93
93.9
93.7
93.9
93.9
94.7
95
95.1
95.1
95
94.8
94.4
91.2
77.8
69.6
68.1
68.8
72.8
81.3
87.3
91.7
92
94.2
95
95.7
95.8
95.7
95.9
96.1
96.2
96.1
96.3
96.3
96.1
96.4
96.4
95.8
91.3
71.1
60
49.9
45.7
48.9
72.4
83.3
89.2
93.5
92.2
87
89.7
91.5
90.5
92.9
94.3
94.8
94.5
94.7
94.4
94.3
94.2
84.5
55
41.1
33.9
35
38.6
43.6
60.3
83.9
86.6
92
94.1
94.7
93.2
89.1
86.3
88.5
86.2
86.9
88.3
87.6
87.1
87.9
85.7
78.8
64.9
59.3
62.9
62.8
62.3
56.3
63.9
72.6
80.2
82.9
83.8
84.5
84.5
85.4
86.8
88
89.7
91.4
90.2
92.8
93.9
94.2
93.9
87.8
59.7
45.7
44.9
44.8
43.9
47.1
57.9
78.2
86.3
90.1
92
93
93.4
93.8
92.3
89.1
85.8
84.8
86.7
87.4
90.9
93.6
91.6
79.9
58
46.9
42.8
40.6
39.6
44.2
61.4
81.6
85.8
84.2
83.8
83.5
84.8
87
88.7
89.5
91
90.9
90.5
91.2
91.3
88.3
87.9
80.3
66.5
59.3
54.9
47.5
50.5
51.5
62.9
77.5
86.2
86.6
82.8
83
83
77
61.9
58.8
67.2
73.8
74.8
67.7
71.1
80.3
82.9
66.2
51.2
52.3
49
48.4
48.9
52.2
60
71.2
81.1
87.7
90.3
90.1
91.1
92.2
92.6
92.9
92.8
92.7
92.7
92.2
92.9
93
92.5
86.7
64.2
56.6
50.3
48.2
50.4
52.8
63.3
80.3
85.9
86.3
86.4
87
87.6
88.3
87.6
87
87.9
87.6
88.8
90.2
91.1
91.7
90.4
68.7
56.6
52.6
43.2
41.5
42.7
42.8
55.7
77.4
82.5
84.5
83.2
82.1
83
86.6
87.5
84.7
87.3
87
88.4
87.3
86.8
83.8
80
61.3
49
40.4
38.3
44.4
44.1
44.6
59.1
75.2
80.7
84.7
86
89.7
91.4
92.3
91.6
91.6
92.5
92.3
93
93.5
93.2
93.4
93.6
90
68.3
57.4
51.7
48.1
49.6
53.1
60.9
67
74.3
85.2
87.5
89.9
91.6
92.4
92.4
91.7
91.3
90
90.5
90.9
90.6
90.2
91.2
80.3
60.6
48.8
47
46.1
45.9
46.8
53.2
75
80.6
81.3
81.2
81.2
82
81.1
68.5
78.6
77.9
82.7
84.7
83
82.9
83.7
86.4
81.1
70.5
66.9
63.8
62.5
60
60.7
68.6
78.5
83.7
85.2
88
89.7
88.9
89.8
90.9
90.5
89.9
89.1
88
88.7
87.9
86.8
82.8
81.1
73.3
62.3
61.6
66.7
69.3
71.6
76.5
80.3
82.5
82.7
83.3
82.8
82.8
82.4
81.5
83.7
85.2
85.5
84.8
85.3
86.3
86.2
85.6
85.6
82.7
78.9
79
79.8
80.2
80.7
82.3
85.7
88
90.8
92.9
93.6
93.4
93
93.3
92.7
92.3
92
90.5
89.5
89.9
89.5
87.9
84.5
80.5
78.8
71.7
71.7
68.4
68.6
72.9
81.6
89
90.9
91.6
93.1
93.7
93.8
94.1
94.3
94.2
94.2
93.9
93.8
93.5
93.4
94
90.6
76.6
65.8
58.4
54.7
54.4
62.7
85.3
93.9
94.5
94.9
94.9
95.3
95
94.8
94.5
94
93.7
93.1
92.8
92.5
92.1
91.9
92.6
92.6
91.7
81.8
75.9
70.5
68.2
67.8
71.4
88.6
93.3
94.2
94.1
94.2
94
94
94
93.8
93.6
93
92.8
92.6
92.6
92.5
92.3
90.1
84.8
76.1
74.2
77.5
75.3
73.5
78
79.3
80.2
82.3
83.9
83.6
59
79.8
86.4
90.1
91.4
92.3
92.8
93.5
90.8
89.9
87.7
71
62.4
60.9
55.8
53.2
50.6
41.9
60.2
81.3
81
80.1
78
78.2
79.3
77.9
50
51.5
48.2
52.4
59.9
68.2
69.4
68.8
67.4
58.6
53.1
51.3
52.1
60.3
60.6
60.1
58.5
59
58.6
68.2
74.2
77.8
77
74.1
69.7
69.5
79.5
85.1
87.3
85.3
86.6
86.8
84.1
71.5
59.5
56
51.3
46.9
44.1
45.3
47.8
56.1
60.6
61.5
70.5
76.1
78.1
80
81.3
83.3
85.3
82
67.9
54.8
55.8
63.6
66.1
57
50.1
46.6
41.9
43.3
44.4
47.2
52.2
58.1
63.1
65.2
69
73.9
79.5
83.3
84
84.4
79.2
66.7
62
72
60.6
43.4
63.3
56.2
53
57.1
64.9
78.3
83
87.2
89.7
91.3
92.4
92.9
92.9
93.1
93.2
91.9
82.1
84.5
89.8
90.4
78.2
79.3
82
81.7
84.1
83.4
82
78.2
69.8
63.7
57.3
60.6
73.6
74.6
80.5
77.6
77.3
71.4
71.8
72.8
76.6
74.3
87.8
93.4
94.8
95.2
94.9
94.8
94.2
93.1
70.6
70.7
63.8
69.2
74.7
76.3
78.2
83.8
88.9
92.1
94.8
95.3
95.7
92.2
91.7
94.1
94.8
94.5
95.3
95.8
96.1
96.2
96.4
91.5
79.8
74.7
72.6
71
71.7
72.1
76.9
85.9
90.1
92.3
93.2
93
92.5
92.5
93.6
94.5
94.9
95
94.5
94.9
94.8
94.9
95.7
80.5
59.1
54.1
50
48.5
46.3
53.4
70.8
82.1
84.5
91.5
94.3
95.4
95.9
96.2
96.4
96.7
96.5
96.5
96.7
96.7
96.6
96.7
96.3
94.6
80.8
70.9
64.9
62.8
54
44.9
58.7
78
91.5
93.9
95.1
95.7
96
96.3
96.3
96.3
96.4
96.5
96.5
96.5
96.6
96.6
96.1
81.6
61.8
50.3
47
39.6
35
38.4
42.6
63.4
76.9
79.3
84.7
91.2
91.6
93.1
94
94.5
94.6
94.4
94.9
94.9
94.6
94.4
92.4
62.4
45
41.6
38.4
38.1
36.5
38.5
43.5
62.9
73.8
78.5
76.5
78.5
81.2
78.6
82.5
85.2
85.4
87.2
88.5
89
87.7
88.9
79.6
57.9
48
42.8
42.3
41.2
38.3
42.5
48.6
66.2
84.3
89
91.3
91.8
93.5
93.9
94.8
95.2
94.8
95
95.3
95.1
95
95.3
92.9
68.5
59.8
50.7
47.3
46.8
46.4
49.3
56.6
74.3
82.8
87.2
89.1
90.5
92.6
93.5
92.2
68.6
54.3
63.6
72.6
72.3
57.3
48.5
52
44
42
40
38.6
38.1
40.6
42.7
48.1
55.9
59.3
60.6
61.7
73.3
76.7
78.1
74.5
71.2
72.1
74.2
72.6
62.3
64.3
68.2
60.7
43.3
37.9
35
34.2
32.9
34.8
36.3
42.3
51.8
62.8
69.1
71.8
72.2
72.5
71
72.2
79.1
80.3
83
83
84.1
83.9
84
76
63
56
49.8
46.4
41
42.9
46.3
51.7
61.3
66.9
66.1
66.9
65.3
66.6
68.4
75.8
76
75.8
76.5
77.3
76.6
77.7
77.6
76.8
75.1
74.2
73.2
70.2
70.4
69.4
69
70.2
69.5
68
67
68.8
76.2
80.2
79.1
82
86.3
78.3
78.7
84.7
90.4
90.8
92
84.9
71.3
66.2
59.8
52.3
47.2
41.7
42.2
55
72.8
82.2
84.2
69
66.6
75
84.9
88.2
89.5
83.8
82.7
86.2
87.2
85.1
83.6
63.7
47.2
43.4
35.8
27.9
27.6
22.9
22.5
23.8
32.5
33.4
34.8
39.4
46.8
48.9
50.4
48.6
50.1
55.1
59.5
60.9
64
65.1
66.9
49.7
34.9
21.7
19.3
18.2
17.2
21.9
29
29.6
41.1
55.2
57.3
61.8
65
65.6
67.5
71
72.2
74.8
76.7
75
75
76
73.6
59.2
42.3
38.1
35.5
36.8
35.9
33.2
33.8
37.3
48.6
51.7
56.5
63.4
66
65.4
69.5
72.5
71.6
74
75.8
76.7
78.5
80.7
82.5
62.1
46.9
41
34.3
33.1
37.3
35.4
34.4
34.9
48.6
54.6
57.2
68.7
74
75.6
74.8
77.3
78.8
77.1
78.7
82.9
85.5
86.5
88.5
73
54.2
47.5
44.1
39
37.7
39.1
42.5
50.4
59.8
64
71.4
75
77.5
78.4
76.9
75
75
71.8
69.8
68.5
69.9
71.9
68.7
66.8
64.3
59.7
70
79
85.5
87.7
89.8
90.2
89.7
89
87.3
86
82.1
83
82
81.5
83.9
86.5
90.2
92.2
92.7
94.1
95.1
95.4
95.1
94.7
94.5
94.3
93.9
93.7
93.6
93
93.5
94
94.6
95.5
95.9
96
95.3
94.1
94.5
95.3
92.2
92.5
92.3
89.9
90.2
89.4
85.7
66.2
51
43.8
42.1
39.4
48.3
64.8
76.3
84.1
89.3
89
92.6
95.3
95.9
96
96.2
96.1
96.2
96.7
95.8
82.8
61.1
59
60.3
62.4
59.4
60.1
63.9
65.3
72.1
83.7
81.1
85.2
90.7
92.7
95.1
95.9
96.1
96.4
96.6
96.7
96.6
96.3
96.2
96
96.4
96
80.4
69.3
78.1
87.5
64.6
56.4
57.3
57.3
58.1
56.7
54.7
53.9
55
57
68.1
80.2
91.5
85.3
86
81
72.8
67.6
73.6
76.1
90.5
91.4
71.5
69.6
81.9
89.2
79.8
80.5
85.2
90.6
90.5
92.3
94.2
94.1
92.7
93.8
95.6
96.2
96.3
96.3
95.7
95.4
95.8
95.3
93.8
92.4
89
86.1
85.9
89.1
88.5
88.9
90.5
93.7
95.7
96
95.9
96.2
96.4
96.4
96.4
96.7
96.8
96.8
97
97.2
95.4
89.5
84.2
83.3
82.6
84.5
86.7
87.3
88.5
87.4
88.9
91.1
91.1
92.4
93.1
94.1
94.5
95.4
95.8
96.3
96.4
92.3
92.4
94.6
94.5
81.7
78.1
67.5
60.9
61.7
56.7
53
52.3
59.5
67.6
79.2
84.3
87.5
85
85.9
78.6
83.2
87.3
87.4
81.2
85.6
86.5
88.8
89.6
87.1
86.3
89.4
88.9
88.1
NA
89.9
91.3
92.7
93.2
93.7
93.1
93.5
93.1
93.8
93.6
94.2
90.8
90.4
91.5
92
92.4
94
91.5
90.2
90.1
87.6
86.8
83.6
86.2
84.4
84
84.8
85.3
88.8
89.3
90
92.3
93.8
93.8
94.4
94.7
94.6
95.4
95.7
94.5
94.6
93.2
90.1
86.5
78
72.5
70.4
64.3
66.3
67.7
68.7
72.2
78.2
76.8
77.2
78.8
82.3
85
88.7
88.1
85.2
83.9
84.8
84.1
82.7
85.7
82.5
86.3
81.1
75.1
75
80.2
78.2
68.3
68
77.7
79.6
70.2
67
63.3
62.5
60.5
65.4
61.6
60.5
64.6
66.1
63
60.4
62.4
48.5
44.2
44.4
45.3
42.5
40.1
40.3
39.5
41.1
46.9
50.5
58.9
67.5
75.5
77.1
79.3
78.2
80.8
81.8
77.5
77.9
78.6
81.8
81.7
63.8
56.6
48.4
45.2
44.5
43.6
44.1
40.8
41.3
47.8
61.9
71.4
63.1
69
58.5
64
59.8
56.7
69.8
74.3
74.9
74.2
79
74
68.4
58
57.5
51.1
47
44
43.7
44.5
47.2
37.9
43
46.4
50.4
55.3
70.9
76.6
76.3
77.6
76.7
76.2
76.2
72.6
62.7
63.5
56
43.8
46.3
44
39
42.7
37.5
37.8
42.3
48.2
53.3
54.6
52.4
56.5
58.6
59
60
59
59.5
59.3
56.9
59.9
64
68.2
67.9
66.3
63.6
61.6
55.3
46.5
47.5
54.9
58
59.4
61.8
64.3
67.8
69.1
70.3
72.2
69.6
68.2
68
74.7
78.8
75.8
77.5
77.2
82.9
91.1
89.7
86.3
82.1
73.7
71.8
67.5
69.4
79.5
88.3
73.1
47.1
44.5
51.4
71.7
71.3
69.3
70
77.8
83.6
90.5
92.5
87.2
61.1
52.6
45.1
40.4
43.1
40
38.1
37.2
37.3
42.1
46.2
45.6
39
32.6
45.9
55.6
70.9
69.6
72.5
70.5
78.9
81
76.2
69.6
48.6
40
16.5
12.3
11.6
11.2
10.4
10.9
12.5
16.7
21.1
17
14.1
15.1
26.2
31.3
42.7
25.9
20.2
20.2
21.5
23
26.9
29.5
31.5
30.3
30
29.2
27.8
27.4
25.4
26.7
29.5
31.6
36.3
39.2
43.7
47.8
50.1
51.2
54.5
58
58.8
56.7
57
59.3
59.8
60.4
54.8
48
47.4
42.9
39.4
40
43.7
46.1
48.6
48.8
49.6
51.2
48.7
48.3
53.8
63.9
66.5
62.4
61.4
62.4
64.6
63.9
64.2
67.5
62.2
53.7
50.1
50.3
48.5
44
39.4
38.6
37.9
38.5
40.3
36
58.1
59.6
61.5
62.5
61.5
61.6
62.1
66
67.6
69.5
68.8
66.5
57.8
51.4
48.6
50.2
46.9
43.6
41
41.2
43.5
48.7
55.3
60.5
69.7
67.1
62.2
57.1
57.8
58.5
62
65.7
62.6
62.5
65.6
61.2
37.1
13.9
12.1
12.4
13
13
13.2
17.6
17.2
15.8
21.9
17.2
28.6
34.6
38.5
39.1
44.4
48.8
47.7
44.6
41.8
45.3
45.4
43.6
27.4
22.5
22.4
23
22.5
22.3
20.1
19.1
18.6
22.2
27.5
38.6
47.3
46.8
43.8
35.9
36.9
36.4
38.1
41
51.1
64.4
69.3
62.3
41.2
33
34.2
33.7
31.4
30.9
28.4
28.6
31.2
34.1
38.5
48.9
60.4
64.2
66.9
67.3
67.5
68.7
66.7
79.2
83.5
86.1
86.7
79.3
54
49.3
47.4
44.9
42.5
41
39.8
38.8
39.1
44.2
51.8
53.9
52.4
54.5
60.5
60.3
59.5
55.9
58.7
59.6
61.2
65.2
69.2
60.8
60.2
57.9
54
56.2
55.3
52.5
51
48.4
50.4
54.1
59.1
67.8
74.4
73.1
72.8
73.9
78.7
83.9
88.2
90.1
89.4
86
84.1
79.8
82.3
71
60.5
53.5
50
49.7
44.9
42.8
42.9
46.2
53.2
55.2
56.3
56.8
56.5
56.3
56.2
57.3
53.1
52.9
53.8
48.6
54
52.3
53.4
54.1
53.3
47.8
42
37.6
35
35.9
37.1
41.9
46.6
46.7
53.3
56
47.9
49.5
56.3
65.3
74
73.3
73.5
79.3
79.9
71.6
53.7
47.1
44.7
38.3
34.9
33.9
32.5
32.5
33.9
38.1
45.7
48.5
55.8
66.4
71.5
73.3
70
73.4
79.4
82.8
85.7
87.5
85.2
76.5
56.9
44.7
43.5
42.1
38.8
37.6
38.5
43.1
43.4
44.5
50
52.4
54.1
57.8
60.5
65
74.3
81.4
85
86.9
83.3
75.9
78.2
78.5
80.7
83.7
73
81.6
85
88.5
88.5
90
89.5
92
93.3
93.7
94.3
94.8
94
93
93.5
94.1
93.2
93.2
93.2
94.9
94.7
91.6
83.6
73.4
64.7
66.2
58.1
53
54.6
53.8
58.1
62.4
72.4
71.3
76.2
79.7
78.4
85.8
92.9
95
95.6
96.4
96.5
96.8
97
91.8
80.2
72
65
65.1
63.2
54.8
52
54.3
57.8
58.4
72.3
78.6
69.9
65.4
65.5
64.8
64.3
62.1
63.5
66.6
57.3
54.7
52
62.5
63.6
65.8
78.3
76.8
72.8
69
59.3
61.8
61.7
62.1
66.2
74.7
79.8
81.6
84.5
83.9
87.2
88.6
90.2
90.4
89.6
89.8
88.7
80
66.6
63.8
62
62.2
59.5
53.8
53
54.9
56.6
62.1
66.4
66.3
65.7
66.3
76
81.4
80.6
82.3
82.4
84
85.8
86.9
89.7
83.8
74
64.7
61.4
55.8
50.6
49.5
46.6
46.1
45.8
50.9
58.7
64
74.9
82.8
82.5
78.2
77.6
80.3
82.1
83
85.1
84.1
82.6
81.7
81.7
80.5
80.8
78.3
76.2
67.2
62.1
59.5
63.7
65.2
66.4
67.3
67.1
69
69.8
67.5
66
65.6
67
70.3
81
86.2
85.6
81.7
83.9
81.2
77.5
73.7
72.2
72.1
68.8
66.7
70.1
72.7
84.8
90.1
76.7
84.6
75.3
82.4
89.8
78.7
71.3
83.2
88.7
89.1
89.1
72
59.6
52.4
48.3
43
41.6
34.7
27.4
23.7
23.7
28.7
37.8
43.5
60.8
69.5
68.7
64.1
63.1
66.6
69.9
76.2
75.3
72.3
63.1
56.3
48.5
40.8
33.6
36.7
41.5
41.4
48.5
52.5
53.3
51.3
58.3
62.2
61.8
64
67.9
67.2
66.3
64
64.8
71.6
66.5
72.2
75.8
77.8
71.6
59.4
58.2
52.1
46.9
42.5
46.4
44.4
44.7
49.8
57.2
60.2
65.4
77.9
76
78.2
80.2
81.3
82.8
81.4
79.8
80.1
80
79.5
73.9
71
68
62.6
56.8
58.4
56.9
59.7
68.4
83
86.3
83.4
86.2
90.6
95
95.5
96.5
97.2
97.5
97.8
98
98
98.3
96.9
77.1
66.3
62.4
58.5
56.4
50.5
48.1
45.2
42.9
45.8
57.5
72.5
77.8
82.3
83.7
88.5
89.2
90.1
84.4
85.8
87.3
89.1
91.9
80.6
65.3
60.4
53.2
51.5
49.7
45.4
31.5
34.6
33.1
32
31.8
42.4
50.6
62.1
65
62.6
60.4
73.2
76.5
79
81.7
87.3
88.8
63.1
55.2
48
42.4
38.8
34
28.8
24.8
23.3
23.4
26.5
35.4
46.2
47.5
41.1
36.3
33.4
33.7
30.5
27.1
23.8
45.1
48.7
47.7
46.9
45.8
49.7
51.3
52.8
49.2
48
52
54.4
59.8
63.8
68
77
89.4
92.2
93.2
94.6
94.5
93.7
93.7
92.9
91.8
90.1
93.8
95.2
95.4
93
89.7
80.9
75.1
74.2
78.3
79
83.2
84.8
85.8
85.5
84.4
83
85.8
86.9
88.1
85.4
84.5
86
88.6
89.3
80
57.9
53.8
49.9
48.9
42.9
43
43.6
44.3
42.6
44.2
46.5
55.9
71
79.5
85.2
85.8
88.8
92.8
94.2
94.6
95.3
95.8
96
96.3
79.4
52
44.1
41
40.1
37.5
34.7
32.1
29.1
32.2
36.2
44.5
53.4
67.6
73.2
73.8
83.5
84.6
85.3
82.8
86.5
87.6
85.8
84.3
70
65.1
67.2
64
53.1
55
55.4
55.9
57
58.7
64.9
68.1
70.8
70.4
57.4
58.7
61
58.9
54.1
51.6
50.8
74.5
76.8
78
75.3
74
70.7
67.8
55.5
50.3
48.9
51.1
57.8
67.3
63.6
61.3
58.6
62.1
62.9
68
80.2
92.1
94
96
93.6
85.4
81.8
82.4
85
87.7
86.8
70.4
65.4
54.6
53.5
48.3
46.9
45.6
45.7
53.5
65.9
70
81.4
86.2
88.5
90.1
92.1
94.1
94.6
95.4
94.8
88.3
76.3
57.6
51.8
39.7
35.5
34.2
32.3
36.7
35.2
32.3
36.7
48.6
61
68.8
63
55.7
66.1
71.7
73.8
79.9
82.6
81.8
83.5
80.9
50.5
37.4
37.3
34.9
30.6
28
27.4
24.4
23.4
24.3
23.7
28.9
35.1
50.3
57.9
62.8
67.4
66.8
69.8
72.8
71.7
78.5
77.8
72
48.2
40.5
38
37.3
33.9
33.5
31.3
29.7
28.8
28.5
32.3
40.3
50.4
56.8
59.1
61.7
67.8
73.8
81.5
80.8
89.7
92.6
91.9
77.3
66.3
61.5
50.8
48.5
47.1
50.1
52.8
56.6
68.6
62.8
61.3
66.2
69.9
78.1
80
80
80.6
80.5
77.9
79.4
80.1
81
80.6
86.3
85.9
77.2
70.4
66.5
64.9
59.6
53
48.4
46.4
46.2
47.9
56.5
71.8
82.7
81.1
65.7
69.9
69.1
68
68.4
80.6
90.8
91.9
84.5
80.8
78.8
72.8
69.8
65
61.6
57.2
57.1
64
71.4
58.5
52.8
67.5
75.1
82.7
94
95.2
94.2
95.4
94.4
80
81.2
84.7
88.5
93
92.5
87.8
74.5
62.9
53.9
47.8
46.2
49.1
49.9
63.1
68.9
62.5
73.8
82.2
89.5
88.6
89.6
89.6
93.6
94.7
95.8
95.9
88.8
66.9
52.5
51.1
52.2
48.3
38.4
37.2
44.7
73.5
74.4
84.2
83.7
78.3
87.7
92.8
95.9
96.8
96.5
97.3
97.6
97.9
98
98.2
97.8
75
53.5
54.5
51.7
49.4
44.6
42
41.6
42
44.9
46.2
54
70.8
79.5
82.3
85
89.3
91.1
93.5
95.2
96.2
97
97
95.6
66.1
52.9
44.1
42.8
40.1
37.8
32.8
35.8
34.1
35
36.8
45.4
62.2
66.9
74.8
79.9
82.3
85.1
86.3
89.2
91.9
92.3
93.3
84.7
57.8
45
45
42.3
40.2
37
34.3
32.3
28
23.9
23.8
30.8
42
44.6
61.9
53.5
41.7
66.3
63.2
66.3
75.4
76.6
79.9
71.5
46.8
39.8
37.4
33.1
29.4
26.9
25.1
23.9
23.8
23.7
23.7
30.7
47.5
57.3
62.3
62.8
59.2
59
68.8
72.4
79.6
83
79.8
68.7
50.3
42.1
38
33.2
30.5
29.1
28.5
26.1
25.8
28.5
31.5
34.9
46.9
60.8
50.8
35.9
33.1
41.7
50.9
57
58.9
61.2
59.9
62.6
51.4
43.3
30.7
28.4
25.5
24
23.8
28.7
34.3
39.4
45.5
49.8
60.9
62.6
54.2
58.5
60.8
63.4
70.1
75
75.6
71.9
79.9
78.3
67.1
54.4
55.1
59.3
51
43.1
36.1
32.5
35.3
64
87.5
91.1
91.9
91.7
92
90.8
90.7
91.3
93.8
95.4
95.3
93.8
91.5
78.7
61.7
50.6
47.4
45.5
47.1
50.8
50.3
51.5
74.3
68.3
79.7
73
75.1
87
91
93.4
93.3
90.5
83.8
86.3
81.7
86.9
92.9
92.8
87.5
81.7
71.9
67.9
57.4
52.9
55.5
60
57.3
59.3
82.7
86.7
84.1
82.8
88.3
94.9
95.9
96.3
97.1
97.5
98.1
96
97
93.9
86
77.3
69.8
64.8
67.3
69.3
64.5
61
56.8
55.5
68.7
76.3
74
83.5
89.7
89.7
90.9
93
93
94.9
96.7
97
97.3
89.1
66.5
53.8
42.1
37.3
51.1
55
55.2
60.1
61.4
63
65.3
68
69.2
72
70.5
78.7
80.7
81.8
85
92.5
93.5
95.3
89.7
82.2
70.6
64.9
64.7
58.6
54.7
52.5
48.4
46.3
46.1
46.6
54.1
58.6
67.3
72.8
72.1
67.8
67.7
69.8
70.3
73.6
70
84.8
88.5
90.5
90.6
72.9
65.2
58
56.3
54.9
51
49.6
51.3
48.1
50.4
59.4
65
70.5
74.8
76.9
83.7
83.5
84.4
88.9
90.8
94.3
96.6
87.7
66.2
53.1
50.5
46.8
47
49.2
46.3
45.2
42.6
43.7
47.1
53.5
61.4
68.7
75.1
77.5
54.8
53.9
74.6
82.7
88.3
90.3
90.8
72.8
53.5
43.7
40.1
38.3
39.5
39.4
37.8
40.6
42
41
42.1
40.8
40.5
42.9
45
45.8
51.4
50.6
46
45.7
47.7
43
45.3
51.5
46.6
47.6
48.7
47
43.6
39.5
45.4
46.1
52.3
62.1
57.3
58.8
65.7
67.4
67
66.6
66.9
64.8
69.2
69.8
69.7
74.9
79.9
78.7
62
54.4
46
41.6
33.6
26.8
23.6
23.6
23.7
23.4
23.5
30.1
48.3
53.1
54.8
57.9
64.5
75.7
82.7
86.1
89.3
92.7
92.7
76
60
54.9
46.3
41.5
39.1
31.4
25.9
26.2
24.2
24.2
24.8
32.7
39.5
40.4
46.1
52.7
49.7
48.1
45
39.8
38.1
35.8
34.1
35.4
49.4
39.1
40.1
38.4
33.7
34.6
35.1
36.5
35.6
38.2
42.1
47.3
52.9
55.3
51
55.1
63.8
65.3
76.3
71.9
78
74.4
69.7
74.5
85.1
72.5
68.7
70.9
61.8
59.8
67.8
71.9
75.7
74.3
84.2
87.4
89.1
93.5
94.2
94.8
95.3
93.4
83.2
81.5
91.7
94.7
93.7
83.7
61.8
57.3
51.9
54.9
51.5
48
39.7
43.3
45.6
45.9
47.7
54.7
68.8
79.3
80
81.7
89.3
93.6
94.6
95.4
91.6
86
86
82.5
74.7
65.1
58.5
54.3
51.5
48.2
45.4
44
41.5
39.7
40.3
44.9
56.8
65.8
77.2
82.7
85.4
87.5
88.4
90.3
93.5
95.3
95.5
71.7
51.7
49
48.3
44.3
38.2
34.5
32.1
27.5
25
28.3
33.8
37.9
42.5
46
44.8
50.9
53.3
45
66.3
74.8
78.6
77.5
73.1
63.4
52.4
49.5
44.7
40.1
31.1
26.7
24.1
24.4
26.7
27.3
32
44.2
59.2
63.5
51.4
52.9
52.7
49.9
58.6
83.3
86.1
88.7
91.2
79.9
79.6
61.8
53.9
49.4
44.3
43.4
40.5
39.2
37.8
36
36.5
46.1
57.4
54.3
56.4
62.2
64.1
63.7
62.2
65.6
68
66.8
71.5
68.7
63.8
58.2
53
47.8
42.5
43
42.9
42
41.6
38.3
38.7
43.9
61.5
72
74.8
81.2
83.5
84.6
81.2
85.7
89.4
92.6
90.2
71.7
56
48.4
48.1
45.2
43.8
41.1
37.2
35.6
37.2
35.3
37.8
41.7
47
47.8
50.3
56.6
64
62.5
64
73.5
83.5
87.9
86
73
62.5
56.9
51.6
50
47.9
44.5
42.1
41.3
40.9
40.5
41.7
45.9
64
71.5
77.2
77.7
74.9
61.4
60.4
58.3
55.8
55.4
70.9
77.7
75.1
65.6
54.3
50.4
46.5
44.9
45.1
47
48.8
51.6
57.1
58.6
59.3
58.8
60.3
59.9
59.4
61.6
73.9
83
85.5
89.2
88.9
74.3
65
48.6
43.6
43.1
43.5
43.4
40.6
41.2
39.8
35.5
32.8
35.6
51.9
60.1
62.1
61.3
62.1
68.2
58.3
61.6
62.5
59.2
68.5
71.6
72.3
67
62.8
58.4
56.5
57
50.7
48.7
49.2
48
52.8
56.1
65.1
69.1
73
77.9
82.5
85.8
90.2
90.3
91
91.7
89.1
77.8
68.2
58.7
50.2
46.3
41.4
41.9
39.5
40.6
41
38.5
42
48.3
55.1
57.5
65.2
70.3
74.7
71.8
62.6
63
66.2
68.8
71.1
63.8
55.6
54.1
52.6
47.5
42.8
43.2
41
39.6
37.5
37.3
38.2
39.6
41.3
48.2
50
49.9
61.8
68.4
61
62
54.3
54.5
59
53.8
50.8
49.4
47.2
46.1
44.7
40.7
41.7
45.5
48
65.4
57.9
54.1
60.9
68.9
62.4
54.1
54.8
68.4
75.2
76.6
78.8
78
73
73.3
67.1
62.5
61
61.1
79.7
86.8
61
53.3
68.2
69.5
62
59.7
54.1
61.5
77.4
78.4
75.7
67.5
73.5
87.4
91.4
91.2
89.4
68.3
47.8
42.9
39.3
37.2
35
35.3
35.2
34.1
34.4
36
38.3
40.9
55.9
70.8
76.5
80.2
84
86.3
89
91
91.9
93.4
91.8
73.9
55.8
50.6
47.1
44.1
43
40
37.8
33.7
31
33.8
33.9
41.7
48
52.3
52.3
48.9
50
51.3
60.4
60.1
73
75.4
73.7
69.3
62.2
58
56.5
55.6
53.9
49.3
44
40.6
42.3
45.8
49.5
53.9
56.8
60.7
63.1
65.1
67.4
79.8
90
94.2
95.7
96.8
96.8
75.5
62.6
58.7
53.9
49.2
46.6
44.6
43.4
45
44.8
46
45
40
39.8
47.8
55.3
64.8
64.1
69.9
72.7
72
79.5
84
86.1
83
77
64.3
59.7
57.3
52.1
52
54.4
51
49.4
51.9
62.7
84.8
84
88.6
87.8
91.3
89.3
90.3
87.1
87.5
94.7
93.9
87
82.3
77.7
68.1
70.6
63.4
58.1
55.6
58.6
54.4
54.8
51.4
49.5
51.1
63.1
60.5
61.8
79.3
84.5
86.9
88.4
88.9
86.5
90.8
84.5
57.3
44.1
35.9
30.9
27.9
24.1
23.7
23.9
27.8
32.3
33.5
35.9
32.4
39.6
49.4
55.4
66.7
69.5
67.1
73.5
74.2
74
72.3
72.7
48.1
33.3
27.2
24.3
22.9
23.3
22.9
22.2
22.5
22.7
23.4
23.4
24.8
32.1
48.8
53.9
61.4
65.7
73.4
70.4
73
70.4
75.6
68.4
59.9
45.9
40.4
42.9
36.5
27.9
28
29.8
29.1
28.9
27.4
28.9
35.1
41.6
43.7
49.7
61.3
64.3
63
49.2
51.9
55.7
62.5
67.5
66
58.5
55.6
39.2
27.6
26.3
23.9
24
23.8
22.1
20.9
22.1
22.4
24.1
33.6
51.5
57.4
64.4
64.6
61
60.7
65.8
65.8
67.1
52.8
41.7
31.1
23.9
24.6
23.6
23.4
23.5
22.4
23.7
23.9
23.7
24.4
23.9
24.3
25.2
26.8
27.9
29.4
26.3
41.2
56.1
60.7
62
41
38.6
33.9
34.8
33.5
32.1
33.9
31.8
36.3
79.8
75
55.1
49.4
46.1
51.2
61.8
57.5
59.8
79.8
86.6
90.6
92.9
92.7
83.7
68.7
58.8
53.4
51.3
52.7
52.1
46.2
43.5
44.5
47.7
67.8
61.3
53.3
60.4
63.9
64.6
64.7
62.7
62.7
65.7
72.7
83.2
76.3
81.8
65.6
54
49.5
43.5
41.7
38.4
37.1
34.3
31.9
31.4
31.4
31.5
35.9
44
47.8
44.4
45.9
60.1
67.2
67.9
66.3
61.9
60.9
56.3
51
30.8
27.9
29.3
31.9
31.5
30.3
29.6
29.1
29.2
30
33.1
37.6
43.5
46.3
46
44.6
44.5
40.1
39.9
47.1
51
46.5
40.2
37.5
34.1
31.8
30.4
30.9
29.8
29.6
28.6
28.6
31.3
29.8
31.4
35.4
40.5
49.3
56.4
61
62.8
65.8
68.4
72.5
77.5
81.5
76.7
57.6
44.5
37.6
33.5
28.9
28.9
27.9
31.4
31.5
29.4
31.2
34
35.6
42.7
53.7
43.9
42.3
41.5
44.2
57.3
55.3
55.4
54.5
53.6
53.4
47.7
45.8
41.7
40.8
40.3
38.3
37.5
37.4
41.1
39.3
36.3
41.3
43.2
44.2
42.6
43.5
43.3
41.6
42.9
53.1
61.8
67
64.7
51
38.8
35.5
34.2
32.9
32.1
30.9
29.9
29.8
29.7
30.8
32.8
36.7
45.8
59
64.8
67.5
70.6
73.9
76.7
80.5
82.7
80.5
76.2
59.6
46.2
40.6
36.3
37.3
36
35
34.1
32
29.2
26.5
26.1
32.3
40.4
47.5
49
43.1
51.1
64.5
68.3
70.1
74.6
76.9
74.3
57.4
47.7
42.5
43.6
40.8
37.4
32.9
30.9
29.8
29.4
31.2
32.2
31.8
47.5
56.5
60.6
64.6
65.7
70
58.1
70.8
76.7
80
80.2
63.9
50.7
35.2
24.5
24.2
24.2
24.1
24.2
24.2
24.2
24.2
24.2
25.9
43.1
52.9
56.4
59.3
63.4
65.7
67.9
71.6
71.8
73.9
71.1
60.6
50.5
41.7
37.4
27.1
26.4
31.2
25.6
24.3
24.4
26.1
36.2
40.8
43.9
48.1
55.6
64.1
56.4
50.9
59.4
70.5
76
77.4
68.8
57.6
47.6
38.6
37.7
35.1
32.3
30.7
31.2
32.3
32.4
34.4
35.8
42.9
47.3
49.4
50.3
54.1
56.6
67.7
73.9
75.2
74.1
77.1
79.4
65.3
49.3
46.5
44.3
44.2
42.9
44.9
46.3
41.4
41.5
42
44.8
48.3
54.7
60.4
63.4
72.8
79.2
82.2
84.7
81
85.4
84.2
81.3
65.1
59.1
52.9
50.8
43.4
41.7
39.6
36.4
32.5
30.8
31.8
29.6
35.6
40.1
42.4
42.4
44.5
48.6
49.3
51.7
49.5
57.1
63.8
63.9
48.1
42
43.3
41
36.7
35.5
32.2
32.2
32.8
36.5
39.6
40.8
44.5
47.8
51.7
49.2
43.1
53
62.7
66.9
68.2
66.9
63.9
63.5
60.3
53.5
47
42
39.7
39.3
34.7
32.5
32
29.9
25.4
28.2
36.1
42.5
50.1
58
53.3
48.8
49.6
55.8
70
74.5
77.5
75.4
60.7
54.1
48.8
41
36.4
34
31.6
34.7
34.2
28.1
27.6
25.5
26.9
40.9
46.3
51.2
53.8
60.9
64.2
66.2
63.5
70.4
75.3
70
58.8
46.2
42.6
43.5
40.4
36.4
35.3
34.7
31.7
26.9
26.7
32.7
34.2
42.6
44
36.4
46
58.6
54
62.9
65.7
70
61.1
44.6
48.7
44.1
42.4
41.5
40.9
39.9
37.9
36.1
33.3
32.2
35.6
36
42.3
51.6
50
47.3
48.3
49.9
56.9
65.8
68.7
69
68.8
69
61.8
53.1
47.1
44.9
41
38.9
35.6
34.8
47.3
57.5
45
42.7
46.8
53.4
45.8
46.6
51.2
49.6
48
61.8
68.3
75.1
80.6
77.8
60.4
51
48.1
43.5
40.4
38.8
38.4
38
34.1
28.6
28.4
31.8
35.6
46.6
50.6
56.6
57.8
63.4
64.3
67.7
68.5
72.8
72.8
70.5
54
45.1
40.9
37.7
38
36.8
38.3
38.7
36
33.4
25.6
28.8
31.4
42.1
53.4
57.1
61.5
63
64.1
64.5
55.2
46.6
52.3
52.5
49.7
42.8
45.2
41.6
35.8
36.6
37.6
36.8
36.2
37.6
38.3
39.3
46
54.3
60.2
65.8
68.9
69.2
65.4
64.2
84.8
90.3
88.7
83.4
79
59.1
65
80.4
90.3
85.5
73.8
58.3
54.8
53.4
48.8
50.5
51.5
66.8
79.4
83.5
86.5
87.9
86.2
84.3
82.7
84.7
86.5
88.6
61.6
48.9
42.5
38.4
38.8
40.5
32.8
30.8
26.2
25.5
28.7
25.6
27.4
43.9
60.3
61.1
65.5
68.3
71.7
69
44.1
32.5
35
34
42.8
41
30.7
31.9
37.2
37.9
38.8
33.9
33.3
35.1
34.8
35.3
42.7
45.5
48.8
44.5
42.2
43.5
47.3
55.2
54.8
55.3
55.3
52.2
49.1
47.4
45.8
39.8
35.6
37.1
36.2
35.3
36
36.4
37.1
39.1
42
48.2
50.8
46.2
44.7
46.9
49.2
49.4
50
52.8
55.7
54.4
48.9
44.8
42
41.3
42.2
40.8
39
38.8
38.2
38.2
39
39.5
43.3
45.9
57.1
76.9
69.3
71.3
74.5
81.9
85.3
88.6
90.8
85.7
80.3
71.7
62.7
57
47.1
41.5
40.2
38.6
39.9
39.3
37.6
39.6
44.3
48.4
45
42
41.9
42.5
44.9
47.4
45.1
41.9
43.2
59.4
58.4
50
41.7
38.9
37.9
35.2
34.9
33.8
33.9
34.4
36.7
39.1
40.5
44.3
47.1
48.6
51.7
47.8
51.6
60.3
61.1
60.9
62.1
58.2
52.9
42.9
33.8
36.2
34
32.3
33.4
32.8
38.3
68
56.8
51.6
52.1
55.2
86.7
85.4
80.4
87
91.4
92.2
95.2
93.8
93.6
95.8
95.2
92.7
91
85.1
73.3
60.5
58.7
54.9
52.8
58.8
64.9
68.3
73.7
79.8
85.8
87
84.3
87
88.5
89.1
89
89.2
91.2
90.7
70.3
60.5
50.8
46.5
43.2
42.7
40.9
39.8
40.4
49
46.6
43.7
48.3
61.1
70.3
73.8
78.5
76.5
75.9
76.3
77.3
77.7
80.5
80.3
60.8
48.6
41.3
40.5
40.3
38
37.3
37.1
34
34
34.5
36.8
40.1
49
55.8
64.8
70.4
76.1
78.8
81.1
83.7
83.3
84.2
83.9
62.2
51.3
47
40.2
32.2
33.5
36.8
36.7
38.1
37.2
33.6
34.4
40.9
56.4
64.6
68
72.9
75.8
77.3
76.9
76.6
78.9
80
78.9
62.8
46.5
39.2
35.9
35.8
35.8
35.8
34.2
33.2
35.7
37.4
38.3
42.5
50.4
58.3
59.2
66.8
83.7
90.7
89
87.3
91.8
90.1
87.3
73.9
56.7
49.4
44.4
46.5
47
46.5
49.4
48.9
47.3
44
42.8
43.6
51.1
59.6
61.7
66.7
68.2
64.3
71.2
73.7
73.3
73
75.6
59.4
49.7
44.1
41.8
37.3
36.6
33
30.3
32
37
39.4
69.8
83.1
79.7
76.9
79.6
80.2
82.8
84.6
81.8
84.3
83.4
84.5
83.5
65.7
50.1
42.9
45.4
44.9
43.7
42.1
42.3
40.6
41.1
60.4
59.3
54.1
70.8
74.4
72.1
71.3
70
70.4
74
73.8
72.2
75
76.7
59.7
49.4
45
39.1
37.4
37.9
38.8
39.5
41.2
42
42.5
42.5
45.3
51
49
45.7
44.9
44.3
40.2
47.4
47.5
47.5
53.5
55
51.2
53.4
50
44.9
40.5
38.5
39.6
39.3
38.3
37.6
38.2
39.3
41.6
47.8
49.2
50.7
46.8
46.6
48.8
48.5
44.6
40.6
37
36.5
39.9
41.7
44.8
43.3
38.6
37.9
37.4
35.7
35.6
35.8
36.4
37.4
40.4
49
55
60
62.2
68.3
72.5
71.5
52.8
48.5
65.1
72.1
52.5
38
34.2
35.9
35.1
34.6
29.3
27.4
27.4
27.2
28.4
30.8
34.1
44
51.1
59
64.5
63.2
62.6
70.1
74.9
78
80.3
81.7
57.5
42.9
40.9
42.6
40.7
37.7
34.5
29.1
29
24.8
24.7
24.6
26.2
43.6
54.9
60.2
68.2
67.5
70.3
72.6
71.1
69.8
70.7
74.4
56.6
40.5
36.1
33.7
32.3
36.1
34.8
25.9
24.6
24.6
23.7
22.8
24.6
38.3
51.1
59.1
60.3
61.1
65.1
68.3
70
71.5
73.6
75
54.7
37.4
33.3
29.4
31.3
30.2
27.7
24.7
24.7
24.7
24.7
24.7
25.9
42.9
50
55.6
59.8
60
38.8
50.1
59.4
62.5
64.7
65.1
51.5
40.8
30.2
31.9
28.3
28.7
26
24.7
24.7
24.7
24.7
24.7
25.2
37.5
45.3
46.6
51
51.4
55.8
60.6
63.1
63.4
64
64.9
53.4
41.6
35.6
31.4
28.3
25.9
29
29.9
26.6
29.3
24.6
24.7
24.6
33.1
36.9
40.6
43.9
45
36.8
40.1
42.9
46.1
53.7
53.2
50.3
39.6
41.4
37.6
37
35.2
33.3
32.5
30.3
31.9
32.7
35.7
38.2
46.6
56
59.4
57.6
60.1
56.6
46.4
50.7
59.5
65.3
67.5
60
52.5
47.4
43.6
36.7
36.6
36.6
35.4
33.8
33.4
32.8
34.7
39.8
46.7
55.2
59.2
61.6
67.6
69.3
69.7
59.8
56
68.4
74.4
61.2
51.6
49
52.5
48.4
46.2
40.6
40.5
40.2
34.9
37.9
41.6
38.1
41.8
51.3
56.3
56.8
62.7
67.5
70
71.3
73.8
78.5
77.6
65
51.8
48.8
46.1
40.3
38.3
36.4
36.4
36.6
35.9
33.2
31.9
37.3
48.3
57.8
61.1
66.2
68.3
69.8
54.3
52.9
66.1
71.5
73.8
63.6
53.4
45.9
45.1
43.4
40.6
38.1
39.3
40.3
44.4
41.9
44.9
40.7
39.5
36.5
50.6
53.7
64.9
71.2
60.6
53.4
57.6
62.1
72.6
67.4
53.4
45.3
42.6
38.3
38.3
38.3
34.4
32.3
35.7
42.6
67.8
66.3
63.2
73
75
75.7
77.6
77
76.4
80.6
82.7
82.9
84.1
64.4
49.2
40.5
39.6
33.7
34.8
36.6
38.2
35.4
35.2
35.2
37.1
40.5
51.4
60.7
64.7
65.6
53.7
47
56.9
62.1
65.7
66.2
65.9
55.5
50.7
39.8
39.9
31
29.7
28.1
29.8
27.9
25.9
30.9
38.6
39
49.1
53.5
57.5
54.7
48.6
52
58.1
62.6
63.7
67.2
69.1
64.8
60
68.2
89.4
88.8
75.6
63
53.3
52
56.6
60.2
58.5
65.4
77.3
70
68.5
74.6
72.8
79.5
85.7
87.3
84.9
84.4
86.5
77.8
73.4
67.2
67.2
58.1
51.3
48.9
52
47.8
48
44.6
48.4
52.7
53.8
52.8
53.1
54.8
56.1
56.4
77.6
91
81.2
88.2
93
89.2
88.6
84.8
73.8
67
90.4
91.3
74
56
51.9
51.9
57.1
64.5
72.5
78.5
82.8
92.6
96
94.6
97.8
95.1
86.6
72.2
80.6
79.8
69.8
72.2
66.5
68
66
50.4
40
36.4
36.8
43.1
46.8
46
58.4
74
58.4
55
64.2
72.7
84.1
88.5
89.9
88.8
91.6
81.3
64.3
45.9
40.4
39.9
40.1
38.2
32.9
33.7
38.3
34
36.9
40.2
53.9
68.6
73.2
78
82.5
82.8
83.5
86.8
89.4
90
91.6
79
67.7
50.8
48.5
41.9
38.5
44.1
38.6
37.3
33.1
32.4
32.1
37.7
54.1
65.2
74.8
77.6
79.8
80
83.7
78.5
78
78.5
79.9
76.8
55.4
52.4
52
45.2
42.1
35.5
29.3
31.6
36
NA
NA
33.6
34.1
37.3
57.1
60.6
60.8
66.5
69.7
69.2
67.5
70.4
71.6
57
42.9
35.3
29
27.5
24.8
24.5
24.3
24.2
24.3
28.1
34.5
39.8
47.3
53.8
58.1
54.3
43.3
43.9
56.5
62.6
38.8
42.2
42.5
56.3
53.8
47.1
42.5
39.8
36.5
36.4
34.2
33.9
33.8
33.7
35.7
44.9
47.2
42.7
57.4
69.2
74.6
76
74.2
75.6
78.4
84.8
87.4
73.1
58.3
51.6
47.1
44.7
42.9
39.7
41.5
41.4
44
44
47.7
55
54.7
55.1
50.1
73.8
89.3
85.8
77
71.8
92.2
90.3
88.2
89.8
76.2
58.3
55
53.8
52.3
50.3
46.7
46
54.5
46.9
51.8
54.6
52
53.3
57
73.6
83
76.7
65.1
66.9
83.8
91
91.7
90.2
80.3
70.9
64
63.3
61.7
54.4
48.6
44.4
44.3
43.2
49.4
60.1
74.3
77.5
69.7
82.4
90.7
93.5
95.6
93.3
88.8
89.3
78.5
86.4
69.3
52.8
48.6
44.9
45
42.5
45.5
45.7
45.7
43.5
47.8
57.9
65
61.8
71.7
88.5
86.2
91.1
93.4
94.9
98.2
98.9
99.6
88.7
70
63.7
56.4
54.1
50
49.4
45.1
46
43.4
51.4
52.8
58.3
72.6
78.6
89
92.1
94.1
95.2
96.2
97.2
98.3
99.1
99.3
90.1
65.3
58.8
53.7
49.1
47
45
44.1
43.7
42.4
44.6
44.6
50.7
51.9
53.9
53.3
55.7
58.7
59.8
58.4
53
57.3
57.4
72.2
74.6
83.7
87.2
80.3
76.1
66.3
76.1
73.6
70.2
61.1
69.6
81.3
79.6
90.3
95.8
97.3
97.5
86.2
75.5
85.8
92.9
90.5
95.5
95.6
89.1
72.1
67.4
66.8
64.9
61.1
58.8
55.6
53.8
52.6
58.1
63.2
65.3
66.8
62.4
62
60.2
61
65.8
71.2
73.6
86.3
79.1
77.4
70.9
64.2
52.8
49
47.2
43.7
39.3
40.1
38
33.5
31.2
34.7
55.9
68.8
64.8
63
67.9
68.1
72.1
73.9
74.3
79
81.4
79.4
77.7
68.8
60.9
62.7
56.2
51.9
56.5
52.9
46.5
48
46.9
47.4
63.4
77.1
80.6
87.8
91.8
94.1
95.2
96
97
98.2
99.1
99.8
94
70.7
58.3
55
54.9
54.1
52.4
50.3
51.1
49.4
45.4
47.2
57.5
72.4
80.6
85.7
88.1
87.8
88.4
85.6
77.9
82.6
78.9
77
81
78.9
64.3
48.2
44.3
38.6
40.3
37.9
38.3
40.2
38.3
40.5
52.5
69.5
79
80.9
83.2
84.7
78.5
63.9
73.5
85.3
91.2
93.5
86
62.8
52.3
49.1
49.3
47.8
46.4
46.3
45
45
48.3
48.3
57
69.8
79.2
83.4
85.2
78.3
74.7
62.8
66.6
60.5
62.1
63.1
61.6
63
70.1
60.7
48.7
49.4
46.5
45.6
44.6
42.1
42.9
45.3
56.6
61.2
62.6
67.2
60.8
61
60.4
59.8
59.2
57.5
71.9
78.7
84.3
79.8
86.5
88.8
66
54
51.1
48.5
46.8
45.7
48.6
67.5
91.3
91.4
85.5
84.4
85.2
91.3
89.9
94.3
93
94.8
97.7
99
97.2
86.6
72.4
58.9
53.5
47.3
45.6
45.4
44.6
42.3
44.2
44.7
51.5
56
57.1
60.3
69.5
81.3
87.3
90
89
88.6
90.2
91.2
84.8
69
59.6
58.9
52.5
49.5
48.6
46.6
44.9
43.1
42.9
42.5
54.8
68.1
62.6
56.8
56.6
63
77.1
88.3
72
79.9
88.9
95
90.8
74.1
73.5
64.5
59.5
54.2
55
50.9
52.5
49.8
50.4
53.4
64.1
79.1
79
80.3
87.8
90.1
91.5
91
92.4
96.8
98
98.1
90.1
76.6
66.6
62.6
58.3
52.1
49.2
48.6
50.9
48.2
50.7
56
67
77.5
80
75.5
72
74.8
69.8
70.3
74.8
83.1
88.4
92.8
89.7
64.4
58.2
55.4
48.6
46.9
44.9
38.9
36
32.7
34.8
35.9
34.8
41
52
57.6
64
79
90.4
94.1
95.1
93.7
88.9
91.7
93.8
70.6
62.2
57.2
51.3
46
41.4
37.3
27.7
23.3
22
22.5
38.7
42.6
28
23.8
37.2
54.9
47.5
51
66
70.9
75.7
80.3
73.8
46
35.8
29.3
27.8
27.9
28.7
24.4
23.7
23.7
23.7
24.6
45
55.6
61.1
67
72.1
76.3
78.4
78
81.2
83.5
83.4
85.5
81.5
54.4
44.7
41.9
35.6
33
29.6
25.7
25.5
26.2
26.8
28.8
51.3
63.3
68.7
70.9
76.2
78.8
75.9
78.8
81.7
85.7
88.1
89.3
86.3
61.4
50.9
46
39.8
38.8
36.4
34.7
30.8
29
32
37.7
53.8
67.3
73.4
77.4
79.3
81.5
82.5
82
83.9
84.7
83.9
86.8
83.5
62.9
50.4
44.8
47.1
45.7
41.6
41.3
40.1
39.7
38.1
40.4
54.8
65.3
73.2
77.2
78.5
81
84.6
85.6
87
89.1
92.3
95
91.8
65.1
56.5
54.9
51.6
49.4
42.9
39.9
36.8
36.4
36.9
40.5
56.9
69
75
80
82.2
75.2
73.8
87.2
93.4
96.6
97.5
98.4
99.2
75.5
62.9
60.4
57.7
54.2
49.5
45.7
43.2
42.3
43.1
47.8
68.5
80.2
84.2
89.6
91.6
93.5
95.6
96.2
95.3
96.2
97
97.3
95.3
71.6
60.7
49.9
46
48.4
45.1
43.1
40.7
41.6
45.6
53
55.6
60.1
62.4
56.9
59.9
73.4
83.2
85
88.3
92.2
94.8
94.4
94.4
76.7
61.9
57.6
55.5
50.3
48.4
48.1
46.4
45
47
52.2
66
78.2
81.1
84.8
88.3
77.2
79.8
84.6
85.7
88.5
91.8
93.1
92.6
77.4
67
64.9
62.9
59.7
56.7
55.4
45.6
33.5
38.7
48.3
59.4
59.8
59.9
61.9
56.4
63.6
65.9
62.8
62.9
58
56.1
47
41
34.6
34
33.2
34.1
33.2
29.8
30.4
30.5
30.6
31.9
37
50.8
50.8
52.4
62.4
71.3
57.4
67.1
76.3
77.2
83.2
86.1
88
84.9
57.4
46.5
41.9
42.2
40.8
38.8
36.9
35
33.6
34.1
39.2
57.4
56
65.9
71.5
76.1
78.8
79.2
79.6
84.6
86.1
89.2
90
88.9
62.2
46.3
41.9
40.8
38.6
35.7
33.3
32.6
32
31
39.9
55.1
63.2
46.6
46
56.1
74
80.3
80.6
83.6
88.1
90.8
92.4
89
62.5
46.9
42.2
38.9
37.9
36.5
32.9
30.3
30.9
32.2
34.5
42
53.6
62
61.8
66.8
68.3
72.4
81.2
84.6
86.9
86.9
89.2
85.5
61.5
49.9
43.7
38.5
37
33.9
30.9
26.5
24.9
29.9
35.4
39.2
38.8
39.5
41.8
45.9
50.9
52.6
49.2
55.7
55.6
46.6
55.7
49.4
50.4
48.3
48.1
45.3
42.9
42.8
43.9
47.2
63
67.3
63.6
59.2
67.9
67.6
74.5
72.3
78.7
83
81.1
83.8
82.3
76.9
82.8
85.1
89.1
88
83.5
89.8
77.1
68.9
64.3
64.6
65.1
68.8
70.4
67.3
68.5
96
98.8
99.8
100
100
100
100
100
100
100
100
97.2
87.1
77.5
63.5
57.6
52.3
53
55.1
58.9
63.1
68.6
82.3
92.9
98.1
98.5
92.3
92.3
95.5
98
98.1
99
98.8
96.3
89
89.8
85.7
86.2
77
72.6
64.9
67.5
67
71
75.1
80
88.2
89.3
85.9
87.2
87.9
89.1
90.2
89.1
94.1
99.1
100
100
100
87.3
67.6
60.5
60.1
61.2
59.1
53.1
51.1
54.9
63.6
65.3
79.8
84.5
89.5
93.3
96.3
97.9
98.5
99.4
100
100
100
100
100
90.4
80
64
60.8
56.4
55
50.7
NA
47.6
54.7
70
81.2
88.3
91.3
93.4
92.1
94.7
96
98
98.9
99.8
100
100
99.8
85.1
74.1
57.5
44
45.4
47.2
44.2
46.5
47.8
50.1
65
80.1
87.8
90.5
91
94.6
94.9
90.7
77.9
89.4
96.7
98.6
99.8
100
96.8
77.6
65.5
57.6
53.8
55.5
54.2
49.1
47.8
52.3
61.4
69.4
84
90.2
91.5
90.3
86.7
82.8
86
92.5
95.8
98.5
99.2
100
85.8
66.3
60.5
55
53.4
52.3
49.2
50.9
53.2
56.6
62.8
78.6
87.5
91.6
93.1
92.5
83
69.3
73.2
80.6
84.2
91.1
92
91.4
73.3
71
64.5
62.8
57.8
54.3
54.4
51.9
51.9
53.1
49.5
49.1
51.1
51.3
55
55.1
53.5
53.2
62.2
64.1
80.4
59.6
56.7
75.8
66.5
52.3
51.6
48.3
46.4
43.5
40.9
40.5
41.1
45.4
57.9
64.8
70.5
70.5
66.4
59.4
60
59.5
60.9
62.3
64.1
63.4
61.1
64.2
74.2
75.9
72.7
58.6
52
58.6
65.9
74.6
74.7
80.1
84.3
84.3
84
76.2
73.5
76.8
88.5
94.5
95.1
94.1
94.4
95.1
95.8
84.8
71.8
72.8
63.5
59.4
48.7
43.8
41.9
41.5
44.4
47.7
58.3
66.7
73.9
78.5
80.5
80.3
77.4
83.2
91.4
87.8
88.4
88.2
88.8
92.3
76.2
54
47.7
45
42.5
37.6
35
36.7
38.1
41.4
50.9
60.8
56.3
53.7
68.3
73.9
80
62.7
71.5
78.9
82
73
84.5
89.9
72.8
56.9
50.6
46.7
46.6
47.4
44.8
44
44
45.2
64.5
79.5
83.8
87.6
88.5
92.4
93.5
93.8
94.6
97.2
98.8
99.6
99.9
100
92.3
83.3
65.5
58.6
54
49.8
49.3
44.9
46.1
53.2
61.6
78.7
87.2
91.3
93.8
95.3
95.8
97.2
98.3
97.5
95.8
97.4
98.1
98.4
91.3
74.6
61.9
57.3
57.4
56
52.5
53.6
56.1
60.7
63.4
69.9
74.7
74.1
71.2
79.3
88.2
91.1
90.4
88.8
89.8
93.9
98.6
99.3
99
99.3
98.5
98.1
98.9
99.5
94.3
84.7
88.8
90.4
92.8
83
78
87.6
94.8
97.6
99.1
100
100
100
100
96.9
76
75.2
71.1
68.2
67.6
67.9
65.7
58.4
58
61.3
60.3
66.6
72.3
74.5
77.8
85.7
91.1
95.8
98.2
97.7
96.1
97.8
97.3
96.6
97
97.1
76.7
66.7
64.4
60.4
60.4
58.4
63.4
62.8
62.6
63.6
66.3
67.4
64.3
62.9
62.4
63.9
69
82.5
90
94.3
97.3
98
96.2
94.8
87.5
79.5
59.8
54.4
50.6
59.9
77.6
87.8
85.9
70.6
65.1
70.9
83.6
93.5
97.5
98.7
98.8
99.8
99.8
99.8
99.9
100
100
100
100
92.1
72.2
54.4
48.6
40.9
38.5
39.7
42
44.2
68.8
70.2
60.8
58.9
60.2
80.2
92.4
95.8
96.1
97.4
97.5
99.3
99.6
99.7
87.6
67.7
61.4
56.5
53.1
52.5
52.9
49.6
50.5
53.7
72.3
84.1
92.3
95.9
97.3
98.4
99.7
100
100
100
100
100
100
100
100
96.6
92.2
82.2
82.5
82.9
73.9
68.5
70.7
75.1
84.6
91.1
95.5
98.9
100
100
100
100
100
100
100
100
100
100
98.9
69
52.3
46.6
41.4
40.5
40.7
41.5
42.9
47.6
70.8
80
84
93.8
98
99
99.5
99.8
100
100
100
100
100
100
99.9
82.1
61.7
52.5
49.9
48.3
46.2
46
46.6
52
73.6
89.8
95.4
98.3
99.6
100
100
100
100
100
100
100
100
100
100
82.6
60.6
57.4
52.4
48
45.1
42.9
43.4
51
77.2
89.6
94.3
97.4
98.7
99.8
100
100
100
100
100
100
100
100
99.2
69.2
54.2
45
42.3
39.3
38.8
36.4
36.8
48.5
71
79.2
86.1
87.5
89.9
91.8
95.3
98.4
99.9
100
100
100
100
100
99.9
76.3
61.9
60.1
54.9
52.2
56
56.5
57.4
62.8
83.5
93.5
96
98.3
99.4
99.9
100
100
100
100
100
100
100
100
100
90
68.8
66.9
60.5
58.7
49.7
46.4
46.3
56.9
81.4
91.2
94.5
94.5
95.1
95.6
95.1
94.8
91.2
72
62.7
68.8
81
87.2
86
79.9
72.9
64.3
54.8
49.8
50
50.5
52.5
50.9
50.7
50.6
50.1
52.2
53.6
52.8
53.4
52.1
51
51.9
50.7
51.1
53.2
66
75.1
57.4
52.2
51
48.5
43
41.4
40.4
41.8
49.4
60.2
60.8
61.5
65.2
84.7
93.2
96.1
98.3
99.4
100
100
100
100
100
99.8
73.7
56.9
52.4
47.3
40.6
40.2
39.1
40.4
50.1
58.1
61.7
59
55.3
59.7
60.8
62.6
61.5
57.2
51.6
48.9
51.1
52.9
51.9
52.6
54
53.7
52.4
51.3
48.7
43.2
43.5
45.8
54.1
75.3
86.3
90.4
95.2
96.7
98.1
99.2
99.7
100
100
100
100
100
100
100
86.3
66.3
59.5
56.9
56.2
53.9
53.3
55.7
67.6
79.3
80.3
82.4
81.5
82.5
84.8
82.3
84.3
84.2
79.2
76.6
80.2
81.5
75
74.8
75.3
68
57
55.1
59.7
64.1
63.7
64
66.4
73
82.5
84.4
81.2
80.7
79.8
82.7
86
94.7
99
99.8
99.6
100
100
100
98.7
95
97
85.3
80.8
83.1
81.8
80.1
86.2
90
90.2
93.7
93.6
96
97.8
98.6
98.4
98.3
99.3
100
100
99.5
99.8
100
100
99.6
97.7
99
97.7
90.3
91.4
92.4
95.5
96.9
99
99
98.4
98.8
99.8
100
100
100
100
100
100
100
100
100
99.9
91.2
80.8
72.9
75.3
68.6
72.7
76.6
81
88
92.5
91.5
93.9
95.2
97.1
98.7
98.3
98.5
99.6
99.2
99.9
100
99.7
99.2
99.6
97.5
98.8
99.9
99.5
99.2
99.5
100
99.9
85.6
81.3
82.3
84
82.6
80.7
80.1
78
78.3
76
72.3
73.3
71
79.9
85.3
81.3
70.1
67.3
65.5
63.2
64.7
60
61.6
67.2
78.9
82.9
91.8
98.8
86.1
96.1
95.7
85.3
98.4
100
100
100
100
100
100
90.3
68.8
60.1
56.2
56.5
55.4
54.4
53.3
67.5
89.3
96.7
97.9
98.8
97.9
99
98.7
99.4
100
100
100
100
100
100
100
93.7
69.6
63.1
59
53.4
52.3
54
57.5
69.4
87
91.2
97.5
100
100
100
100
100
100
100
100
100
100
100
100
100
88.6
73.9
70.4
66.5
63.7
62.3
62.8
76.3
91.4
98.1
100
100
100
100
100
100
100
100
100
100
100
100
100
100
95.2
79.2
77.8
73.9
67.9
69.1
80
90.8
97.9
99.7
100
100
100
100
100
100
100
100
100
100
100
100
100
99
80.5
73.3
63.4
58.4
54.5
52.2
55.2
71.9
92
92.6
95.8
99.3
100
100
100
100
100
100
100
100
100
76
47.4
43.1
41.5
39
45
46.6
41.3
42.2
48.2
58.5
59.1
52.9
47.6
53.7
50.5
49.5
50.8
48.9
46.8
46.7
48
51.8
73.2
83.8
82.6
55.7
51.3
47.9
47.3
46.4
45.4
46.9
53.2
63.8
75.6
77.2
78.7
73.5
77.3
84.9
89.3
94.7
95.6
98
99.7
100
100
100
100
91.4
73.2
71.3
66.2
56.5
52.1
51.2
53
66.5
71.5
70.8
77.2
89.2
94
86.3
81.7
47.3
16
49.3
46.3
18.3
19.6
22
14.9
12.1
11.4
13.5
14.9
14.2
13.7
13.6
13.8
15.1
20.2
39
46.4
38.4
44.7
49.6
54.8
57.8
62.3
60.8
57.5
64.8
67.4
70.5
64.3
47
43
40.5
31.9
24.2
28.3
27.5
26.9
38
56.5
64.1
67.8
46.1
38.2
61.6
70.5
71.3
73.6
79.9
80.8
79.9
84.3
85.4
79.7
52.1
38.2
35.3
34.7
33.7
32.5
31.3
31.9
38.9
44.6
47
47.2
61.5
77.1
82.6
86.9
89
89.5
90.3
91.8
93.2
93.6
94.7
92.5
77.7
59.3
55.9
55.3
51.6
51.9
56.4
61
69.8
83.7
89
90.2
92.6
84.4
85.7
90
87.3
84.5
86.5
92.2
94.8
92.3
90.1
93.6
86.8
77.3
68.2
60.5
61
60.2
63.2
70.5
80.1
84.6
88.6
91.1
94.3
97.3
98
98.7
96.9
96.7
98.4
99.4
100
100
100
100
87.5
60.9
51.8
49.5
48.4
48.3
50.4
55.2
72
90.7
96.9
99.3
100
100
100
100
100
100
100
100
100
100
100
100
100
83.2
74
72.9
66.8
60.2
61.3
67.7
73.3
81.1
88.4
93
97
99.8
100
100
99.5
99
100
100
100
100
100
100
100
87.6
65.4
61.4
56.9
53.2
51.7
55.6
58
62.8
72
87.3
92
94.4
97.7
99.5
100
100
100
100
100
100
100
100
100
80.7
64.9
62.6
49.6
61.3
62
54.6
54.1
51.3
50
49.6
50.5
69.9
79.1
76.2
78.5
83.9
89
93.9
95.3
94.6
97.1
97.9
88.9
73.1
66.2
61.7
61.1
71.1
72.3
76.5
81.7
89.6
96.7
98.5
99.5
100
100
100
100
100
99.6
96.3
93.4
92.2
90.2
94.3
94.9
81.8
68.9
64.1
56
54
58.4
63.1
70.2
83.7
92.1
95.4
83.3
83
69.4
81.7
92.4
96.3
96.3
98.5
99.8
99.9
99.9
100
82.9
58.9
50.5
46.9
44.5
39.9
39.7
51
70.8
82
89
94.3
97.4
99
100
100
100
100
100
100
100
100
100
100
99.3
76.2
69
61.7
56.7
54.6
56.7
64
66.5
69.9
69.5
70.3
86.4
91.1
96.2
98.1
98.2
94.3
91.8
91.4
93.8
93.3
91.1
89.6
84.4
80.2
75.6
70.7
69.5
68.6
71.3
78.8
83.7
85
86.7
88.7
89.5
90.9
90.3
92.2
92.3
90.8
94.3
98.3
99.8
100
100
100
98.3
92
89.4
90.3
90.8
93
94.8
95.7
97.4
98.6
99.8
99.7
100
100
100
100
100
100
100
100
100
100
100
100
100
94.1
90.6
93
87.3
83.8
86.8
93.8
96
98
92.7
88.9
98.9
100
100
100
100
100
100
100
100
100
100
100
100
97.2
92.9
92.8
95.7
97.3
99.3
99.8
99.9
100
NA
100
100
100
99.8
100
99.2
98.5
99.7
98.2
94.4
94.8
98.5
100
99.5
88.9
75.3
70
69.5
70.2
94.4
95.3
95.7
96.8
97
97.8
98.3
99
100
98.8
98.3
97.8
93
92.6
97.7
98.8
99.9
100
100
99.8
98.1
92.5
79.4
72.5
75.3
83.1
90.3
91.7
91
89.9
92.9
98.3
100
100
100
100
100
100
100
100
100
100
100
100
84.6
88.3
92.6
94
96.5
98.3
98.8
99
97.3
97.6
93.3
88.7
96.8
99
98.9
99
99.8
100
100
100
100
100
100
100
98.3
95.7
92.7
81.2
86.7
94.5
97.8
97.5
98.3
99
100
100
100
100
100
100
100
100
99.8
99.8
99.9
99.9
95.6
67.9
50.7
56
48.1
48
56.1
59.5
80
89.1
90.4
91.2
87.5
87.9
84.3
81.2
79.3
76.3
81.5
77.6
76.3
81.4
78.7
81.7
83.5
80.7
80.6
86.1
82.9
84
89.7
93.1
96.8
98.8
99.7
99.1
99.5
100
99.8
98.2
98.1
98.6
99.8
99.8
100
100
100
100
97.6
96.1
94.1
90
92.3
92.4
92.2
96
97.9
98.2
98
98.5
99
99.6
100
100
100
100
100
100
100
100
100
100
100
100
100
98.4
95.2
91.7
90.7
94
95.5
95
95.1
95.2
95.6
94.8
93.5
93.8
94.8
94.2
93.7
95.1
95.6
96
96.3
97.3
96.5
94
92.3
92.6
89.3
82.7
82.2
84.2
91.9
96.2
97.7
99
100
99.2
96.6
95.2
93.9
96.8
97
96.1
92.4
89.9
92.1
93
92.2
87.2
83.6
76.8
74.7
80.7
82.5
83.9
85.5
88.3
89
89.2
90.9
91.7
92.5
91.2
86.5
75.8
75.9
76.6
76.6
76.9
77.3
77.5
77.7
77.6
76.9
76.1
77.3
77
78.5
81.7
87.2
95.5
98.5
99.7
96.9
95.7
98.8
100
100
100
100
100
100
100
100
100
100
94
67
56.7
50.5
49
48.5
53.6
72.3
85.4
92.7
96.9
98
99.3
100
100
100
100
100
100
100
100
100
100
100
100
82.8
61.7
58
57
59.9
64.8
82.1
94.6
98.1
99.8
100
100
100
100
100
100
99.8
98
97.3
97.4
96.2
94.7
94.5
91.4
88.9
85.7
85.9
77.9
81.5
88.2
94
97.6
99.5
100
100
99.2
97.6
97.8
97.4
89.7
92.7
94.5
95.1
96.8
97.1
96.7
94.3
92.7
87.7
78
76
74.6
77.4
84.5
89.3
90.9
86.7
86.1
91.1
95.8
98.8
99.9
100
100
100
100
100
99.8
96.5
95.7
98.1
99.8
99.8
100
99.1
93
91.1
92.1
92.2
92.5
92.2
92.6
93.5
91.8
90.9
91.8
94.9
94.6
91.3
90
90.8
90.4
93.7
95
93.1
81.9
78.1
81.4
78.8
79.2
77.8
83.5
86.7
82.7
82.8
84.3
91.2
88.2
95
97.5
98.1
98.5
99.4
100
100
99.9
100
97.5
87.7
83.4
83.9
84.7
82.8
79.9
78.4
77.5
79.5
93.1
97.4
98.7
100
100
100
100
100
100
100
100
100
100
100
100
100
100
99.8
98
96.4
98.2
99.8
100
99.3
99.6
99.7
100
100
100
100
100
100
99.1
99.9
100
99.5
93.7
89.9
95.1
88.2
86.2
86.2
82.6
76.6
72.8
76.9
75.5
75.8
75.6
76.4
77
80
79.3
79.8
85.6
85.5
87.2
88
83.6
77.9
72.3
74.5
79.6
83.3
83.6
71.9
57.9
61
52
55.3
65.5
82
85.9
88
88.8
91
75.6
76.3
79.5
76.3
76.1
81.4
89.7
97.2
99.3
99.5
99.8
82.2
64.3
61
57.2
55.3
52
53.6
61.9
74.4
81
89.2
93.2
96
96.7
97.9
99.3
99.9
100
100
100
100
100
100
100
98.7
81.4
67.7
58.7
59.5
58.7
63.8
71.5
86.2
89.9
93.1
87.9
95.6
98.5
99.5
99.7
99.6
100
100
100
100
100
100
100
100
99.2
82.2
62.4
57.1
60
52.7
69.7
81
87.7
91.8
95.6
97.3
98.2
98.8
98.8
99.5
99.8
100
100
100
100
99.9
99.5
98.5
85.8
71.1
59.5
54
50.4
54.3
55.8
80.8
92
95.8
96.2
97
96.7
96.8
97.9
98.2
98.3
98.7
99.2
99.7
99.7
99.8
99.8
99.1
76.9
61.4
50.3
46
45.5
47.8
55.2
77.8
90.4
93.4
94.9
94.2
95.8
96.5
95
96.1
97.6
98
98.2
98
97.7
96.8
98
96.8
80.8
64.7
52.9
51.9
51.8
56.9
63.6
76.6
83.5
80.1
88.2
92.6
91.5
92.7
95
94.7
95.7
93.7
93.8
94.4
96.4
96.5
98
98.5
89.2
81.2
75.6
75.5
70.1
70.5
77.3
85.8
92.2
97.8
92.3
90.5
95.5
97.7
98.3
97.4
97
98.1
98.6
99.1
99.2
99
98.5
97.8
98
96.7
93.5
90.9
89.3
89.3
90.7
92.9
94.9
96.2
98
98.8
99.8
100
100
100
100
100
99.1
97.9
99.2
100
100
100
100
100
100
90.8
84.9
89.4
91.8
93.4
91.5
89.3
88.3
89.4
88.3
94.3
98.2
98.7
99.5
100
99.9
99.2
98.7
96.1
91.3
89
77.7
73.5
69.5
66.7
64.8
64.4
64
65.1
66.5
67.7
71.9
83.6
89.3
89.1
93
96.9
98
98.7
99.1
99.4
100
100
100
100
94.3
67.8
58.6
56.6
55.1
57.9
61.8
70.5
73.2
78.5
87.4
94.6
96.9
97.9
98.7
98.9
99.6
99.8
99.9
100
100
100
100
98.7
84
60
50.5
54.8
51.5
49.4
50
67.1
75.9
76.5
78.5
84.5
85.8
84.4
86.8
87.5
90.3
90.1
92.4
94.2
94.8
93.8
93.4
89.3
69
50.9
43.6
42
41
41.1
44.9
58.6
63.1
76.9
86.5
91.5
93.2
95
95.8
96.8
97.8
97.7
98
98
97.8
97.9
97.9
97.4
83.7
60.2
50.1
46.5
44.4
50.5
58
75.1
83.8
89.1
93.8
96.5
96.6
94.7
95.8
95.3
96.3
96.4
96
94.3
95
96.7
97.2
93.5
75.2
52.4
45.1
38.4
46
51.3
59.9
76.2
91.4
95.3
97.3
98.2
98.6
98.2
97.7
97.3
97.6
96
95.8
93.5
93.5
92.7
95.2
90
71.6
50.7
42.5
40.2
39.5
40.3
45.7
68.9
82.8
86.7
89.7
89.1
87.8
90.5
88.2
88.7
91.6
94.2
95.2
97.1
98
98.7
99.3
100
92.2
71.9
56.6
53.6
53.6
50.6
57.5
75
86.7
92.7
96
96.9
97.9
98.5
99
99.2
99.6
99.6
99.7
99.8
98.8
98.4
97.9
97.9
97.9
97.5
95.5
94.8
93.8
94.5
96.5
97.8
98.5
98.8
99.1
99.4
99.9
100
99.8
100
99.8
99.8
99.7
99.5
99.6
99.9
99.7
99.2
99
97.7
88
86.1
84.5
83.5
83.1
92.2
96.1
94
93.9
93.9
93
92.3
93.4
94.1
94.6
94.5
95.1
94.7
95.5
95.7
97
98.1
98.1
96
92.7
90.8
88.5
89.5
92.4
95.4
96.3
97
98.2
98.5
99.1
100
100
100
100
100
100
100
100
100
100
100
100
99.5
95.8
92.3
91.7
93.2
94.2
94.1
93.9
94.5
94.5
94.7
94.6
93.8
94.5