63.6
58.7
55.2
49.5
53.3
62
64.7
67.5
70.3
58.2
55.2
38.2
30.3
26.5
25
24.5
23.7
24.3
24.7
24.5
25.2
26.3
27.2
30.7
34.8
34.5
35.7
35.8
34.7
35.5
34.8
34
35
34.8
33.3
31.5
29
28.7
29
30.3
38.3
38.8
51.7
55
58
61.5
60.8
67.8
69
68.3
71.2
59.8
55.2
54
59.5
65
67.3
68
65.8
60.2
60.7
58.8
55.5
54.3
55.8
54.7
68
74.3
76.8
77.3
76.7
77.2
76.2
79.8
77.3
72.3
72
67.7
67.8
68.2
69.3
70.7
72.2
74.3
73.7
70
61.7
59.5
63.2
66.8
69.7
75.2
77.7
81.7
85.8
86.5
NaN
88.2
88.5
85.5
83
80.5
73.7
74.2
75.2
74.3
72.8
73
70.5
67
62
56.2
55.7
64.3
69
72.2
83
86
86
85.8
81
77.2
72.5
78.3
75.5
76.2
76.8
74.8
69.3
62.7
58.3
56
56
53.3
50.5
51.2
54.2
57.8
63.3
64.2
70.7
68.3
72
74.8
76.5
77.3
80.5
80.7
80.8
81.7
82.8
80.5
78.7
74.2
70.3
65.2
62.8
59.2
55.7
55.2
54.7
64
65.7
67.8
68.5
69.2
71.3
75.8
82.2
82.5
82.5
83.7
81.8
80
79.5
77.7
73
66.8
61.8
57.2
57.7
55.3
55.2
52.5
50.7
59
65.3
69.2
73.2
78
82.7
80.5
83.5
83.2
82.8
78.2
74.8
73.3
73.7
73
69.8
64
58.5
58.7
54.8
55.3
55.8
54.8
56
60.5
66.2
64
64.2
69.7
72.2
70
76.2
76
78.5
73.2
74
75.5
78.7
76
73
67.2
61.2
55
57.3
60.2
57.5
60.5
62.3
62.2
70.8
82.5
86.8
82.8
74.3
78.2
81.8
84.5
85.2
83.2
83.2
81.7
79.3
77.8
73.2
68
65.8
59.5
57
56.2
53.5
60.7
65.5
72.2
77.5
78.8
80
80.7
79.5
79
79.8
78.8
78.2
77.2
74.2
66.5
66.3
63.2
60.3
48.8
44.8
41
45.2
52
51.3
53.7
46.5
52.2
57.7
59.7
67.2
79.5
76.3
79.5
78
78.5
76
73.5
74.3
74.3
69.8
72.2
69.8
64
57
51.8
53.7
55.8
53
51.2
52.5
57.7
65
64.7
67.5
69.2
72.5
74.5
71.5
76.2
78
79.2
79
76.8
76.7
73.3
69.8
60.3
53.5
48.5
46.5
48.8
47.3
48.7
45.3
46
55.8
60.5
62.8
61
65.8
71.2
74
75.8
73.5
75.2
75.7
77.5
75.2
76
74.8
69.5
60.5
58.8
59
54.2
58.8
57.2
58.5
59.7
61
64.7
65.3
65.8
70.3
73
74
73.2
75.7
76.8
81.3
78.7
80.2
78.5
73.5
71.8
67.3
63.5
58.3
56.5
50.5
49.5
53
54.7
63.2
62.8
62.3
66.5
68.2
70.5
72.5
73.5
74.5
77.3
76.3
78.2
79
79.5
79.5
70.3
66.5
60.3
56
65.8
56.8
52.2
56.3
60.3
59.5
61.7
63.3
63.2
64.8
65.7
68.8
71.5
73.3
74.7
74.5
75.5
74.2
76.8
78.2
71.2
64.8
62.2
57.7
59.5
56.3
55.7
61.5
63
64
68.2
67.7
66.3
64.7
65
67.8
71.7
74.2
74.5
75
74.3
75.2
76.7
69.7
67
62.7
60.3
63.7
63.2
59.8
60.3
66.5
77.5
84.7
86.7
87.3
87.8
87.3
88.3
89
89
88.7
87.7
85.7
83.5
81.5
79.8
78.8
82
78.3
71.7
65.5
63.8
60
61
67.8
75.3
81.7
83.2
84
82.5
83.8
85.7
85.5
83.2
77
79.5
78.8
76
73.2
74.5
75.7
71.3
65.7
58.3
57.7
61.3
61.5
64.5
65.2
63.7
61.5
62
61.5
65.8
70.8
78.5
76.3
75.3
76.2
76.2
75.5
65.7
62.8
60.8
58.7
56.8
49.2
41.5
37.5
39.2
45.7
49.8
45.7
59.3
60.2
58.8
47.2
21
22.2
22.8
25.8
25.7
27
33.5
58.7
64.7
66
57
40.7
33.2
33.7
32.5
38.3
45
43.3
41
34.5
37.5
40.8
41.7
46.2
51.3
51.3
59.2
63
65.2
68.3
68.5
71.2
69.3
69.5
68
67
60.2
56.8
51.7
48
43.8
45
43.2
40.3
42.2
45.3
50
50.3
50.3
55.3
55.5
55.8
59
63.8
66.3
68
68.2
68.2
69.7
68.8
61.5
51.8
47.2
45.5
48
47.3
45.2
47
48.5
55
59.7
58
57.2
56.3
61.2
63.5
67
67.5
69
69.7
70.5
73.8
72.2
69.2
60.8
52.5
46.8
44.2
41.5
43.5
45.2
50.2
61.3
66.7
67
68.8
72
73.3
72.3
71.2
70.2
73.8
70.8
68.7
65.8
66.3
65.2
65.5
58.7
54.3
48.5
45.3
51
56
55.5
56.2
59.7
64.5
66.2
66.8
65.3
72.8
74.8
77
79.7
80.8
81.5
80.5
80.5
81.7
80.7
80
72.2
62.5
57
52.8
50.7
52
58.5
54.8
62.7
65
64.5
65.8
66.3
71.7
75
78.5
78.7
76.7
76.7
78.7
78.2
76.8
78.5
76.7
67.2
63.2
58.8
54
54.2
53.3
53.8
55.2
57
59.5
56.2
63.7
67.7
68.5
70
73
73.7
75.5
76.3
80.2
83.2
84.8
84
82.7
73
69
61.3
58.7
63.2
59.8
57.8
60.5
65
67.8
71.7
71
70.2
71.2
72
70.6
75.8
79.5
84.7
86.2
87
88.2
89
89
89
89
88.8
86.3
80.3
75.3
76
77.8
79
81
83.8
84.2
84.5
82
82.5
84.7
82.8
77.8
75
75.2
75.7
73.7
71.5
70.8
61.8
59
53.5
49.3
45.8
50.5
48.2
51.2
63.5
69
70
70.5
71
73.7
73.8
75.3
77.8
79
80.3
80
79.2
80.2
80
79.3
76
68.5
61
55.8
55.2
53
54.7
53.3
58.8
65
67.7
66
65
67.2
70.2
72.3
72.8
73.7
73.3
74.3
76.3
78.3
79.7
78.2
72.8
68
66.5
57
56
57.3
50.7
54.7
56.8
62
62.8
65.3
63.8
68.8
72.7
73.7
72.5
75
77.7
76.2
79
79.3
76.8
74.8
67.2
63
56.8
53.5
57.2
50.3
53.5
55.8
59.8
63.5
62.7
64.3
63.7
64.2
66
67.7
63.7
68.2
73
71.8
76.5
77
76.8
77.5
70.5
62.2
57.7
54.5
52.7
55
47.2
48.5
54
55.5
54.7
58
56.3
59.7
63.7
67.5
70.5
74
74.7
76
76.2
75.5
72.3
73.7
66.3
59.5
56.7
56
55.5
55.8
65.3
74.7
77.8
82.5
85.3
86.5
88
88
88
88
88
87.8
87.8
87.8
87
87
87
86.3
87
88.2
89
86.8
79.8
82.2
84.5
86.5
87.7
88.2
89
89.7
90
90.7
90.8
91
91
91
91
91
90.3
90
90
88.5
81.7
78
72.8
71.7
71.3
70.3
75.3
72.8
76.8
82.2
82.5
84
83.7
84.8
84.7
87
89.2
89.3
90
90
90
90.2
88.7
85
84
77.7
71
67.8
63.7
70.2
66.8
66.7
71.3
78.2
76.7
79.7
84.3
85.2
86.8
87.3
87.8
87.5
89.3
90.2
91
91
91
90.8
89.5
84.3
78.8
77.2
72.7
71.2
73.8
74.8
78.2
83.2
83
85.8
83.8
85.3
85.8
86.7
87.2
83.3
79.5
77.8
79
78.8
75
75.8
74
70.2
66.8
64.5
63.7
65
66.8
67.5
72.7
75.3
75.8
77.2
80.3
80.3
84
85.7
86
87
87.2
86.7
87.2
86.7
86.7
87
84.3
85.5
86.7
88.7
89.5
90
89.7
88.3
88
87.3
86.3
86.3
85
83.8
84
86.8
88
89
90
90
90.5
90
89.8
90.5
92
87.5
74.2
68.7
62.5
64.7
64.7
71
73.2
79.3
80.2
74.8
77.8
80.8
80.5
77.7
72.3
70.8
72.8
72.7
75.7
75.8
76
76.5
73.7
68
61.3
57.2
53
58.7
69.7
67.2
71.8
76.3
74.8
77
78.8
80.8
80.2
80.8
83.5
84.8
86.2
88
88
86.5
84.5
83.5
78.5
68
67.2
68.2
69
70.2
68
67.8
69.5
73.5
75.3
79.7
80.7
81.3
80.7
81.2
82.3
85
84.2
85.5
87.7
89
87.2
86.2
83.5
80.7
72.2
71.2
68.2
66.5
64.5
65.8
73.8
74.7
75.8
79.2
80.5
75.8
79
83
81.8
80.7
82
79.5
73.5
70.7
67.3
66.5
64.5
59
54.5
49.5
48.5
48.5
45.7
56.8
70.5
74.3
74.5
75
78.2
77.8
78.8
79.5
75.5
72.8
70.8
70.2
69.7
71.2
73.3
71.3
66.2
60.3
53.2
52.2
51.7
52.7
56.8
62.8
71.5
76
76.5
78.5
79.7
79.3
79.2
77.5
76.3
77.8
77.8
77.2
73.5
72.2
72.3
70.7
68.3
66
62.3
56.8
55.2
59.2
65.2
71
74.7
78.5
81.8
82.7
84
83.8
83
84.3
81.3
82
82.8
83.2
83
80.7
80.8
81.2
76.2
69.3
65.8
62.3
61.3
62.5
60.5
65.3
70
76.3
73.7
63.7
64.3
65.7
72.5
78
81.7
53.2
40.8
26.7
20.7
25.2
27
25.8
27.2
28.5
26.5
26.2
21.7
20.2
19.2
17.2
16.7
18
19.7
22.3
32.5
31
33
35.3
38.2
44.5
43
51.3
50.8
51.5
46.8
46.8
45.2
39.7
36.7
35.5
29
29.2
25.5
25.7
25.7
25.3
26.5
26.7
28
25.5
29
28.7
32
29
33.3
32.8
32.7
33.2
33
33.7
35
33
29.7
27.8
26
29.5
26.5
36
42.3
42.3
50.5
52.2
53
48.8
50
49.2
53.7
68.8
69.5
66
65.2
65.5
63
61
60.8
54.2
51.3
49.3
47
48
50.3
58.5
63.2
66.2
69
66.8
67.5
72
73.3
72.5
71.2
70.7
71.7
74.3
75.8
74
74.3
72
68.3
61.3
57.2
52.7
50.2
52
46.5
51.7
58
60.7
61
60.5
60.8
69.3
73.5
76
77.7
76.3
74.8
74.8
75.3
73.2
69.8
69.5
65.5
61.5
57.7
58.2
59.8
59.7
59.8
60.8
59.5
60
62
65.2
66.7
68.5
71.2
72
72.8
75.7
73.8
75.7
77.2
76.3
76.2
75.8
73.2
66.7
59.2
54
53
54
56.7
58.3
60
68
63.7
64
66.7
69.5
74.2
77.5
77.2
79.8
81.7
81.5
77.7
77.2
76
77
72.7
63.2
56.8
53.3
54
57.3
56.2
62
65.7
67.8
64.3
64.8
67.3
70.2
73.3
76.8
78.5
78.2
76.7
77.8
76.8
73.5
70
69.8
67.7
61
55.3
50.3
46
44.3
44.2
57
64.7
65.3
67.7
68.7
70
68
68.5
68.2
66.5
66.7
67.3
68.7
67.7
66.3
67.8
68.7
64.7
57.7
53.3
48.3
48
46.2
48
60.3
68.8
71.2
70.8
73.2
75.3
75.8
76.7
75.2
72.7
70
70.8
69
64.7
62.3
61
61.5
63.3
58
52.3
46.7
45.2
47
50
60.5
68.5
70
71.2
72.8
74.8
71
66.3
64.8
64.7
62.5
63.2
63.7
66.5
64.8
66.3
62.3
61.5
54.5
49.2
45
44.7
43
47.5
60.2
66
65.7
64.2
70.3
74.3
77.3
78.8
79.5
79.5
79.5
77
78.2
78.7
77.3
74.8
73.3
73.3
69.8
61.8
56.5
60
69
73.3
77.7
80.8
81.8
82.2
83.8
84.5
85.5
86.8
87.5
88
88.5
89
89
89
89
88
88
86.7
85.2
82
76.5
76.8
72.8
74.3
76.8
78.8
83.8
84.5
85
83.3
82.5
80.8
78.5
76.2
74.3
79.8
85.3
86.8
87.8
88
88
88
89
89
88.7
87.7
86.8
86.8
85.7
86
86.5
86.8
87.2
88
88.7
89
89.3
88
88
89
89
89
90
90
90
90
90.3
90
89.2
86.3
83.8
85.2
86
86.2
84.8
84.2
84.7
86.3
85.7
81.2
80.7
82.7
77.7
78
76
74
72.7
76.3
81.2
79.5
79.7
77.3
73.3
73.8
75
73.2
74.7
75.8
77.3
80.2
81.2
78.8
78
78.8
80.3
80.3
79.7
80.2
81.3
79.7
84.8
85.3
82.8
80
72.3
67.2
67.7
64.3
61.2
68.2
73.8
78.2
82
82.7
85
86.8
86.8
86
86.5
87
87
85
84.7
81.2
78.3
79
79.8
82
80.8
75.5
72.8
68.3
64.3
65.8
76.3
81.7
83.8
85.8
86.2
87
86.3
85
84.5
80.2
80.7
84.2
86.2
87.5
88
86.5
86
84.7
83.5
80.8
84
86.3
87
87.5
88
87.5
87
87.8
88
88.5
89
89
89.8
90
90
90
89.7
89
88.5
86.8
87
85.8
85.2
84.3
79.7
76
75
69.5
76.3
78.8
80.3
80
82.2
80.7
78
76.7
75.7
76.5
80.2
76.8
68.2
69.8
69.3
73.8
74.2
72.3
69
65.7
66.3
63.5
64.2
56.3
48.7
55.3
57
54.7
58.2
60.8
63.2
61.8
72.7
66.7
66.8
66
66.5
73.5
79
80.5
78.5
75.5
74.5
73.7
71.8
72
66.5
62.5
71.5
79
82.3
84.2
85.5
85
85.2
84
84
84.2
83
79.3
82.3
84.8
84.3
81
82
81
74.3
71.7
69
68.8
68
70.8
73.2
77.5
81
79.7
82.7
83.3
84
84.8
85
85.8
86.2
87
87.3
87.2
87
86.8
85.7
83.5
78.7
79
77
71.3
65.8
69.3
67.2
74.5
82.7
78.8
79.8
85.2
87.7
86.5
85
84.3
85.7
86.8
87.2
87
87
87.8
86.7
87.2
88.3
74.8
64.8
59.7
58.7
55.7
67
69.2
69.5
72.8
71.7
73.5
76.5
73.5
74
73.8
78.5
80.7
80.8
79.5
78.5
77.3
76.7
74.7
71.5
68
67.7
77.7
79.2
80.2
78.5
78.7
80.2
80
76.2
75.3
77.8
78.2
80.7
82.5
84.7
84.8
84.8
85.7
84.5
84
83
79.2
74.8
71.7
64.2
61.2
62.2
63.2
65.8
71.5
78.3
77.7
74.8
78.2
79.2
78.7
77.2
74.7
72.2
74.5
75.8
73.7
66.2
63.7
65.5
67
54.7
51
47.7
43.8
43.8
44.8
51.7
55.2
57.3
59.7
56.8
52.3
53.3
53
53
48
52.2
56.7
59.8
61.2
58.3
58.7
56.8
58.5
53
52.2
50.2
50.5
52
47.7
61
66.3
69
66.7
70
68.8
69
68.7
69.8
70.2
64.3
63.8
68.5
73.7
73
67.2
68.7
68
63.8
56.5
56.7
54
52.3
49.7
59
66.2
69.5
70.7
70.3
76
77.8
78.7
75
72.3
69
68.2
69.7
75.7
74.2
75
75.5
71
67
59.2
57.2
55.5
53.7
50.7
67.2
71.8
73.7
76
78.5
79.3
81.2
74.7
73.5
71.7
71.7
73
72.8
76.2
75.7
75
78.3
77.5
69.5
60
58.8
57
55.5
57
70.5
78.3
80.5
81.5
82.7
83.2
80.7
76
72.8
72.3
79.2
79.7
75.5
72
66.2
68.5
74
66.3
64.5
60.3
58.3
56.3
57.3
58.8
69.2
75.2
77.3
79.3
79.8
80.5
80
81.3
82.7
83
84
84.7
83
78.3
79.5
71.5
73.7
79.2
78.2
70.7
71.5
73
67.3
73
76.7
78.3
79.2
80.3
79.8
79.5
77.8
74.5
75.7
77.5
80.3
79.3
79.8
81.7
85.3
87
88
88
88
88
87.7
87
87
87
87
86.5
86
86.7
87
86
84.7
84.7
82.7
82.3
81.2
79
81.7
83.3
83
83.8
83.3
83
82.8
81.7
81
84
86.7
87.3
88
88
88
88
88
88
88
88
88
88.8
88
88
87
86.5
86.5
84.7
86.3
85
81.7
78.7
76.2
76.5
79.2
81
84.2
84.7
85.5
85
78
77.5
78.2
78.3
77.3
76.8
80.8
79.2
83.2
82
79.3
78.3
78.5
78.3
76.2
68
64.2
63.3
67.5
63.5
72
77.5
79.3
75.5
77.3
81
83.5
84.5
83.5
