23.4
22.5
22.7
22.4
21.4
21.4
21.2
21.7
23.9
26.3
27.5
29.3
30.4
29.9
30.6
30.9
29.8
28.3
28.1
26.5
25.2
24.6
25.3
24.2
22.6
22.3
21.6
21.5
21.4
21.7
22.3
23.2
23.5
24.8
26
26.4
29.3
28.9
28.2
27
25.7
26.3
25.2
24.2
23.5
23.4
23.3
22.7
22.3
22.1
22.1
22
21.7
21
20.9
21.3
22.1
23.3
23.6
25.1
26.2
27.5
28.7
28.1
26.4
25.9
25.6
24.6
24
23.7
24.1
23.2
22.8
22.5
21.8
21
20.1
20
19.9
19.8
20.7
21.4
22.8
24.5
26.5
27.9
28.8
27.2
26.5
26.5
25.9
24.3
23.5
22.9
22.8
22.2
21.8
21.5
21.3
21.1
21
18.2
17.4
17.9
18.4
19
19.3
19.5
20.6
22
22.8
23.2
22.7
21.7
16.3
16.6
17.4
17.1
17.4
17.6
17.3
16.9
17
16.4
15.9
15.6
15.6
15.8
16.9
17.6
18.9
20.7
22.5
24.5
25.3
26.2
26.5
25.3
21.4
20.5
20.5
19.9
18.2
17.6
17.4
19.1
19.6
19.6
19.3
18.8
17.9
17.9
18.1
18.4
19.3
21.5
22.6
24.4
25.7
25
22.8
22.6
21.8
21
19.7
19
18.8
18.4
17.9
17.6
17.1
17.3
17.4
16.9
16.2
16
17.6
19.3
20.2
22.4
24.1
25.1
26.8
26.3
26.1
24.9
22.4
22.1
22.1
22.2
22
21.3
20.3
20
19.2
18.4
17.9
17.1
16.9
17.6
18.4
19.4
20.5
22
24.3
25.6
25.3
25.6
25.4
23.5
22.6
22.1
21.6
21.4
20.8
20.4
20.1
19.2
17.9
17.9
17.8
17.8
17.6
17.5
17.8
19.4
21
23.4
24.1
22.1
21.9
22.9
23.3
22.7
21.8
21.5
20.3
19.3
18.8
18.7
18.3
17.9
17.9
17.6
17.6
17.3
16.9
16.7
17.4
18.5
19.7
21
22.5
24.2
25
25.6
23.5
22.9
21.1
19.9
19.4
19.2
19.2
19.1
18.9
18
17.1
16.8
16.1
16.1
16.8
17.7
18.7
20.2
21.3
23.2
24.7
25.1
26.5
26.5
25.7
25.6
24.5
24.3
23.9
23
22.9
22.5
21.7
21.1
20.8
20.4
20.4
20.1
19.7
19.8
21.1
21.7
22.6
23.7
24.8
23.4
21.3
19.7
20.7
21.7
19.7
19.1
19.1
19.3
19.2
19.2
18.6
18.3
17.9
17.6
17.5
17.8
18
18
19.1
20.4
20.2
21.3
24.4
25.2
24.4
25.5
24.6
26.2
24.9
22.8
22.3
21.8
20.6
20.4
20.1
19.8
19.4
18.9
18.7
18.2
18.3
18.6
19.7
21.1
22.7
24.4
25.9
26.1
28.1
27.1
25.2
24.4
23.1
21.9
21.2
21.4
20.9
20.4
19.6
19.4
19.7
19.7
19.4
19.1
19.2
19.4
18.8
18.5
18.7
19.3
21
21.9
24
25.9
25.3
23.4
22.7
21.4
20.1
19.7
19.4
18.9
18.9
19.1
19.6
19.2
19.4
19.7
19.8
19.9
20.2
22
22.4
23.4
24.9
25.2
25.3
26.9
26.9
26.8
26.2
24.7
22.7
21.9
21.5
20.9
20.6
20.5
20.4
20.3
20
19.9
20
19.7
20.8
22.2
23.4
25.4
26.9
27.7
28
27.7
27.3
27.3
25.1
24
22.9
22.3
21.3
19.8
19
18.6
18.2
18.1
19.2
18.7
19
19.2
20.2
21.1
22.1
23.2
25.1
26.4
27.4
27.8
26.8
26.1
22.8
21.4
21.1
19.8
19.3
18.6
18.8
19.6
17.9
18.9
20.1
20.4
20.4
20.4
20.8
21.6
22.8
24.2
24.9
25.9
26.9
27.2
27.2
25.1
22.1
22.2
21.8
20.7
19.5
19.6
20
19.7
19.3
18.4
18.7
18.9
18.9
18.6
18.6
19
19.7
21
22.6
22.9
22.6
21.9
21.4
20.6
19.5
18.9
19.5
18.9
18.8
18.8
19.3
19.4
19.4
19.3
18.9
18.4
18.5
18.3
18.9
20
20.7
23.1
22.9
21.8
22.4
22.8
21.9
21.2
20.3
18.9
18.9
19.2
18.9
19
19
19.1
18.9
18.3
17.8
17.7
16.7
16.3
16.2
16.8
17.5
17.4
15.4
12.4
12.1
13
14.1
14.8
15
15.2
15.5
15.7
15.8
15.8
15.9
16.1
16.1
16.3
16.5
16.4
16.5
15.8
16.5
17.1
17.8
18.4
19.4
19.5
19.6
19.7
19.7
19.6
19.9
19.8
19.8
19.5
19.2
18.9
18.9
18.9
18.4
18.2
17.8
17.8
18
18.2
18.6
19.6
21.1
22.4
23
24.6
26.3
25.5
24.9
22.7
20.6
19.4
18.9
19
18.2
16.8
15.8
15.5
14.9
14.5
14.8
14.8
14.7
15.6
16.5
18.5
20.1
21.3
22.4
24.7
26.1
25.8
22.6
21.9
21
20.5
20
20.4
20
19.8
19.5
18.9
18
17.6
17.4
16.6
15.9
15.9
16.2
16.9
19
20.1
20.8
21.9
21.3
21.6
21.8
20.6
18.9
17.8
17.6
17.9
17.8
17.6
17.6
17.7
17.5
16.9
17
17.1
17
17
16.9
17.5
18.6
20.7
21.4
NaN
NaN
NaN
NaN
NaN
NaN
17.7
17.5
17.5
17.3
16.9
16.6
16.4
16
16.2
16.6
16.4
16
16.1
16.3
16.9
18.5
20.2
21.1
22.1
21.8
21.9
20.9
18.1
17.7
17.3
17
16.7
16.7
16.6
16.5
16
15.1
14.3
14.1
13.1
13.6
13.4
14.4
15.6
16.8
17.3
18.3
19.4
19.9
19.4
18.4
17.8
17.1
16.6
16.4
16
16.2
16.1
15.5
14.8
14.8
14.5
14.4
14.3
14.3
14
14.4
15.6
15.5
15.9
16.5
17.1
17.3
17.9
18
17.3
16.6
15.9
15.6
15.7
15.6
15.4
15.3
15.4
15.7
15.9
16.4
16.5
16.5
16.1
15.9
16.4
17
17.3
17.6
18
18
17.4
16.9
16.9
16.9
16.8
17.1
16.8
15.4
15.1
15.5
16
16.6
16.6
16
15.2
15.2
15.5
15.7
17
17.8
19.1
21.1
21.1
22.1
23.1
21.5
19
18.3
17.1
17.1
17.6
17
16.8
16.7
16.6
16.1
15.7
15.7
15.5
15.2
15.2
15.7
16.5
17.3
18.8
20.7
19.7
17.8
18.7
17.8
16.8
16.1
15.1
14.6
14.7
14.7
14.6
14.8
14.7
15.7
16
16
15.8
15.9
15.9
16.1
16.7
18
19.6
21.4
22.8
23.4
23.2
22
19.2
18.5
17.7
17.4
16.9
16.9
16.8
16.6
16.6
17
17.2
17
16.8
16.9
17.2
17.8
18
18.2
18.9
19.6
19.3
19.8
20.7
19.7
19
18.2
17.7
16.7
16.5
16.5
16.5
16.4
16.4
16.5
16.2
16.4
17.2
17.5
17.4
17.6
17.6
19.8
20.9
23.6
24.3
24.2
23.7
23.1
21.1
20.2
19.6
18.6
18.4
18.6
18.1
17.4
17
16.8
16.4
16.3
16.1
15.9
15.9
16.3
17.5
19.4
21.4
23.3
23.5
24.2
23.4
22.6
20.6
19.2
18.6
18.4
18.1
17.9
17.7
17.6
17.3
17
17.1
17
16.9
16.3
16.1
16.1
16.6
17.1
17.7
19.2
19.6
19.9
20.1
20.3
19.5
17.9
16.9
16.5
16.1
16
16.3
16.7
16.3
16.3
16.6
16.7
16.6
17
17.4
18
18.2
19.1
20.2
22.4
22.1
21.9
21.3
20.3
19.3
18
16.9
16.3
16.4
16.8
16.8
16.6
16.5
16.4
16
15.5
15.3
15.2
15.1
14.6
16.3
17.3
18
21.8
21.6
22.4
22.8
20.3
19.8
20.1
19.6
18.3
17.3
16.3
15.9
15.8
15.6
15.4
14.7
14.7
15.1
14.6
14.5
14.8
15.4
17.8
19.5
21
22.9
23
22.4
20.8
20.1
19.9
18.8
19.1
19.1
18.9
17.9
17.4
16.7
15.8
15.5
15.3
15.3
15.3
15.1
15.2
15.3
16.4
17.1
17.4
16.8
16.9
16.4
15.8
15.4
15.2
15.2
15.1
15.2
15.1
15.1
15.1
15.1
15
14.9
14.9
15.1
15.2
15.3
15.5
14.6
14.4
14.2
13.5
14.1
14.8
14.5
14.1
14.4
14.4
13.5
13.5
13.1
13.3
13
12.8
12.7
13.1
12.9
12.9
12.9
13.3
13
13.2
13.6
15.1
15.6
17.7
15.8
15.1
15.1
14.8
14.1
13.1
12.3
11.9
11.8
14
14.5
13.2
12.9
12.9
11.6
11.4
11.4
11.2
11.1
10.6
10
9.6
9.4
10.7
11.9
12.9
14.3
13.5
11.4
11.2
10.8
10.4
10.9
10.6
10.5
10.7
10.4
10.1
9.3
9.2
9.1
9.8
10.2
10.6
11.5
12.5
13.4
13.8
15.1
16.2
16.8
15.1
14.1
13.2
12.9
13.1
13.1
12.9
12.9
NaN
12.9
12.6
12.4
12.4
12.3
12.5
12.2
11.8
12.2
12.9
13.9
14.4
15.4
15.5
15
14.1
13.8
13.6
13.3
13.2
13
12.9
13.2
13.1
13.2
13
13.1
12.9
12.5
12.5
12
12.2
13.5
15.1
16.6
18.4
20.2
20.6
20.6
18.4
17.3
16.6
16.4
15.8
15.2
14.6
13.8
13.3
12.7
12.8
12.4
12.2
12.2
12.3
11.8
11.3
12.1
13.1
14.8
16.3
18.8
19
19.1
16.1
13.2
12.8
12.6
12.4
11.3
10.6
10.6
10.8
11.1
10.4
11.1
10.8
10.2
10.2
10.4
10.4
11.4
12.7
13.7
15.5
16.1
18.1
19.3
15.4
12.8
12.6
12.8
11.7
11
10.3
10.4
10.6
10.6
10
9.2
8.7
9
8.4
8
8.5
9.9
11.8
13.7
15.8
16.9
17.7
18.9
15.4
12.7
12.3
12.3
12
11.4
11.2
11.4
10.8
10.6
10.3
9.8
9.3
9.3
8.9
8.6
8.8
9.8
12.3
14.9
16.4
17.5
18.7
18.9
16.4
13.8
12.9
12.4
11.8
11.2
11.2
11
10.9
11
11.6
12.1
12.2
13.3
12.6
12.9
12.2
12.7
15.1
17
19.1
19.6
21
20.8
17.4
14.6
13.7
13.4
12.9
13.5
13.4
13.3
12.9
12.4
12.9
13.3
13.3
13.6
13.6
13.6
13.3
14
15.6
17.6
18.8
18.6
19.2
18.1
16.9
15.8
14.6
14.2
13.5
13.5
13.6
13.1
13.4
14.4
13.8
13.3
12.8
12.6
12.4
13.2
13.3
13.4
15.1
17.5
18.8
20.4
20.8
20.4
17.1
14.3
13.8
13.4
12.7
12
11.6
11.2
10.9
11.2
12
12.4
12.2
11.9
11.2
11.6
11.2
11.8
14
16.1
18.4
19.9
20.1
20.1
16.8
15
14.6
15
14.4
14.1
13.8
13.8
14.4
14.3
14.3
14.3
14.2
14.3
13.7
13.2
12.7
12.8
13.3
13.5
13.3
13.4
13.3
13.3
13.6
13.8
13.6
13.6
13.6
14.4
14.8
14.6
14.2
13.1
12.7
12.5
12.4
12.8
13.1
12.8
12.8
13.2
13.9
14.2
13.9
14.2
14.7
14.7
14.7
14.6
13.5
13.2
13.4
13.3
13.5
13.4
13.2
13.4
14
13.6
12.7
13.6
13.6
13.4
13.3
13.6
15.2
17.3
18.9
20.7
21.5
22.1
18.2
15.4
14.9
14.1
13.4
13.2
13.1
13.2
13.3
12.7
12.9
13.9
13.6
12.5
13.7
13.6
13.4
13.9
15.6
17.2
19.3
20.4
20.6
20.4
16.9
14.3
13.3
13.3
12.4
11.8
12
12
11.5
10.7
10.4
10.2
10.2
10.2
11.3
11.4
11.3
12.1
14.1
15.9
18.1
18.8
19.8
19.4
15.5
13.1
12.9
12.7
11.7
11.4
10.4
10
9.6
9.5
10.1
10.3
9.7
10.5
10.3
10
10.1
10.1
12.9
15
16.9
18.5
19.3
19.1
14.1
12
11.4
10.9
10.3
10
10
10.7
11.3
11.4
10.8
10.2
10.7
9.8
9.5
9.4
9.5
9.5
12.2
14.8
16.5
17.2
17.9
18.4
14.4
12.8
12.1
11.6
11.8
11.8
12.5
11.4
11.7
12.3
12.3
11.3
11.6
12.2
12.7
13
13.2
13.2
14.3
15.7
16
17.5
17.9
18.3
15.8
13
11.9
11.6
11.2
11.2
10.8
10.6
10.4
11
10.9
11.9
10.8
11.2
10.4
10.9
11.8
12.6
14.6
16.5
18.4
19.5
19.9
19.9
16.1
13.7
13.1
12.3
11.8
11.6
11.6
11.7
12.3
12.6
12.2
12.1
11.9
12
12.7
13.9
14.4
14.8
16.1
18.1
19.7
20.3
21.7
21.7
17.1
14.8
14.2
13.4
13
13
14.2
14.8
14.6
14
13.2
14
14.4
14.2
13.5
13.2
13.1
14.3
16.7
18.7
20.6
20.4
22
22.4
18
15.5
14.3
13.3
12.7
13.8
14.6
14.8
14.8
15.2
14.9
14.9
14.3
13.6
13.2
14
14.9
14.7
16.4
18.6
20.2
20.8
22.4
21.7
17.5
15
14.4
13.6
12.7
12.2
12.2
11.9
11.6
12.8
14.3
14.4
14.8
14.5
14.6
14.7
14.4
14.5
16.3
18.4
19.9
20.5
20.9
21.2
16.9
14.4
13.9
12.9
12.5
12.1
12
11.6
12.1
13.3
14.8
13.8
11.9
11.9
14.4
15.8
15.8
16.3
18.6
20.6
20.9
20.9
19.8
20.2
16.8
14.6
14.3
12.9
13.1
12.3
12.5
12.1
11.6
10.9
10.9
11.2
12.6
12.1
11.3
11.9
13.3
13.9
15
17.1
19.3
19.7
19.7
19.6
15.8
13.3
12.8
12.1
11.4
11.4
11.2
11.4
12.3
12.5
12.2
13.4
14.3
14.4
14.3
13.9
13.7
14.5
16.4
18.7
20.3
20.1
21.2
21.9
17.2
14.4
13.8
13
12.4
12.3
12.5
13.1
13.8
13.1
13.7
13.9
13.7
13.6
13.5
13.1
12.6
13
14.7
17.1
18.8
20.1
20.4
18.5
15.1
13.7
12.6
12.4
12.1
12.1
12
11.9
11.6
11.4
11.4
11.6
11.7
11.6
11.7
11.2
11.3
11.7
12.2
12.6
12.7
12.8
13.2
13.1
12.7
12.1
11.5
11.7
11.9
11.7
11.4
10
9.3
8.9
9
8.4
8.5
8.2
8.4
8.5
8.2
9.3
10.2
11.2
11.9
13.2
13.5
13.2
12.4
10.8
9.5
9.3
9.1
9.1
8.8
8.4
8
7.8
8.1
8.4
8.4
8
7.9
7.7
7.3
8.8
11.1
13.5
15.3
15.8
15.9
15.9
13.3
11.4
10.3
9.9
9.9
10.1
11.1
10.9
9.7
9
9
8.3
8.1
7.8
7.8
7.7
7.8
8.5
9.8
11.7
12.8
13
14.5
14.2
12.7
12
11.6
11.4
11.4
11.5
11.5
11.6
11.6
11.6
11.5
11.6
11.7
11.8
11.7
11.5
10.6
10.4
11.8
13.2
14.8
16.4
15.3
13.6
12.9
12.5
12.3
12.3
12.2
11.9
11.9
11.9
12
12.1
12.2
12.2
11.9
11.7
11.6
11.4
11
10.9
11.2
11.8
12.2
15.5
15.6
14.9
13.3
12.7
12.1
12.1
12.2
12.2
12.2
12.2
12
11.9
11.9
11.7
11.2
11.4
11.6
11.4
11.4
11.4
11.9
12.1
12.3
12.5
13.1
14.5
14.3
14.2
14.3
13.8
13.4
12.8
12.8
12.8
NaN
11.8
11.8
11.9
11.9
11.7
11.9
11.9
11.8
11.2
11.1
12.1
13.2
13.3
13.1
12.7
12.1
11.8
11.2
10.3
10.3
8.9
8.4
8.2
8
7.7
7.2
7
7.3
6.7
6.6
6.3
6.2
6.9
7.6
10.3
12.5
13.7
13.5
11.3
9.9
8.7
7.8
8.4
8
7.5
7.4
7
7.3
8
8.9
8.8
7.7
8
8.2
8
7.6
5.9
5.5
5.9
7.5
8.8
10.3
10.9
8.5
7.6
6.5
5.6
6
5.8
5.6
NaN
NaN
6
5.8
5.7
5.4
5.7
4.5
4.1
4.1
3.8
5.6
7.7
8.7
10.3
11
10.5
7.3
6.1
6.2
6.1
6.1
6.5
6
4.7
4.3
4.4
4.7
5.2
4.6
5.2
4.9
3.7
4.3
4.7
5.3
6.4
7
6.7
7
6.8
6.4
5.9
4.4
4
3.8
3.9
3.2
3.3
4
4.3
4.8
4.7
4.6
4.6
4.7
4.7
5.1
5.7
6.9
10.3
11.3
11.7
11.3
11.2
9.7
7
8.4
11.9
11.9
11.6
11.3
11.4
11.3
11.3
10.9
10.6
10.2
10
9.8
9.6
9.3
9.3
9.9
10.9
11.7
12.6
13.9
12.6
9.2
8.1
7.7
6.7
6.5
7
6.6
6.2
5.3
4.5
3.9
3.5
3.8
4.3
3.9
3.2
2.9
3.7
5.6
7.1
8.1
7.7
7.9
8.1
7
5.3
5
5.1
5.5
6.3
6.7
7.2
7
6.8
6.8
5.5
5.5
5.8
6.7
5.2
5.7
6.8
6.9
8.3
9.8
11.3
12.2
11.3
8
6.7
6.5
6
5.8
5.6
5.3
4.8
4.7
